-5.0000 -0.1562 0.0114 0.0049 -0.0956 0.9050 0.1650
-4.7500 -0.1274 0.0111 0.0047 -0.0957 0.9001 0.1826
-4.5000 -0.1001 0.0109 0.0045 -0.0955 0.8939 0.2051
-4.2500 -0.0727 0.0106 0.0043 -0.0954 0.8876 0.2275
-4.0000 -0.0440 0.0104 0.0042 -0.0954 0.8819 0.2480
-3.7500 -0.0177 0.0102 0.0040 -0.0950 0.8737 0.2648
-3.5000 0.0114 0.0100 0.0039 -0.0950 0.8677 0.2845
-3.2500 0.0384 0.0098 0.0038 -0.0948 0.8604 0.3036
-3.0000 0.0664 0.0097 0.0036 -0.0946 0.8531 0.3220
-2.7500 0.0951 0.0095 0.0035 -0.0946 0.8459 0.3410
-2.5000 0.1220 0.0094 0.0034 -0.0943 0.8366 0.3594
-2.2500 0.1507 0.0093 0.0033 -0.0942 0.8290 0.3789
-2.0000 0.1778 0.0092 0.0032 -0.0939 0.8199 0.3984
-1.7500 0.2068 0.0091 0.0031 -0.0940 0.8129 0.4197
-1.5000 0.2345 0.0090 0.0030 -0.0938 0.8044 0.4418
-1.2500 0.2623 0.0089 0.0030 -0.0936 0.7959 0.4639
-1.0000 0.2888 0.0088 0.0030 -0.0932 0.7857 0.4864
-0.7500 0.3168 0.0087 0.0030 -0.0931 0.7768 0.5127
-0.5000 0.3436 0.0086 0.0030 -0.0927 0.7664 0.5397
-0.2500 0.3709 0.0086 0.0030 -0.0924 0.7566 0.5676
0.0000 0.3980 0.0085 0.0030 -0.0921 0.7465 0.5968
0.2500 0.4247 0.0084 0.0030 -0.0917 0.7357 0.6284
0.5000 0.4513 0.0084 0.0030 -0.0912 0.7254 0.6618
0.7500 0.4773 0.0083 0.0030 -0.0906 0.7136 0.6990
1.0000 0.5027 0.0083 0.0031 -0.0899 0.7020 0.7400
1.2500 0.5275 0.0082 0.0031 -0.0889 0.6908 0.7874
1.5000 0.5507 0.0081 0.0032 -0.0875 0.6777 0.8399
1.7500 0.5744 0.0081 0.0033 -0.0860 0.6653 0.8951
2.0000 0.6054 0.0082 0.0034 -0.0863 0.6533 0.9416
2.2500 0.6442 0.0083 0.0035 -0.0884 0.6394 0.9728
2.5000 0.6869 0.0085 0.0036 -0.0915 0.6246 0.9906
2.7500 0.7293 0.0086 0.0036 -0.0946 0.6098 1.0000
3.0000 0.7510 0.0088 0.0037 -0.0934 0.5958 1.0000
3.2500 0.7727 0.0089 0.0038 -0.0921 0.5819 1.0000
3.5000 0.7945 0.0090 0.0038 -0.0908 0.5671 1.0000
3.7500 0.8163 0.0092 0.0039 -0.0895 0.5518 1.0000
4.0000 0.8384 0.0094 0.0040 -0.0883 0.5360 1.0000
4.2500 0.8609 0.0096 0.0042 -0.0872 0.5211 1.0000
4.5000 0.8836 0.0098 0.0043 -0.0862 0.5049 1.0000
4.7500 0.9061 0.0100 0.0045 -0.0851 0.4883 1.0000
5.0000 0.9287 0.0103 0.0047 -0.0840 0.4722 1.0000
