-5.0000 -0.1427 0.0127 0.0059 -0.0902 0.7716 0.3009
-4.7500 -0.1161 0.0126 0.0058 -0.0899 0.7644 0.3081
-4.5000 -0.0918 0.0125 0.0057 -0.0891 0.7562 0.3152
-4.2500 -0.0651 0.0124 0.0056 -0.0888 0.7493 0.3232
-4.0000 -0.0387 0.0123 0.0055 -0.0884 0.7421 0.3308
-3.7500 -0.0145 0.0122 0.0054 -0.0877 0.7342 0.3382
-3.5000 0.0135 0.0122 0.0053 -0.0876 0.7272 0.3460
-3.2500 0.0382 0.0121 0.0053 -0.0869 0.7197 0.3531
-3.0000 0.0640 0.0120 0.0052 -0.0864 0.7117 0.3611
-2.7500 0.0918 0.0120 0.0051 -0.0863 0.7042 0.3689
-2.5000 0.1150 0.0119 0.0051 -0.0853 0.6954 0.3774
-2.2500 0.1414 0.0119 0.0050 -0.0849 0.6873 0.3862
-2.0000 0.1662 0.0118 0.0050 -0.0842 0.6793 0.3954
-1.7500 0.1916 0.0118 0.0050 -0.0836 0.6714 0.4042
-1.5000 0.2182 0.0118 0.0049 -0.0833 0.6637 0.4140
-1.2500 0.2418 0.0118 0.0049 -0.0823 0.6549 0.4223
-1.0000 0.2681 0.0118 0.0049 -0.0819 0.6473 0.4316
-0.7500 0.2921 0.0118 0.0049 -0.0811 0.6391 0.4406
-0.5000 0.3185 0.0118 0.0049 -0.0807 0.6318 0.4499
-0.2500 0.3417 0.0118 0.0049 -0.0797 0.6228 0.4600
0.0000 0.3671 0.0118 0.0049 -0.0791 0.6145 0.4697
0.2500 0.3894 0.0118 0.0049 -0.0779 0.6052 0.4798
0.5000 0.4144 0.0119 0.0050 -0.0773 0.5972 0.4913
0.7500 0.4368 0.0118 0.0050 -0.0762 0.5886 0.5019
1.0000 0.4602 0.0119 0.0050 -0.0752 0.5801 0.5130
1.2500 0.4830 0.0119 0.0051 -0.0741 0.5716 0.5240
1.5000 0.5052 0.0120 0.0052 -0.0730 0.5627 0.5354
1.7500 0.5278 0.0120 0.0052 -0.0719 0.5546 0.5462
2.0000 0.5490 0.0121 0.0053 -0.0705 0.5458 0.5579
2.2500 0.5705 0.0122 0.0054 -0.0692 0.5377 0.5708
2.5000 0.5896 0.0122 0.0055 -0.0675 0.5296 0.5832
2.7500 0.6094 0.0123 0.0056 -0.0659 0.5213 0.5967
3.0000 0.6301 0.0124 0.0057 -0.0645 0.5134 0.6115
3.2500 0.6505 0.0125 0.0059 -0.0630 0.5050 0.6269
3.5000 0.6718 0.0126 0.0060 -0.0618 0.4968 0.6431
3.7500 0.6934 0.0128 0.0062 -0.0606 0.4889 0.6605
4.0000 0.7141 0.0129 0.0064 -0.0593 0.4808 0.6789
4.2500 0.7352 0.0131 0.0066 -0.0581 0.4732 0.6987
4.5000 0.7564 0.0132 0.0069 -0.0569 0.4656 0.7208
4.7500 0.7766 0.0134 0.0071 -0.0556 0.4578 0.7448
5.0000 0.7968 0.0136 0.0074 -0.0542 0.4507 0.7687
