-5.0000 -0.0502 0.0426 0.0356 -0.1124 0.8504 0.1223
-4.7500 -0.0118 0.0391 0.0316 -0.1155 0.8449 0.1242
-4.5000 0.0363 0.0369 0.0293 -0.1193 0.8420 0.1284
-4.2500 0.0695 0.0350 0.0270 -0.1204 0.8341 0.1327
-4.0000 0.1027 0.0331 0.0248 -0.1215 0.8262 0.1371
-3.7500 0.1514 0.0311 0.0225 -0.1248 0.8234 0.1458
-3.5000 0.1838 0.0301 0.0215 -0.1253 0.8152 0.1547
-3.2500 0.2162 0.0292 0.0204 -0.1258 0.8069 0.1635
-3.0000 0.2636 0.0278 0.0188 -0.1285 0.8039 0.1775
-2.7500 0.2848 0.0274 0.0184 -0.1271 0.7910 0.1873
-2.5000 0.3304 0.0261 0.0170 -0.1295 0.7869 0.2034
-2.2500 0.3537 0.0257 0.0166 -0.1284 0.7745 0.2152
-2.0000 0.3968 0.0246 0.0154 -0.1303 0.7693 0.2328
-1.7500 0.4206 0.0243 0.0150 -0.1293 0.7570 0.2471
-1.5000 0.4622 0.0233 0.0140 -0.1311 0.7510 0.2674
-1.2500 0.4854 0.0230 0.0138 -0.1300 0.7383 0.2846
-1.0000 0.5249 0.0221 0.0128 -0.1314 0.7314 0.3110
-0.7500 0.5455 0.0218 0.0127 -0.1300 0.7185 0.3346
-0.5000 0.5819 0.0209 0.0120 -0.1309 0.7114 0.3771
-0.2500 0.6016 0.0206 0.0122 -0.1295 0.6992 0.4501
0.0000 0.6505 0.0190 0.0117 -0.1312 0.6919 1.0000
0.2500 0.6713 0.0193 0.0119 -0.1299 0.6804 1.0000
0.5000 0.7043 0.0193 0.0116 -0.1305 0.6723 1.0000
0.7500 0.7263 0.0198 0.0119 -0.1295 0.6625 1.0000
1.0000 0.7538 0.0200 0.0119 -0.1293 0.6541 1.0000
1.2500 0.7851 0.0202 0.0119 -0.1298 0.6473 1.0000
1.5000 0.8036 0.0207 0.0124 -0.1283 0.6381 1.0000
1.7500 0.8349 0.0209 0.0125 -0.1288 0.6316 1.0000
2.0000 0.8593 0.0214 0.0128 -0.1283 0.6244 1.0000
2.2500 0.8806 0.0219 0.0133 -0.1272 0.6161 1.0000
2.5000 0.9134 0.0220 0.0132 -0.1279 0.6102 1.0000
2.7500 0.9334 0.0226 0.0139 -0.1268 0.6030 1.0000
3.0000 0.9554 0.0232 0.0144 -0.1259 0.5961 1.0000
3.2500 0.9862 0.0234 0.0145 -0.1264 0.5910 1.0000
3.5000 1.0102 0.0240 0.0151 -0.1259 0.5852 1.0000
3.7500 1.0274 0.0248 0.0158 -0.1244 0.5782 1.0000
4.0000 1.0557 0.0251 0.0161 -0.1245 0.5730 1.0000
4.2500 1.0910 0.0254 0.0163 -0.1257 0.5689 1.0000
4.5000 1.0984 0.0265 0.0176 -0.1229 0.5619 1.0000
4.7500 1.1213 0.0271 0.0181 -0.1222 0.5561 1.0000
5.0000 1.1534 0.0274 0.0183 -0.1229 0.5517 1.0000
