-5.0000 -0.4882 0.0125 0.0062 -0.0164 0.9366 0.3657
-4.7500 -0.4529 0.0121 0.0060 -0.0178 0.9309 0.3849
-4.5000 -0.4230 0.0119 0.0057 -0.0180 0.9228 0.4029
-4.2500 -0.3945 0.0116 0.0055 -0.0179 0.9137 0.4207
-4.0000 -0.3657 0.0114 0.0053 -0.0178 0.9052 0.4398
-3.7500 -0.3390 0.0111 0.0051 -0.0172 0.8944 0.4566
-3.5000 -0.3132 0.0109 0.0049 -0.0165 0.8825 0.4730
-3.2500 -0.2868 0.0107 0.0047 -0.0158 0.8703 0.4893
-3.0000 -0.2608 0.0105 0.0046 -0.0151 0.8566 0.5045
-2.7500 -0.2348 0.0103 0.0044 -0.0143 0.8422 0.5202
-2.5000 -0.2088 0.0102 0.0043 -0.0136 0.8272 0.5366
-2.2500 -0.1832 0.0101 0.0042 -0.0128 0.8117 0.5535
-2.0000 -0.1569 0.0100 0.0041 -0.0122 0.7980 0.5702
-1.7500 -0.1312 0.0099 0.0040 -0.0115 0.7828 0.5883
-1.5000 -0.1053 0.0099 0.0040 -0.0108 0.7681 0.6057
-1.2500 -0.0793 0.0098 0.0039 -0.0101 0.7526 0.6229
-1.0000 -0.0534 0.0098 0.0039 -0.0094 0.7367 0.6397
-0.7500 -0.0278 0.0097 0.0038 -0.0087 0.7194 0.6574
-0.5000 -0.0020 0.0097 0.0038 -0.0079 0.7026 0.6752
-0.2500 0.0237 0.0097 0.0038 -0.0072 0.6857 0.6927
0.0000 0.0495 0.0097 0.0038 -0.0065 0.6692 0.7098
0.2500 0.0754 0.0097 0.0038 -0.0058 0.6530 0.7269
0.5000 0.1013 0.0097 0.0038 -0.0051 0.6369 0.7438
0.7500 0.1272 0.0098 0.0039 -0.0044 0.6207 0.7606
1.0000 0.1531 0.0098 0.0040 -0.0037 0.6055 0.7772
1.2500 0.1791 0.0099 0.0040 -0.0030 0.5892 0.7940
1.5000 0.2048 0.0100 0.0041 -0.0023 0.5735 0.8108
1.7500 0.2306 0.0101 0.0042 -0.0015 0.5575 0.8271
2.0000 0.2564 0.0102 0.0043 -0.0008 0.5417 0.8427
2.2500 0.2819 0.0104 0.0044 -0.0000 0.5255 0.8577
2.5000 0.3076 0.0106 0.0046 0.0008 0.5096 0.8714
2.7500 0.3328 0.0107 0.0047 0.0016 0.4929 0.8855
3.0000 0.3589 0.0109 0.0049 0.0023 0.4768 0.8976
3.2500 0.3849 0.0111 0.0050 0.0030 0.4612 0.9093
3.5000 0.4119 0.0114 0.0052 0.0034 0.4461 0.9199
3.7500 0.4420 0.0117 0.0054 0.0032 0.4294 0.9289
4.0000 0.4732 0.0120 0.0057 0.0027 0.4135 0.9371
4.2500 0.5032 0.0123 0.0059 0.0024 0.3987 0.9461
4.5000 0.5418 0.0126 0.0062 0.0003 0.3820 0.9504
4.7500 0.5762 0.0129 0.0064 -0.0011 0.3663 0.9574
5.0000 0.6145 0.0132 0.0066 -0.0034 0.3508 0.9619
