-5.0000 -0.3515 0.0281 0.0190 -0.0612 0.9566 0.1522
-4.7500 -0.3058 0.0275 0.0184 -0.0649 0.9512 0.1665
-4.5000 -0.2761 0.0270 0.0179 -0.0656 0.9408 0.1796
-4.2500 -0.2307 0.0265 0.0174 -0.0691 0.9350 0.1974
-4.0000 -0.2008 0.0261 0.0170 -0.0698 0.9247 0.2130
-3.7500 -0.1568 0.0256 0.0165 -0.0729 0.9185 0.2347
-3.5000 -0.1268 0.0252 0.0162 -0.0735 0.9087 0.2530
-3.2500 -0.0848 0.0247 0.0158 -0.0762 0.9026 0.2774
-3.0000 -0.0544 0.0244 0.0155 -0.0768 0.8927 0.3008
-2.7500 -0.0110 0.0238 0.0151 -0.0795 0.8865 0.3323
-2.5000 0.0194 0.0233 0.0148 -0.0799 0.8760 0.3628
-2.2500 0.0636 0.0226 0.0143 -0.0826 0.8702 0.4070
-2.0000 0.0929 0.0222 0.0141 -0.0828 0.8603 0.4500
-1.7500 0.1315 0.0215 0.0138 -0.0842 0.8540 0.5172
-1.5000 0.1717 0.0206 0.0134 -0.0854 0.8502 0.6187
-1.2500 0.1882 0.0203 0.0135 -0.0822 0.8373 0.7223
-1.0000 0.2254 0.0197 0.0132 -0.0812 0.8331 0.8495
-0.7500 0.2801 0.0197 0.0132 -0.0850 0.8235 0.9454
-0.5000 0.3842 0.0191 0.0125 -0.0988 0.8199 0.9953
-0.2500 0.4312 0.0185 0.0117 -0.1020 0.8136 1.0000
0.0000 0.4431 0.0186 0.0117 -0.0994 0.7988 1.0000
0.2500 0.4662 0.0185 0.0115 -0.0985 0.7881 1.0000
0.5000 0.4932 0.0184 0.0113 -0.0981 0.7782 1.0000
0.7500 0.5140 0.0186 0.0113 -0.0968 0.7669 1.0000
1.0000 0.5433 0.0185 0.0111 -0.0967 0.7579 1.0000
1.2500 0.5644 0.0186 0.0112 -0.0954 0.7463 1.0000
1.5000 0.5953 0.0185 0.0109 -0.0954 0.7370 1.0000
1.7500 0.6158 0.0187 0.0111 -0.0939 0.7248 1.0000
2.0000 0.6474 0.0186 0.0109 -0.0941 0.7160 1.0000
2.2500 0.6671 0.0189 0.0112 -0.0926 0.7039 1.0000
2.5000 0.6994 0.0188 0.0110 -0.0928 0.6955 1.0000
2.7500 0.7183 0.0193 0.0114 -0.0913 0.6837 1.0000
3.0000 0.7499 0.0193 0.0113 -0.0915 0.6756 1.0000
3.2500 0.7693 0.0198 0.0118 -0.0901 0.6646 1.0000
3.5000 0.8007 0.0198 0.0117 -0.0903 0.6561 1.0000
3.7500 0.8206 0.0202 0.0122 -0.0889 0.6443 1.0000
4.0000 0.8532 0.0202 0.0120 -0.0892 0.6356 1.0000
4.2500 0.8727 0.0206 0.0125 -0.0877 0.6239 1.0000
4.5000 0.8989 0.0209 0.0127 -0.0872 0.6141 1.0000
4.7500 0.9263 0.0210 0.0129 -0.0868 0.6041 1.0000
5.0000 0.9481 0.0214 0.0133 -0.0857 0.5929 1.0000
