-5.0000 -0.3298 0.0284 0.0192 -0.0654 0.9399 0.1809
-4.7500 -0.3013 0.0280 0.0187 -0.0659 0.9294 0.1936
-4.5000 -0.2578 0.0275 0.0183 -0.0690 0.9237 0.2101
-4.2500 -0.2272 0.0271 0.0179 -0.0697 0.9137 0.2253
-4.0000 -0.1895 0.0266 0.0175 -0.0716 0.9063 0.2432
-3.7500 -0.1539 0.0261 0.0171 -0.0731 0.8981 0.2619
-3.5000 -0.1198 0.0257 0.0167 -0.0744 0.8898 0.2821
-3.2500 -0.0815 0.0252 0.0163 -0.0762 0.8823 0.3046
-3.0000 -0.0455 0.0248 0.0159 -0.0776 0.8744 0.3311
-2.7500 -0.0094 0.0243 0.0156 -0.0791 0.8666 0.3576
-2.5000 0.0389 0.0235 0.0150 -0.0825 0.8633 0.3945
-2.2500 0.0613 0.0232 0.0149 -0.0814 0.8508 0.4244
-2.0000 0.1068 0.0223 0.0143 -0.0839 0.8469 0.4728
-1.7500 0.1293 0.0220 0.0143 -0.0826 0.8347 0.5200
-1.5000 0.1688 0.0212 0.0138 -0.0836 0.8302 0.5954
-1.2500 0.1882 0.0209 0.0139 -0.0813 0.8185 0.6720
-1.0000 0.2207 0.0204 0.0136 -0.0802 0.8133 0.7719
-0.7500 0.2443 0.0204 0.0138 -0.0777 0.8032 0.8570
-0.5000 0.3043 0.0201 0.0135 -0.0818 0.7976 0.9319
-0.2500 0.3907 0.0196 0.0128 -0.0915 0.7940 0.9719
0.0000 0.4748 0.0193 0.0124 -0.1023 0.7836 0.9974
0.2500 0.5100 0.0188 0.0118 -0.1037 0.7760 1.0000
0.5000 0.5196 0.0190 0.0119 -0.1010 0.7626 1.0000
0.7500 0.5432 0.0189 0.0117 -0.1001 0.7534 1.0000
1.0000 0.5631 0.0190 0.0117 -0.0987 0.7422 1.0000
1.2500 0.5840 0.0191 0.0117 -0.0973 0.7316 1.0000
1.5000 0.6094 0.0190 0.0115 -0.0966 0.7216 1.0000
1.7500 0.6290 0.0193 0.0117 -0.0951 0.7106 1.0000
2.0000 0.6576 0.0192 0.0115 -0.0948 0.7019 1.0000
2.2500 0.6759 0.0196 0.0118 -0.0931 0.6912 1.0000
2.5000 0.7040 0.0196 0.0118 -0.0929 0.6825 1.0000
2.7500 0.7232 0.0200 0.0121 -0.0913 0.6719 1.0000
3.0000 0.7517 0.0200 0.0120 -0.0910 0.6628 1.0000
3.2500 0.7728 0.0204 0.0124 -0.0898 0.6528 1.0000
3.5000 0.7982 0.0206 0.0126 -0.0891 0.6437 1.0000
3.7500 0.8241 0.0209 0.0128 -0.0886 0.6351 1.0000
4.0000 0.8454 0.0212 0.0132 -0.0874 0.6246 1.0000
4.2500 0.8751 0.0213 0.0132 -0.0874 0.6159 1.0000
4.5000 0.8946 0.0217 0.0136 -0.0858 0.6046 1.0000
4.7500 0.9242 0.0218 0.0136 -0.0858 0.5956 1.0000
5.0000 0.9440 0.0222 0.0141 -0.0843 0.5846 1.0000
