-5.0000 -0.3550 0.0344 0.0253 -0.0544 0.7916 0.3365
-4.7500 -0.3284 0.0340 0.0248 -0.0542 0.7841 0.3466
-4.5000 -0.2822 0.0332 0.0241 -0.0568 0.7812 0.3574
-4.2500 -0.2324 0.0322 0.0232 -0.0600 0.7793 0.3700
-4.0000 -0.2134 0.0321 0.0231 -0.0585 0.7703 0.3799
-3.7500 -0.1944 0.0321 0.0231 -0.0570 0.7613 0.3898
-3.5000 -0.1754 0.0320 0.0230 -0.0555 0.7523 0.3997
-3.2500 -0.1424 0.0315 0.0225 -0.0561 0.7464 0.4125
-3.0000 -0.0931 0.0306 0.0216 -0.0591 0.7439 0.4278
-2.7500 -0.0430 0.0296 0.0207 -0.0621 0.7417 0.4439
-2.5000 -0.0199 0.0295 0.0207 -0.0611 0.7339 0.4567
-2.2500 0.0031 0.0295 0.0207 -0.0602 0.7261 0.4696
-2.0000 0.0526 0.0286 0.0198 -0.0631 0.7239 0.4879
-1.7500 0.0552 0.0292 0.0205 -0.0591 0.7119 0.4982
-1.5000 0.1026 0.0284 0.0197 -0.0616 0.7091 0.5178
-1.2500 0.1266 0.0284 0.0198 -0.0608 0.7021 0.5348
-1.0000 0.1506 0.0283 0.0198 -0.0600 0.6951 0.5518
-0.7500 0.1940 0.0277 0.0192 -0.0619 0.6914 0.5745
-0.5000 0.2255 0.0274 0.0190 -0.0619 0.6851 0.5963
-0.2500 0.2570 0.0271 0.0188 -0.0620 0.6788 0.6182
0.0000 0.2584 0.0278 0.0196 -0.0577 0.6683 0.6371
0.2500 0.3053 0.0271 0.0190 -0.0599 0.6652 0.6642
0.5000 0.3004 0.0282 0.0202 -0.0547 0.6548 0.6853
0.7500 0.3449 0.0276 0.0197 -0.0563 0.6514 0.7143
1.0000 0.3388 0.0287 0.0209 -0.0508 0.6413 0.7371
1.2500 0.3812 0.0282 0.0205 -0.0518 0.6373 0.7657
1.5000 0.3943 0.0287 0.0211 -0.0488 0.6299 0.7910
1.7500 0.4075 0.0292 0.0217 -0.0458 0.6224 0.8163
2.0000 0.4609 0.0287 0.0211 -0.0484 0.6191 0.8418
2.2500 0.4376 0.0305 0.0231 -0.0405 0.6080 0.8664
2.5000 0.4900 0.0302 0.0228 -0.0435 0.6036 0.8892
2.7500 0.5726 0.0296 0.0219 -0.0514 0.6002 0.9060
3.0000 0.5726 0.0313 0.0238 -0.0478 0.5891 0.9290
3.2500 0.6623 0.0308 0.0232 -0.0577 0.5836 0.9392
3.5000 0.7597 0.0301 0.0223 -0.0693 0.5793 0.9468
3.7500 0.7762 0.0319 0.0242 -0.0694 0.5685 0.9644
4.0000 0.8555 0.0313 0.0235 -0.0784 0.5624 0.9734
4.2500 0.9205 0.0314 0.0235 -0.0856 0.5552 0.9843
4.5000 0.9692 0.0320 0.0241 -0.0909 0.5453 0.9969
4.7500 1.0151 0.0315 0.0235 -0.0944 0.5397 1.0000
5.0000 1.0124 0.0319 0.0239 -0.0901 0.5341 1.0000
