-5.0000 -0.3523 0.0348 0.0258 -0.0538 0.7849 0.3449
-4.7500 -0.3065 0.0339 0.0249 -0.0564 0.7825 0.3558
-4.5000 -0.2579 0.0331 0.0240 -0.0595 0.7807 0.3680
-4.2500 -0.2422 0.0330 0.0240 -0.0575 0.7712 0.3759
-4.0000 -0.2265 0.0330 0.0240 -0.0556 0.7618 0.3837
-3.7500 -0.1764 0.0320 0.0231 -0.0588 0.7600 0.3962
-3.5000 -0.1475 0.0316 0.0227 -0.0588 0.7531 0.4079
-3.2500 -0.1185 0.0313 0.0223 -0.0587 0.7462 0.4195
-3.0000 -0.0896 0.0309 0.0219 -0.0587 0.7393 0.4312
-2.7500 -0.0372 0.0299 0.0210 -0.0620 0.7375 0.4466
-2.5000 -0.0227 0.0301 0.0212 -0.0599 0.7284 0.4577
-2.2500 -0.0083 0.0302 0.0214 -0.0577 0.7192 0.4688
-2.0000 0.0418 0.0294 0.0206 -0.0607 0.7171 0.4844
-1.7500 0.0561 0.0296 0.0209 -0.0585 0.7082 0.4969
-1.5000 0.0703 0.0298 0.0212 -0.0563 0.6993 0.5094
-1.2500 0.1212 0.0289 0.0203 -0.0593 0.6969 0.5285
-1.0000 0.1333 0.0293 0.0207 -0.0568 0.6883 0.5439
-0.7500 0.1455 0.0297 0.0212 -0.0543 0.6796 0.5594
-0.5000 0.1964 0.0288 0.0204 -0.0572 0.6769 0.5836
-0.2500 0.2109 0.0291 0.0208 -0.0548 0.6685 0.6022
0.0000 0.2255 0.0294 0.0212 -0.0525 0.6601 0.6208
0.2500 0.2741 0.0286 0.0204 -0.0549 0.6571 0.6487
0.5000 0.3259 0.0278 0.0198 -0.0578 0.6546 0.6761
0.7500 0.2908 0.0298 0.0219 -0.0484 0.6407 0.6910
1.0000 0.3385 0.0291 0.0212 -0.0504 0.6376 0.7206
1.2500 0.3928 0.0283 0.0205 -0.0534 0.6350 0.7487
1.5000 0.3533 0.0304 0.0228 -0.0433 0.6217 0.7670
1.7500 0.3999 0.0299 0.0222 -0.0449 0.6185 0.7952
2.0000 0.4531 0.0293 0.0216 -0.0474 0.6160 0.8235
2.2500 0.4007 0.0319 0.0245 -0.0355 0.6030 0.8456
2.5000 0.4644 0.0311 0.0236 -0.0395 0.6001 0.8709
2.7500 0.5464 0.0301 0.0225 -0.0468 0.5974 0.8899
3.0000 0.5205 0.0322 0.0248 -0.0391 0.5856 0.9162
3.2500 0.6213 0.0314 0.0238 -0.0502 0.5820 0.9265
3.5000 0.6707 0.0322 0.0246 -0.0545 0.5749 0.9412
3.7500 0.7313 0.0325 0.0249 -0.0607 0.5677 0.9542
4.0000 0.8346 0.0315 0.0236 -0.0732 0.5631 0.9584
4.2500 0.8615 0.0328 0.0250 -0.0748 0.5529 0.9747
4.5000 0.9537 0.0318 0.0238 -0.0858 0.5473 0.9817
4.7500 1.0017 0.0319 0.0239 -0.0904 0.5394 0.9909
5.0000 1.0498 0.0321 0.0240 -0.0950 0.5316 1.0000
