-5.0000 0.0682 0.0186 0.0106 -0.1158 0.8244 0.1065
-4.7500 0.0938 0.0182 0.0101 -0.1150 0.8139 0.1119
-4.5000 0.1232 0.0177 0.0096 -0.1150 0.8050 0.1171
-4.2500 0.1495 0.0173 0.0091 -0.1144 0.7940 0.1232
-4.0000 0.1787 0.0169 0.0087 -0.1142 0.7840 0.1301
-3.7500 0.2043 0.0166 0.0084 -0.1136 0.7721 0.1363
-3.5000 0.2334 0.0163 0.0080 -0.1135 0.7617 0.1437
-3.2500 0.2586 0.0161 0.0078 -0.1127 0.7488 0.1511
-3.0000 0.2879 0.0158 0.0075 -0.1127 0.7381 0.1589
-2.7500 0.3122 0.0156 0.0073 -0.1118 0.7240 0.1671
-2.5000 0.3396 0.0154 0.0070 -0.1114 0.7115 0.1769
-2.2500 0.3659 0.0152 0.0068 -0.1108 0.6980 0.1871
-2.0000 0.3908 0.0150 0.0066 -0.1101 0.6832 0.1975
-1.7500 0.4168 0.0148 0.0064 -0.1095 0.6691 0.2094
-1.5000 0.4427 0.0147 0.0062 -0.1089 0.6547 0.2228
-1.2500 0.4668 0.0145 0.0060 -0.1080 0.6386 0.2377
-1.0000 0.4914 0.0143 0.0059 -0.1073 0.6239 0.2560
-0.7500 0.5163 0.0142 0.0057 -0.1066 0.6103 0.2809
-0.5000 0.5386 0.0138 0.0056 -0.1057 0.5955 0.3393
-0.2500 0.5529 0.0129 0.0059 -0.1029 0.5825 0.6694
0.0000 0.5707 0.0127 0.0061 -0.0996 0.5707 0.8410
0.2500 0.6149 0.0129 0.0063 -0.1019 0.5563 0.9477
0.5000 0.6703 0.0132 0.0064 -0.1073 0.5417 0.9873
0.7500 0.7188 0.0135 0.0065 -0.1117 0.5293 1.0000
1.0000 0.7378 0.0137 0.0065 -0.1101 0.5198 1.0000
1.2500 0.7579 0.0139 0.0066 -0.1087 0.5111 1.0000
1.5000 0.7783 0.0141 0.0067 -0.1073 0.5028 1.0000
1.7500 0.8009 0.0143 0.0068 -0.1064 0.4960 1.0000
2.0000 0.8223 0.0146 0.0070 -0.1052 0.4890 1.0000
2.2500 0.8458 0.0148 0.0071 -0.1044 0.4830 1.0000
2.5000 0.8704 0.0151 0.0073 -0.1038 0.4773 1.0000
2.7500 0.8929 0.0154 0.0075 -0.1028 0.4711 1.0000
3.0000 0.9172 0.0156 0.0077 -0.1022 0.4656 1.0000
3.2500 0.9437 0.0160 0.0079 -0.1021 0.4608 1.0000
3.5000 0.9667 0.0162 0.0082 -0.1012 0.4557 1.0000
3.7500 0.9916 0.0165 0.0084 -0.1008 0.4510 1.0000
4.0000 1.0185 0.0169 0.0086 -0.1007 0.4470 1.0000
4.2500 1.0449 0.0172 0.0090 -0.1006 0.4432 1.0000
4.5000 1.0684 0.0175 0.0093 -0.0999 0.4390 1.0000
4.7500 1.0936 0.0178 0.0096 -0.0995 0.4351 1.0000
5.0000 1.1203 0.0182 0.0099 -0.0995 0.4315 1.0000
