-5.0000 0.0720 0.0184 0.0102 -0.1147 0.8089 0.1222
-4.7500 0.0967 0.0180 0.0099 -0.1139 0.7975 0.1271
-4.5000 0.1262 0.0176 0.0094 -0.1138 0.7886 0.1333
-4.2500 0.1525 0.0173 0.0091 -0.1132 0.7775 0.1394
-4.0000 0.1796 0.0169 0.0087 -0.1128 0.7669 0.1460
-3.7500 0.2090 0.0167 0.0084 -0.1127 0.7572 0.1539
-3.5000 0.2339 0.0164 0.0081 -0.1120 0.7449 0.1609
-3.2500 0.2607 0.0162 0.0078 -0.1114 0.7331 0.1690
-3.0000 0.2874 0.0159 0.0075 -0.1110 0.7215 0.1768
-2.7500 0.3144 0.0157 0.0072 -0.1105 0.7094 0.1857
-2.5000 0.3395 0.0155 0.0071 -0.1098 0.6959 0.1949
-2.2500 0.3649 0.0153 0.0069 -0.1091 0.6826 0.2045
-2.0000 0.3910 0.0151 0.0066 -0.1085 0.6696 0.2159
-1.7500 0.4169 0.0150 0.0065 -0.1079 0.6560 0.2292
-1.5000 0.4409 0.0149 0.0064 -0.1071 0.6415 0.2439
-1.2500 0.4653 0.0147 0.0062 -0.1063 0.6275 0.2615
-1.0000 0.4896 0.0145 0.0060 -0.1055 0.6141 0.2843
-0.7500 0.5118 0.0141 0.0059 -0.1045 0.5997 0.3297
-0.5000 0.5276 0.0134 0.0060 -0.1023 0.5861 0.5953
-0.2500 0.5455 0.0131 0.0062 -0.0996 0.5738 0.7427
0.0000 0.5654 0.0131 0.0064 -0.0969 0.5616 0.8412
0.2500 0.5968 0.0133 0.0066 -0.0967 0.5491 0.9145
0.5000 0.6423 0.0136 0.0068 -0.0998 0.5374 0.9572
0.7500 0.6928 0.0139 0.0069 -0.1043 0.5250 0.9819
1.0000 0.7509 0.0142 0.0071 -0.1105 0.5136 0.9974
1.2500 0.7760 0.0144 0.0071 -0.1103 0.5051 1.0000
1.5000 0.7953 0.0146 0.0072 -0.1089 0.4984 1.0000
1.7500 0.8130 0.0148 0.0073 -0.1071 0.4913 1.0000
2.0000 0.8332 0.0150 0.0075 -0.1057 0.4852 1.0000
2.2500 0.8568 0.0154 0.0076 -0.1050 0.4797 1.0000
2.5000 0.8763 0.0156 0.0078 -0.1035 0.4743 1.0000
2.7500 0.8979 0.0158 0.0080 -0.1024 0.4690 1.0000
3.0000 0.9218 0.0161 0.0082 -0.1017 0.4643 1.0000
3.2500 0.9488 0.0165 0.0084 -0.1017 0.4598 1.0000
3.5000 0.9696 0.0167 0.0087 -0.1004 0.4552 1.0000
3.7500 0.9924 0.0170 0.0089 -0.0996 0.4504 1.0000
4.0000 1.0169 0.0173 0.0092 -0.0990 0.4460 1.0000
4.2500 1.0446 0.0176 0.0094 -0.0991 0.4419 1.0000
4.5000 1.0685 0.0180 0.0098 -0.0986 0.4380 1.0000
4.7500 1.0910 0.0183 0.0101 -0.0977 0.4341 1.0000
5.0000 1.1149 0.0186 0.0105 -0.0972 0.4302 1.0000
