-5.0000 -0.0108 0.0134 0.0063 -0.1163 0.8525 0.1371
-4.7500 0.0191 0.0131 0.0060 -0.1165 0.8460 0.1476
-4.5000 0.0449 0.0129 0.0058 -0.1160 0.8371 0.1569
-4.2500 0.0736 0.0127 0.0055 -0.1159 0.8295 0.1670
-4.0000 0.1013 0.0125 0.0053 -0.1157 0.8209 0.1773
-3.7500 0.1283 0.0123 0.0052 -0.1154 0.8114 0.1881
-3.5000 0.1563 0.0121 0.0050 -0.1152 0.8028 0.2001
-3.2500 0.1831 0.0119 0.0048 -0.1149 0.7930 0.2130
-3.0000 0.2117 0.0118 0.0046 -0.1149 0.7846 0.2277
-2.7500 0.2382 0.0116 0.0046 -0.1145 0.7740 0.2441
-2.5000 0.2665 0.0115 0.0044 -0.1144 0.7647 0.2615
-2.2500 0.2930 0.0114 0.0043 -0.1140 0.7532 0.2786
-2.0000 0.3204 0.0113 0.0042 -0.1137 0.7429 0.2970
-1.7500 0.3472 0.0112 0.0041 -0.1134 0.7317 0.3167
-1.5000 0.3741 0.0111 0.0041 -0.1131 0.7211 0.3385
-1.2500 0.4006 0.0110 0.0040 -0.1128 0.7101 0.3659
-1.0000 0.4271 0.0109 0.0040 -0.1124 0.6991 0.3933
-0.7500 0.4536 0.0107 0.0039 -0.1121 0.6887 0.4370
-0.5000 0.4781 0.0105 0.0040 -0.1114 0.6770 0.5077
-0.2500 0.5020 0.0103 0.0040 -0.1104 0.6664 0.5973
0.0000 0.5259 0.0101 0.0041 -0.1094 0.6559 0.6869
0.2500 0.5488 0.0100 0.0042 -0.1080 0.6466 0.7708
0.5000 0.5705 0.0099 0.0043 -0.1060 0.6369 0.8544
0.7500 0.6012 0.0100 0.0044 -0.1060 0.6280 0.9244
1.0000 0.6445 0.0101 0.0045 -0.1089 0.6177 0.9707
1.2500 0.6957 0.0103 0.0046 -0.1138 0.6073 0.9945
1.5000 0.7284 0.0104 0.0046 -0.1149 0.5977 1.0000
1.7500 0.7505 0.0106 0.0046 -0.1138 0.5893 1.0000
2.0000 0.7729 0.0107 0.0047 -0.1128 0.5809 1.0000
2.2500 0.7964 0.0109 0.0048 -0.1119 0.5735 1.0000
2.5000 0.8196 0.0110 0.0049 -0.1110 0.5659 1.0000
2.7500 0.8447 0.0112 0.0050 -0.1104 0.5592 1.0000
3.0000 0.8680 0.0114 0.0051 -0.1095 0.5514 1.0000
3.2500 0.8925 0.0115 0.0052 -0.1089 0.5441 1.0000
3.5000 0.9175 0.0118 0.0054 -0.1083 0.5374 1.0000
3.7500 0.9420 0.0119 0.0056 -0.1077 0.5307 1.0000
4.0000 0.9681 0.0121 0.0057 -0.1073 0.5246 1.0000
4.2500 0.9923 0.0123 0.0059 -0.1067 0.5176 1.0000
4.5000 1.0167 0.0125 0.0060 -0.1060 0.5104 1.0000
4.7500 1.0421 0.0128 0.0062 -0.1056 0.5039 1.0000
5.0000 1.0657 0.0129 0.0065 -0.1048 0.4968 1.0000
