-5.0000 -0.3157 0.0384 0.0294 -0.0834 0.8523 0.2788
-4.7500 -0.3160 0.0386 0.0298 -0.0794 0.8417 0.2841
-4.5000 -0.2842 0.0385 0.0296 -0.0803 0.8357 0.2959
-4.2500 -0.2426 0.0383 0.0295 -0.0825 0.8318 0.3074
-4.0000 -0.1979 0.0380 0.0291 -0.0853 0.8287 0.3212
-3.7500 -0.2036 0.0385 0.0298 -0.0807 0.8158 0.3264
-3.5000 -0.1658 0.0383 0.0294 -0.0824 0.8111 0.3401
-3.2500 -0.1219 0.0380 0.0293 -0.0847 0.8079 0.3527
-3.0000 -0.1046 0.0382 0.0295 -0.0834 0.7990 0.3626
-2.7500 -0.0873 0.0385 0.0298 -0.0822 0.7901 0.3724
-2.5000 -0.0446 0.0381 0.0293 -0.0843 0.7863 0.3870
-2.2500 0.0027 0.0376 0.0288 -0.0870 0.7837 0.4039
-2.0000 -0.0052 0.0386 0.0299 -0.0824 0.7690 0.4097
-1.7500 0.0335 0.0383 0.0296 -0.0839 0.7647 0.4259
-1.5000 0.0758 0.0379 0.0293 -0.0856 0.7619 0.4412
-1.2500 0.1203 0.0373 0.0287 -0.0878 0.7598 0.4582
-1.0000 0.1330 0.0379 0.0294 -0.0860 0.7501 0.4701
-0.7500 0.1456 0.0385 0.0300 -0.0842 0.7404 0.4821
-0.5000 0.1912 0.0378 0.0293 -0.0863 0.7382 0.5011
-0.2500 0.2180 0.0378 0.0294 -0.0860 0.7316 0.5180
0.0000 0.2448 0.0378 0.0295 -0.0857 0.7251 0.5349
0.2500 0.2716 0.0378 0.0295 -0.0855 0.7186 0.5518
0.5000 0.2984 0.0378 0.0296 -0.0852 0.7120 0.5687
0.7500 0.3154 0.0383 0.0302 -0.0838 0.7029 0.5879
1.0000 0.3324 0.0388 0.0307 -0.0824 0.6938 0.6071
1.2500 0.3493 0.0393 0.0313 -0.0811 0.6847 0.6263
1.5000 0.3663 0.0398 0.0319 -0.0797 0.6756 0.6455
1.7500 0.4049 0.0389 0.0311 -0.0802 0.6724 0.6734
2.0000 0.4473 0.0377 0.0300 -0.0810 0.6705 0.7063
2.2500 0.4882 0.0363 0.0289 -0.0812 0.6689 0.7423
2.5000 0.5310 0.0348 0.0275 -0.0815 0.6677 0.7884
2.7500 0.5738 0.0333 0.0261 -0.0818 0.6665 0.8345
3.0000 0.6166 0.0318 0.0247 -0.0821 0.6653 0.8806
3.2500 0.6594 0.0303 0.0233 -0.0824 0.6641 0.9267
3.5000 0.7022 0.0288 0.0219 -0.0827 0.6629 0.9728
3.7500 0.7450 0.0273 0.0205 -0.0830 0.6617 1.0189
4.0000 0.7878 0.0258 0.0191 -0.0833 0.6605 1.0650
4.2500 0.8306 0.0243 0.0177 -0.0836 0.6593 1.1111
4.5000 0.8734 0.0228 0.0163 -0.0839 0.6581 1.1572
4.7500 0.9162 0.0213 0.0149 -0.0842 0.6569 1.2033
5.0000 0.9590 0.0198 0.0135 -0.0845 0.6557 1.2494
