-5.0000 -0.0112 0.0531 0.0479 -0.0913 0.8635 0.1318
-4.7500 0.0259 0.0495 0.0440 -0.0944 0.8566 0.1503
-4.5000 0.0630 0.0459 0.0401 -0.0975 0.8497 0.1688
-4.2500 0.0893 0.0433 0.0375 -0.0979 0.8405 0.1996
-4.0000 0.1157 0.0408 0.0348 -0.0983 0.8314 0.2304
-3.7500 0.1420 0.0382 0.0322 -0.0987 0.8222 0.2612
-3.5000 0.1681 0.0362 0.0301 -0.0983 0.8114 0.2787
-3.2500 0.1942 0.0342 0.0280 -0.0979 0.8005 0.2962
-3.0000 0.2264 0.0319 0.0255 -0.0984 0.7904 0.2993
-2.7500 0.2680 0.0297 0.0229 -0.1000 0.7814 0.2823
-2.5000 0.3246 0.0291 0.0209 -0.0995 0.7687 0.1403
-2.2500 0.3558 0.0278 0.0192 -0.0987 0.7553 0.1343
-2.0000 0.3869 0.0265 0.0176 -0.0979 0.7420 0.1283
-1.7500 0.4172 0.0254 0.0163 -0.0973 0.7276 0.1293
-1.5000 0.4479 0.0245 0.0152 -0.0968 0.7126 0.1328
-1.2500 0.4747 0.0238 0.0143 -0.0960 0.6952 0.1406
-1.0000 0.5032 0.0232 0.0135 -0.0951 0.6772 0.1446
-0.7500 0.5300 0.0225 0.0127 -0.0940 0.6573 0.1464
-0.5000 0.5571 0.0217 0.0118 -0.0932 0.6369 0.1505
-0.2500 0.5820 0.0214 0.0113 -0.0918 0.6135 0.1559
0.0000 0.6061 0.0208 0.0107 -0.0905 0.5898 0.1629
0.2500 0.6282 0.0204 0.0103 -0.0889 0.5642 0.1730
0.5000 0.6496 0.0202 0.0099 -0.0873 0.5384 0.1882
0.7500 0.6717 0.0200 0.0096 -0.0859 0.5136 0.2029
1.0000 0.6950 0.0200 0.0094 -0.0849 0.4911 0.2300
1.2500 0.7396 0.0185 0.0099 -0.0871 0.4683 1.0000
1.5000 0.7626 0.0190 0.0100 -0.0859 0.4528 1.0000
1.7500 0.7860 0.0195 0.0102 -0.0849 0.4396 1.0000
2.0000 0.8099 0.0200 0.0104 -0.0841 0.4284 1.0000
2.2500 0.8352 0.0205 0.0107 -0.0836 0.4192 1.0000
2.5000 0.8597 0.0210 0.0110 -0.0830 0.4108 1.0000
2.7500 0.8849 0.0215 0.0114 -0.0825 0.4038 1.0000
3.0000 0.9108 0.0221 0.0118 -0.0822 0.3976 1.0000
3.2500 0.9368 0.0226 0.0123 -0.0820 0.3923 1.0000
3.5000 0.9618 0.0232 0.0128 -0.0816 0.3871 1.0000
3.7500 0.9902 0.0238 0.0132 -0.0818 0.3830 1.0000
4.0000 1.0137 0.0244 0.0138 -0.0812 0.3784 1.0000
4.2500 1.0383 0.0250 0.0144 -0.0808 0.3739 1.0000
4.5000 1.0669 0.0257 0.0148 -0.0811 0.3703 1.0000
4.7500 1.0889 0.0264 0.0156 -0.0803 0.3665 1.0000
5.0000 1.1124 0.0271 0.0163 -0.0798 0.3631 1.0000
