-5.0000 -0.3428 0.0118 0.0052 -0.0394 0.8025 0.3079
-4.7500 -0.3188 0.0116 0.0050 -0.0385 0.7909 0.3212
-4.5000 -0.2944 0.0114 0.0049 -0.0378 0.7800 0.3363
-4.2500 -0.2704 0.0112 0.0047 -0.0369 0.7679 0.3521
-4.0000 -0.2460 0.0110 0.0046 -0.0362 0.7561 0.3699
-3.7500 -0.2217 0.0109 0.0045 -0.0354 0.7439 0.3876
-3.5000 -0.1967 0.0108 0.0044 -0.0346 0.7317 0.4062
-3.2500 -0.1724 0.0107 0.0043 -0.0338 0.7192 0.4239
-3.0000 -0.1476 0.0106 0.0042 -0.0331 0.7067 0.4420
-2.7500 -0.1227 0.0105 0.0041 -0.0324 0.6946 0.4583
-2.5000 -0.0974 0.0105 0.0041 -0.0317 0.6824 0.4738
-2.2500 -0.0723 0.0104 0.0040 -0.0310 0.6692 0.4881
-2.0000 -0.0471 0.0104 0.0040 -0.0304 0.6561 0.5024
-1.7500 -0.0219 0.0103 0.0040 -0.0297 0.6431 0.5171
-1.5000 0.0034 0.0103 0.0039 -0.0290 0.6310 0.5320
-1.2500 0.0288 0.0103 0.0039 -0.0284 0.6189 0.5458
-1.0000 0.0541 0.0103 0.0039 -0.0277 0.6063 0.5594
-0.7500 0.0793 0.0103 0.0039 -0.0271 0.5935 0.5734
-0.5000 0.1046 0.0103 0.0039 -0.0264 0.5812 0.5874
-0.2500 0.1297 0.0104 0.0039 -0.0257 0.5690 0.6015
0.0000 0.1549 0.0104 0.0039 -0.0251 0.5569 0.6163
0.2500 0.1801 0.0104 0.0040 -0.0244 0.5454 0.6307
0.5000 0.2055 0.0105 0.0040 -0.0238 0.5344 0.6442
0.7500 0.2310 0.0105 0.0041 -0.0232 0.5240 0.6578
1.0000 0.2563 0.0106 0.0041 -0.0226 0.5140 0.6718
1.2500 0.2815 0.0106 0.0042 -0.0219 0.5033 0.6862
1.5000 0.3066 0.0107 0.0043 -0.0213 0.4931 0.7012
1.7500 0.3318 0.0107 0.0043 -0.0206 0.4833 0.7163
2.0000 0.3570 0.0108 0.0044 -0.0200 0.4739 0.7326
2.2500 0.3822 0.0109 0.0046 -0.0193 0.4655 0.7491
2.5000 0.4070 0.0110 0.0046 -0.0186 0.4572 0.7658
2.7500 0.4320 0.0111 0.0048 -0.0179 0.4482 0.7825
3.0000 0.4567 0.0112 0.0049 -0.0171 0.4400 0.7982
3.2500 0.4811 0.0113 0.0050 -0.0163 0.4321 0.8146
3.5000 0.5061 0.0114 0.0052 -0.0156 0.4247 0.8307
3.7500 0.5304 0.0116 0.0053 -0.0147 0.4179 0.8453
4.0000 0.5549 0.0117 0.0055 -0.0139 0.4107 0.8608
4.2500 0.5787 0.0119 0.0057 -0.0129 0.4042 0.8750
4.5000 0.6026 0.0121 0.0059 -0.0120 0.3968 0.8886
4.7500 0.6265 0.0123 0.0061 -0.0110 0.3903 0.9013
5.0000 0.6503 0.0125 0.0063 -0.0101 0.3840 0.9133
