-5.0000 0.1171 0.0135 0.0063 -0.1270 0.8310 0.0409
-4.7500 0.1441 0.0133 0.0060 -0.1266 0.8202 0.0435
-4.5000 0.1720 0.0131 0.0058 -0.1263 0.8101 0.0451
-4.2500 0.1992 0.0129 0.0055 -0.1259 0.7985 0.0471
-4.0000 0.2264 0.0127 0.0053 -0.1256 0.7872 0.0491
-3.7500 0.2545 0.0125 0.0050 -0.1254 0.7765 0.0519
-3.5000 0.2810 0.0124 0.0049 -0.1249 0.7634 0.0550
-3.2500 0.3083 0.0123 0.0048 -0.1246 0.7510 0.0609
-3.0000 0.3356 0.0122 0.0046 -0.1243 0.7383 0.0663
-2.7500 0.3620 0.0121 0.0044 -0.1238 0.7241 0.0715
-2.5000 0.3885 0.0120 0.0043 -0.1233 0.7092 0.0774
-2.2500 0.4148 0.0120 0.0042 -0.1228 0.6937 0.0841
-2.0000 0.4409 0.0119 0.0041 -0.1223 0.6778 0.0916
-1.7500 0.4669 0.0119 0.0040 -0.1217 0.6607 0.1001
-1.5000 0.4927 0.0119 0.0040 -0.1212 0.6437 0.1092
-1.2500 0.5183 0.0120 0.0040 -0.1206 0.6262 0.1190
-1.0000 0.5437 0.0121 0.0041 -0.1201 0.6081 0.1348
-0.7500 0.5689 0.0122 0.0042 -0.1195 0.5898 0.1520
-0.5000 0.5937 0.0123 0.0042 -0.1188 0.5719 0.1663
-0.2500 0.6184 0.0124 0.0042 -0.1182 0.5537 0.1816
0.0000 0.6431 0.0125 0.0042 -0.1175 0.5372 0.1977
0.2500 0.6681 0.0125 0.0042 -0.1170 0.5225 0.2161
0.5000 0.6932 0.0125 0.0043 -0.1164 0.5097 0.2392
0.7500 0.7181 0.0125 0.0043 -0.1160 0.4974 0.2818
1.0000 0.7451 0.0118 0.0044 -0.1158 0.4873 0.6409
1.2500 0.7721 0.0112 0.0046 -0.1155 0.4772 1.0000
1.5000 0.7976 0.0115 0.0047 -0.1150 0.4689 1.0000
1.7500 0.8229 0.0117 0.0049 -0.1145 0.4615 1.0000
2.0000 0.8483 0.0120 0.0050 -0.1141 0.4551 1.0000
2.2500 0.8743 0.0121 0.0052 -0.1137 0.4492 1.0000
2.5000 0.9000 0.0124 0.0053 -0.1133 0.4434 1.0000
2.7500 0.9258 0.0127 0.0055 -0.1130 0.4382 1.0000
3.0000 0.9521 0.0129 0.0057 -0.1128 0.4338 1.0000
3.2500 0.9782 0.0131 0.0059 -0.1125 0.4295 1.0000
3.5000 1.0042 0.0133 0.0060 -0.1122 0.4254 1.0000
3.7500 1.0304 0.0136 0.0063 -0.1120 0.4216 1.0000
4.0000 1.0577 0.0140 0.0065 -0.1120 0.4178 1.0000
4.2500 1.0836 0.0142 0.0067 -0.1117 0.4147 1.0000
4.5000 1.1093 0.0144 0.0070 -0.1114 0.4112 1.0000
4.7500 1.1350 0.0147 0.0072 -0.1112 0.4076 1.0000
5.0000 1.1609 0.0149 0.0075 -0.1109 0.4042 1.0000
