-5.0000 0.1272 0.0143 0.0067 -0.1240 0.7785 0.0797
-4.7500 0.1527 0.0140 0.0065 -0.1233 0.7675 0.0829
-4.5000 0.1808 0.0139 0.0062 -0.1231 0.7576 0.0868
-4.2500 0.2065 0.0137 0.0060 -0.1225 0.7460 0.0911
-4.0000 0.2342 0.0136 0.0058 -0.1222 0.7350 0.0971
-3.7500 0.2600 0.0135 0.0057 -0.1217 0.7226 0.1037
-3.5000 0.2870 0.0134 0.0056 -0.1213 0.7109 0.1106
-3.2500 0.3129 0.0133 0.0056 -0.1208 0.6978 0.1180
-3.0000 0.3394 0.0133 0.0054 -0.1203 0.6855 0.1256
-2.7500 0.3653 0.0132 0.0053 -0.1197 0.6716 0.1326
-2.5000 0.3907 0.0131 0.0052 -0.1191 0.6576 0.1397
-2.2500 0.4165 0.0131 0.0051 -0.1185 0.6433 0.1474
-2.0000 0.4415 0.0130 0.0050 -0.1178 0.6287 0.1555
-1.7500 0.4662 0.0130 0.0049 -0.1170 0.6127 0.1642
-1.5000 0.4912 0.0130 0.0049 -0.1163 0.5973 0.1736
-1.2500 0.5155 0.0130 0.0048 -0.1155 0.5824 0.1840
-1.0000 0.5396 0.0130 0.0048 -0.1147 0.5674 0.1954
-0.7500 0.5638 0.0131 0.0048 -0.1139 0.5520 0.2083
-0.5000 0.5881 0.0131 0.0048 -0.1132 0.5374 0.2229
-0.2500 0.6121 0.0131 0.0048 -0.1124 0.5239 0.2397
0.0000 0.6357 0.0132 0.0048 -0.1116 0.5114 0.2604
0.2500 0.6599 0.0130 0.0048 -0.1110 0.5000 0.2974
0.5000 0.6774 0.0122 0.0050 -0.1094 0.4908 0.6514
0.7500 0.6924 0.0118 0.0053 -0.1060 0.4821 0.8488
1.0000 0.7427 0.0121 0.0055 -0.1101 0.4727 0.9852
1.2500 0.7786 0.0123 0.0056 -0.1119 0.4646 1.0000
1.5000 0.8005 0.0125 0.0057 -0.1108 0.4584 1.0000
1.7500 0.8237 0.0127 0.0059 -0.1099 0.4528 1.0000
2.0000 0.8472 0.0129 0.0060 -0.1090 0.4473 1.0000
2.2500 0.8712 0.0131 0.0061 -0.1083 0.4424 1.0000
2.5000 0.8964 0.0134 0.0063 -0.1079 0.4381 1.0000
2.7500 0.9209 0.0136 0.0065 -0.1073 0.4339 1.0000
3.0000 0.9457 0.0138 0.0066 -0.1068 0.4299 1.0000
3.2500 0.9712 0.0141 0.0068 -0.1064 0.4263 1.0000
3.5000 0.9986 0.0144 0.0070 -0.1065 0.4226 1.0000
3.7500 1.0228 0.0146 0.0072 -0.1059 0.4190 1.0000
4.0000 1.0473 0.0148 0.0075 -0.1053 0.4152 1.0000
4.2500 1.0722 0.0151 0.0077 -0.1049 0.4116 1.0000
4.5000 1.0985 0.0154 0.0079 -0.1048 0.4085 1.0000
4.7500 1.1276 0.0158 0.0082 -0.1052 0.4054 1.0000
5.0000 1.1507 0.0160 0.0085 -0.1045 0.4026 1.0000
