-5.0000 -0.0132 0.0176 0.0094 -0.0911 0.7515 0.2495
-4.7500 0.0113 0.0174 0.0091 -0.0903 0.7412 0.2581
-4.5000 0.0358 0.0171 0.0088 -0.0896 0.7310 0.2667
-4.2500 0.0610 0.0168 0.0085 -0.0889 0.7213 0.2773
-4.0000 0.0838 0.0165 0.0083 -0.0879 0.7106 0.2882
-3.7500 0.1081 0.0162 0.0080 -0.0871 0.7011 0.3005
-3.5000 0.1301 0.0160 0.0078 -0.0859 0.6902 0.3152
-3.2500 0.1520 0.0157 0.0077 -0.0847 0.6797 0.3330
-3.0000 0.1738 0.0154 0.0075 -0.0835 0.6693 0.3585
-2.7500 0.1941 0.0152 0.0074 -0.0820 0.6583 0.3961
-2.5000 0.2148 0.0150 0.0074 -0.0805 0.6477 0.4453
-2.2500 0.2353 0.0149 0.0074 -0.0789 0.6366 0.4923
-2.0000 0.2565 0.0148 0.0074 -0.0774 0.6256 0.5306
-1.7500 0.2792 0.0148 0.0075 -0.0762 0.6151 0.5605
-1.5000 0.3020 0.0148 0.0075 -0.0750 0.6045 0.5904
-1.2500 0.3253 0.0149 0.0075 -0.0738 0.5941 0.6136
-1.0000 0.3490 0.0150 0.0076 -0.0728 0.5841 0.6348
-0.7500 0.3723 0.0150 0.0077 -0.0717 0.5741 0.6553
-0.5000 0.3959 0.0151 0.0078 -0.0707 0.5646 0.6751
-0.2500 0.4201 0.0152 0.0079 -0.0698 0.5557 0.6947
0.0000 0.4436 0.0154 0.0080 -0.0688 0.5467 0.7136
0.2500 0.4687 0.0155 0.0080 -0.0680 0.5386 0.7314
0.5000 0.4915 0.0156 0.0082 -0.0669 0.5298 0.7485
0.7500 0.5141 0.0157 0.0083 -0.0657 0.5213 0.7670
1.0000 0.5370 0.0159 0.0085 -0.0645 0.5136 0.7867
1.2500 0.5623 0.0161 0.0087 -0.0638 0.5072 0.8069
1.5000 0.5844 0.0163 0.0089 -0.0624 0.5003 0.8267
1.7500 0.6081 0.0165 0.0091 -0.0613 0.4942 0.8469
2.0000 0.6324 0.0167 0.0094 -0.0603 0.4883 0.8673
2.2500 0.6555 0.0170 0.0097 -0.0591 0.4825 0.8879
2.5000 0.6850 0.0173 0.0099 -0.0591 0.4776 0.9068
2.7500 0.7140 0.0177 0.0103 -0.0591 0.4716 0.9225
3.0000 0.7500 0.0180 0.0105 -0.0606 0.4664 0.9381
3.2500 0.7884 0.0185 0.0111 -0.0628 0.4602 0.9494
3.5000 0.8355 0.0189 0.0114 -0.0668 0.4554 0.9588
3.7500 0.8846 0.0193 0.0118 -0.0713 0.4498 0.9648
4.0000 0.9336 0.0197 0.0121 -0.0759 0.4453 0.9713
4.2500 0.9749 0.0201 0.0124 -0.0791 0.4398 0.9798
4.5000 1.0256 0.0204 0.0126 -0.0841 0.4352 0.9846
4.7500 1.0684 0.0208 0.0130 -0.0878 0.4299 0.9918
5.0000 1.1187 0.0211 0.0131 -0.0928 0.4259 0.9966
