-5.0000 -0.0259 0.0130 0.0062 -0.1147 0.7632 0.2868
-4.7500 -0.0025 0.0129 0.0061 -0.1138 0.7563 0.2932
-4.5000 0.0250 0.0129 0.0060 -0.1136 0.7502 0.3001
-4.2500 0.0527 0.0128 0.0059 -0.1136 0.7442 0.3071
-4.0000 0.0757 0.0127 0.0058 -0.1125 0.7366 0.3136
-3.7500 0.1019 0.0126 0.0057 -0.1121 0.7296 0.3202
-3.5000 0.1295 0.0125 0.0056 -0.1120 0.7229 0.3275
-3.2500 0.1523 0.0125 0.0055 -0.1109 0.7153 0.3343
-3.0000 0.1790 0.0124 0.0055 -0.1106 0.7083 0.3419
-2.7500 0.2056 0.0124 0.0054 -0.1103 0.7016 0.3494
-2.5000 0.2283 0.0123 0.0054 -0.1092 0.6943 0.3568
-2.2500 0.2553 0.0123 0.0053 -0.1089 0.6876 0.3646
-2.0000 0.2813 0.0122 0.0053 -0.1085 0.6812 0.3719
-1.7500 0.3047 0.0122 0.0053 -0.1075 0.6740 0.3797
-1.5000 0.3306 0.0122 0.0053 -0.1071 0.6671 0.3876
-1.2500 0.3569 0.0122 0.0052 -0.1067 0.6602 0.3964
-1.0000 0.3781 0.0122 0.0053 -0.1053 0.6518 0.4042
-0.7500 0.4043 0.0122 0.0052 -0.1049 0.6435 0.4133
-0.5000 0.4247 0.0122 0.0053 -0.1033 0.6351 0.4214
-0.2500 0.4481 0.0122 0.0052 -0.1023 0.6271 0.4305
0.0000 0.4737 0.0122 0.0053 -0.1019 0.6204 0.4392
0.2500 0.4946 0.0122 0.0053 -0.1004 0.6130 0.4483
0.5000 0.5178 0.0123 0.0053 -0.0995 0.6058 0.4577
0.7500 0.5424 0.0123 0.0054 -0.0988 0.5990 0.4672
1.0000 0.5608 0.0123 0.0055 -0.0969 0.5917 0.4766
1.2500 0.5828 0.0124 0.0055 -0.0957 0.5845 0.4862
1.5000 0.6040 0.0125 0.0056 -0.0943 0.5773 0.4968
1.7500 0.6222 0.0125 0.0057 -0.0924 0.5693 0.5070
2.0000 0.6452 0.0126 0.0057 -0.0915 0.5619 0.5183
2.2500 0.6651 0.0127 0.0059 -0.0900 0.5544 0.5298
2.5000 0.6871 0.0129 0.0061 -0.0889 0.5470 0.5424
2.7500 0.7103 0.0130 0.0062 -0.0881 0.5401 0.5562
3.0000 0.7307 0.0131 0.0064 -0.0867 0.5326 0.5701
3.2500 0.7533 0.0133 0.0066 -0.0858 0.5256 0.5844
3.5000 0.7745 0.0135 0.0068 -0.0847 0.5184 0.5993
3.7500 0.7957 0.0136 0.0070 -0.0835 0.5112 0.6148
4.0000 0.8173 0.0138 0.0072 -0.0825 0.5043 0.6315
4.2500 0.8370 0.0140 0.0075 -0.0811 0.4965 0.6491
4.5000 0.8577 0.0143 0.0077 -0.0800 0.4887 0.6685
4.7500 0.8760 0.0144 0.0080 -0.0784 0.4802 0.6900
5.0000 0.8939 0.0147 0.0083 -0.0768 0.4716 0.7137
