-5.0000 -0.6464 0.0213 0.0126 0.0082 1.0000 0.3153
-4.7500 -0.6280 0.0210 0.0123 0.0093 1.0000 0.3360
-4.5000 -0.6095 0.0207 0.0122 0.0104 1.0000 0.3568
-4.2500 -0.5806 0.0205 0.0121 0.0094 0.9969 0.3829
-4.0000 -0.5325 0.0204 0.0122 0.0050 0.9889 0.4183
-3.7500 -0.4912 0.0203 0.0122 0.0020 0.9788 0.4533
-3.5000 -0.4440 0.0203 0.0124 -0.0020 0.9707 0.4930
-3.2500 -0.4046 0.0202 0.0124 -0.0042 0.9597 0.5306
-3.0000 -0.3652 0.0200 0.0125 -0.0064 0.9488 0.5681
-2.7500 -0.3212 0.0199 0.0126 -0.0092 0.9394 0.6068
-2.5000 -0.2829 0.0198 0.0126 -0.0107 0.9288 0.6421
-2.2500 -0.2446 0.0198 0.0126 -0.0123 0.9182 0.6773
-2.0000 -0.2069 0.0197 0.0127 -0.0134 0.9074 0.7070
-1.7500 -0.1715 0.0197 0.0128 -0.0140 0.8964 0.7375
-1.5000 -0.1259 0.0196 0.0128 -0.0161 0.8888 0.7677
-1.2500 -0.0923 0.0196 0.0129 -0.0159 0.8764 0.7934
-1.0000 -0.0422 0.0195 0.0128 -0.0182 0.8700 0.8173
-0.7500 -0.0093 0.0195 0.0128 -0.0178 0.8559 0.8381
-0.5000 0.0289 0.0196 0.0129 -0.0183 0.8434 0.8575
-0.2500 0.0807 0.0195 0.0128 -0.0212 0.8353 0.8738
0.0000 0.1234 0.0196 0.0129 -0.0227 0.8204 0.8898
0.2500 0.1703 0.0196 0.0128 -0.0250 0.8059 0.9045
0.5000 0.2178 0.0195 0.0126 -0.0276 0.7918 0.9189
0.7500 0.2784 0.0193 0.0123 -0.0328 0.7763 0.9280
1.0000 0.3258 0.0192 0.0122 -0.0360 0.7582 0.9410
1.2500 0.3705 0.0192 0.0121 -0.0389 0.7396 0.9553
1.5000 0.4220 0.0190 0.0118 -0.0432 0.7203 0.9679
1.7500 0.4734 0.0188 0.0115 -0.0477 0.7007 0.9797
2.0000 0.5217 0.0186 0.0112 -0.0518 0.6816 0.9913
2.2500 0.5675 0.0184 0.0109 -0.0556 0.6625 1.0000
2.5000 0.5865 0.0183 0.0107 -0.0544 0.6456 1.0000
2.7500 0.6055 0.0183 0.0106 -0.0532 0.6285 1.0000
3.0000 0.6246 0.0183 0.0106 -0.0520 0.6118 1.0000
3.2500 0.6440 0.0184 0.0106 -0.0508 0.5954 1.0000
3.5000 0.6636 0.0185 0.0107 -0.0495 0.5797 1.0000
3.7500 0.6837 0.0186 0.0107 -0.0483 0.5649 1.0000
4.0000 0.7039 0.0187 0.0107 -0.0470 0.5502 1.0000
4.2500 0.7224 0.0189 0.0109 -0.0454 0.5343 1.0000
4.5000 0.7409 0.0191 0.0110 -0.0438 0.5184 1.0000
4.7500 0.7596 0.0193 0.0112 -0.0421 0.5027 1.0000
5.0000 0.7785 0.0196 0.0114 -0.0405 0.4876 1.0000
