-5.0000 -0.2061 0.0115 0.0053 -0.0871 0.9065 0.2435
-4.7500 -0.1796 0.0113 0.0051 -0.0868 0.9006 0.2566
-4.5000 -0.1489 0.0111 0.0048 -0.0872 0.8965 0.2711
-4.2500 -0.1225 0.0108 0.0047 -0.0867 0.8900 0.2860
-4.0000 -0.0941 0.0106 0.0045 -0.0867 0.8838 0.3022
-3.7500 -0.0658 0.0104 0.0043 -0.0866 0.8778 0.3181
-3.5000 -0.0383 0.0102 0.0042 -0.0863 0.8705 0.3351
-3.2500 -0.0087 0.0100 0.0040 -0.0864 0.8649 0.3511
-3.0000 0.0173 0.0099 0.0039 -0.0859 0.8565 0.3671
-2.7500 0.0469 0.0097 0.0038 -0.0861 0.8508 0.3839
-2.5000 0.0734 0.0096 0.0037 -0.0857 0.8430 0.3997
-2.2500 0.1021 0.0095 0.0036 -0.0856 0.8364 0.4162
-2.0000 0.1300 0.0094 0.0035 -0.0855 0.8292 0.4323
-1.7500 0.1575 0.0093 0.0035 -0.0852 0.8208 0.4493
-1.5000 0.1856 0.0092 0.0034 -0.0851 0.8126 0.4664
-1.2500 0.2128 0.0091 0.0034 -0.0847 0.8030 0.4839
-1.0000 0.2410 0.0090 0.0033 -0.0846 0.7945 0.5016
-0.7500 0.2682 0.0090 0.0033 -0.0843 0.7848 0.5201
-0.5000 0.2957 0.0089 0.0033 -0.0840 0.7744 0.5392
-0.2500 0.3231 0.0089 0.0032 -0.0836 0.7625 0.5574
0.0000 0.3496 0.0088 0.0032 -0.0832 0.7504 0.5750
0.2500 0.3771 0.0088 0.0032 -0.0829 0.7400 0.5933
0.5000 0.4040 0.0088 0.0032 -0.0825 0.7280 0.6122
0.7500 0.4305 0.0088 0.0032 -0.0820 0.7150 0.6304
1.0000 0.4569 0.0088 0.0032 -0.0815 0.7018 0.6501
1.2500 0.4829 0.0088 0.0033 -0.0809 0.6879 0.6714
1.5000 0.5087 0.0088 0.0033 -0.0803 0.6739 0.6935
1.7500 0.5340 0.0088 0.0034 -0.0795 0.6587 0.7155
2.0000 0.5585 0.0088 0.0034 -0.0786 0.6410 0.7406
2.2500 0.5823 0.0089 0.0035 -0.0775 0.6231 0.7700
2.5000 0.6056 0.0089 0.0036 -0.0763 0.6064 0.8035
2.7500 0.6282 0.0089 0.0037 -0.0749 0.5900 0.8407
3.0000 0.6501 0.0090 0.0039 -0.0732 0.5740 0.8821
3.2500 0.6747 0.0092 0.0040 -0.0721 0.5578 0.9247
3.5000 0.7079 0.0094 0.0042 -0.0730 0.5406 0.9575
3.7500 0.7468 0.0096 0.0043 -0.0753 0.5234 0.9775
4.0000 0.7869 0.0099 0.0045 -0.0780 0.5058 0.9917
4.2500 0.8261 0.0101 0.0047 -0.0806 0.4872 1.0000
4.5000 0.8428 0.0103 0.0048 -0.0784 0.4713 1.0000
4.7500 0.8598 0.0105 0.0049 -0.0762 0.4546 1.0000
5.0000 0.8777 0.0108 0.0051 -0.0743 0.4363 1.0000
