-5.0000 -0.1980 0.0120 0.0056 -0.0849 0.8405 0.3001
-4.7500 -0.1699 0.0119 0.0055 -0.0848 0.8347 0.3091
-4.5000 -0.1453 0.0117 0.0053 -0.0841 0.8270 0.3179
-4.2500 -0.1169 0.0116 0.0052 -0.0841 0.8205 0.3268
-4.0000 -0.0891 0.0115 0.0050 -0.0839 0.8141 0.3364
-3.7500 -0.0637 0.0113 0.0050 -0.0833 0.8063 0.3454
-3.5000 -0.0348 0.0112 0.0048 -0.0834 0.7992 0.3554
-3.2500 -0.0086 0.0111 0.0047 -0.0829 0.7908 0.3648
-3.0000 0.0182 0.0110 0.0046 -0.0825 0.7819 0.3748
-2.7500 0.0472 0.0109 0.0045 -0.0826 0.7742 0.3860
-2.5000 0.0717 0.0108 0.0044 -0.0818 0.7646 0.3962
-2.2500 0.0999 0.0107 0.0043 -0.0817 0.7562 0.4073
-2.0000 0.1263 0.0106 0.0043 -0.0812 0.7469 0.4180
-1.7500 0.1528 0.0106 0.0042 -0.0808 0.7375 0.4287
-1.5000 0.1790 0.0106 0.0042 -0.0804 0.7275 0.4391
-1.2500 0.2056 0.0105 0.0041 -0.0799 0.7170 0.4505
-1.0000 0.2316 0.0105 0.0041 -0.0794 0.7074 0.4613
-0.7500 0.2581 0.0104 0.0041 -0.0790 0.6973 0.4728
-0.5000 0.2841 0.0104 0.0041 -0.0785 0.6869 0.4857
-0.2500 0.3098 0.0104 0.0041 -0.0779 0.6759 0.4981
0.0000 0.3352 0.0104 0.0041 -0.0773 0.6649 0.5108
0.2500 0.3613 0.0105 0.0041 -0.0767 0.6541 0.5239
0.5000 0.3855 0.0105 0.0041 -0.0759 0.6411 0.5351
0.7500 0.4101 0.0105 0.0042 -0.0750 0.6286 0.5470
1.0000 0.4346 0.0106 0.0042 -0.0742 0.6164 0.5597
1.2500 0.4590 0.0106 0.0042 -0.0734 0.6045 0.5730
1.5000 0.4830 0.0107 0.0043 -0.0725 0.5921 0.5862
1.7500 0.5070 0.0108 0.0044 -0.0716 0.5806 0.5988
2.0000 0.5311 0.0109 0.0044 -0.0708 0.5700 0.6114
2.2500 0.5549 0.0109 0.0045 -0.0699 0.5586 0.6245
2.5000 0.5788 0.0110 0.0046 -0.0690 0.5480 0.6384
2.7500 0.6017 0.0111 0.0047 -0.0679 0.5371 0.6521
3.0000 0.6246 0.0112 0.0049 -0.0669 0.5258 0.6678
3.2500 0.6465 0.0113 0.0050 -0.0656 0.5144 0.6844
3.5000 0.6683 0.0114 0.0052 -0.0644 0.5038 0.7023
3.7500 0.6902 0.0115 0.0053 -0.0631 0.4932 0.7202
4.0000 0.7110 0.0116 0.0054 -0.0616 0.4826 0.7387
4.2500 0.7307 0.0118 0.0056 -0.0599 0.4729 0.7585
4.5000 0.7504 0.0118 0.0058 -0.0582 0.4628 0.7813
4.7500 0.7689 0.0120 0.0060 -0.0563 0.4526 0.8080
5.0000 0.7879 0.0121 0.0062 -0.0544 0.4420 0.8367
