-5.0000 -0.3972 0.0133 0.0063 -0.0342 0.9521 0.1775
-4.7500 -0.3560 0.0128 0.0060 -0.0370 0.9484 0.1999
-4.5000 -0.3168 0.0124 0.0056 -0.0394 0.9446 0.2240
-4.2500 -0.2914 0.0120 0.0053 -0.0388 0.9347 0.2477
-4.0000 -0.2590 0.0115 0.0050 -0.0397 0.9281 0.2785
-3.7500 -0.2285 0.0110 0.0047 -0.0401 0.9212 0.3146
-3.5000 -0.2022 0.0106 0.0045 -0.0396 0.9112 0.3597
-3.2500 -0.1761 0.0102 0.0043 -0.0391 0.9014 0.4127
-3.0000 -0.1496 0.0098 0.0041 -0.0385 0.8921 0.4677
-2.7500 -0.1243 0.0095 0.0039 -0.0377 0.8809 0.5138
-2.5000 -0.0986 0.0093 0.0038 -0.0369 0.8687 0.5512
-2.2500 -0.0734 0.0091 0.0037 -0.0360 0.8547 0.5831
-2.0000 -0.0477 0.0089 0.0036 -0.0351 0.8405 0.6135
-1.7500 -0.0217 0.0088 0.0035 -0.0343 0.8268 0.6443
-1.5000 0.0038 0.0087 0.0034 -0.0334 0.8119 0.6752
-1.2500 0.0294 0.0086 0.0034 -0.0325 0.7966 0.7060
-1.0000 0.0551 0.0085 0.0034 -0.0316 0.7810 0.7344
-0.7500 0.0808 0.0085 0.0034 -0.0307 0.7640 0.7595
-0.5000 0.1065 0.0085 0.0034 -0.0298 0.7463 0.7851
-0.2500 0.1322 0.0085 0.0034 -0.0288 0.7292 0.8104
0.0000 0.1578 0.0086 0.0034 -0.0279 0.7117 0.8346
0.2500 0.1838 0.0086 0.0034 -0.0270 0.6936 0.8561
0.5000 0.2095 0.0087 0.0035 -0.0260 0.6739 0.8766
0.7500 0.2358 0.0089 0.0036 -0.0252 0.6542 0.8959
1.0000 0.2633 0.0090 0.0037 -0.0246 0.6338 0.9136
1.2500 0.2928 0.0092 0.0038 -0.0244 0.6142 0.9285
1.5000 0.3248 0.0095 0.0039 -0.0249 0.5942 0.9412
1.7500 0.3599 0.0097 0.0041 -0.0261 0.5743 0.9526
2.0000 0.3958 0.0100 0.0042 -0.0275 0.5555 0.9636
2.2500 0.4411 0.0102 0.0043 -0.0311 0.5375 0.9678
2.5000 0.4828 0.0104 0.0044 -0.0340 0.5192 0.9738
2.7500 0.5195 0.0106 0.0046 -0.0359 0.5022 0.9816
3.0000 0.5628 0.0107 0.0046 -0.0393 0.4859 0.9856
3.2500 0.6038 0.0109 0.0047 -0.0422 0.4714 0.9906
3.5000 0.6432 0.0111 0.0048 -0.0448 0.4573 0.9959
3.7500 0.6812 0.0112 0.0049 -0.0471 0.4427 1.0000
4.0000 0.7027 0.0113 0.0050 -0.0461 0.4304 1.0000
4.2500 0.7237 0.0115 0.0051 -0.0450 0.4185 1.0000
4.5000 0.7447 0.0116 0.0052 -0.0438 0.4060 1.0000
4.7500 0.7657 0.0118 0.0053 -0.0426 0.3942 1.0000
5.0000 0.7865 0.0119 0.0054 -0.0413 0.3832 1.0000
