-5.0000 -0.3305 0.0135 0.0066 -0.0410 0.7893 0.3529
-4.7500 -0.3080 0.0133 0.0064 -0.0398 0.7775 0.3661
-4.5000 -0.2852 0.0131 0.0062 -0.0388 0.7656 0.3791
-4.2500 -0.2622 0.0130 0.0061 -0.0377 0.7537 0.3936
-4.0000 -0.2390 0.0129 0.0060 -0.0366 0.7417 0.4087
-3.7500 -0.2156 0.0127 0.0059 -0.0356 0.7304 0.4230
-3.5000 -0.1917 0.0126 0.0057 -0.0347 0.7193 0.4365
-3.2500 -0.1677 0.0126 0.0056 -0.0338 0.7079 0.4503
-3.0000 -0.1436 0.0125 0.0056 -0.0330 0.6964 0.4633
-2.7500 -0.1193 0.0124 0.0055 -0.0321 0.6850 0.4762
-2.5000 -0.0950 0.0124 0.0054 -0.0313 0.6732 0.4894
-2.2500 -0.0707 0.0123 0.0054 -0.0304 0.6616 0.5021
-2.0000 -0.0461 0.0123 0.0053 -0.0296 0.6503 0.5148
-1.7500 -0.0214 0.0123 0.0053 -0.0288 0.6394 0.5275
-1.5000 0.0031 0.0123 0.0053 -0.0280 0.6285 0.5409
-1.2500 0.0275 0.0123 0.0053 -0.0272 0.6172 0.5539
-1.0000 0.0519 0.0123 0.0053 -0.0264 0.6060 0.5670
-0.7500 0.0766 0.0123 0.0053 -0.0256 0.5952 0.5793
-0.5000 0.1014 0.0123 0.0053 -0.0249 0.5842 0.5906
-0.2500 0.1260 0.0123 0.0053 -0.0241 0.5731 0.6029
0.0000 0.1507 0.0123 0.0053 -0.0233 0.5624 0.6148
0.2500 0.1755 0.0124 0.0054 -0.0226 0.5521 0.6267
0.5000 0.2003 0.0124 0.0054 -0.0219 0.5424 0.6391
0.7500 0.2250 0.0125 0.0054 -0.0211 0.5329 0.6519
1.0000 0.2493 0.0125 0.0055 -0.0203 0.5227 0.6655
1.2500 0.2738 0.0126 0.0056 -0.0195 0.5134 0.6792
1.5000 0.2987 0.0127 0.0057 -0.0188 0.5051 0.6931
1.7500 0.3231 0.0127 0.0058 -0.0180 0.4964 0.7068
2.0000 0.3480 0.0128 0.0059 -0.0173 0.4883 0.7199
2.2500 0.3730 0.0129 0.0060 -0.0167 0.4805 0.7330
2.5000 0.3973 0.0130 0.0061 -0.0159 0.4725 0.7472
2.7500 0.4225 0.0131 0.0062 -0.0152 0.4656 0.7606
3.0000 0.4468 0.0132 0.0064 -0.0144 0.4583 0.7754
3.2500 0.4710 0.0134 0.0065 -0.0136 0.4510 0.7905
3.5000 0.4954 0.0135 0.0067 -0.0128 0.4440 0.8043
3.7500 0.5187 0.0136 0.0069 -0.0117 0.4364 0.8187
4.0000 0.5431 0.0138 0.0070 -0.0109 0.4299 0.8327
4.2500 0.5654 0.0140 0.0072 -0.0097 0.4223 0.8466
4.5000 0.5891 0.0142 0.0074 -0.0087 0.4159 0.8604
4.7500 0.6110 0.0144 0.0076 -0.0074 0.4090 0.8743
5.0000 0.6338 0.0146 0.0079 -0.0063 0.4031 0.8877
