-5.0000 -0.0874 0.0146 0.0074 -0.1034 0.7966 0.3043
-4.7500 -0.0661 0.0145 0.0073 -0.1021 0.7886 0.3110
-4.5000 -0.0368 0.0144 0.0071 -0.1023 0.7827 0.3194
-4.2500 -0.0109 0.0142 0.0070 -0.1018 0.7759 0.3266
-4.0000 0.0155 0.0141 0.0069 -0.1014 0.7687 0.3344
-3.7500 0.0444 0.0140 0.0067 -0.1015 0.7625 0.3427
-3.5000 0.0681 0.0138 0.0066 -0.1006 0.7542 0.3501
-3.2500 0.0981 0.0137 0.0065 -0.1009 0.7479 0.3588
-3.0000 0.1207 0.0137 0.0064 -0.0998 0.7396 0.3663
-2.7500 0.1504 0.0136 0.0063 -0.1000 0.7335 0.3755
-2.5000 0.1741 0.0135 0.0063 -0.0991 0.7257 0.3848
-2.2500 0.2013 0.0134 0.0062 -0.0989 0.7185 0.3934
-2.0000 0.2274 0.0134 0.0062 -0.0984 0.7108 0.4025
-1.7500 0.2516 0.0134 0.0061 -0.0976 0.7021 0.4123
-1.5000 0.2805 0.0133 0.0060 -0.0977 0.6949 0.4213
-1.2500 0.3024 0.0132 0.0060 -0.0964 0.6862 0.4300
-1.0000 0.3303 0.0132 0.0060 -0.0963 0.6787 0.4400
-0.7500 0.3553 0.0132 0.0060 -0.0956 0.6711 0.4501
-0.5000 0.3790 0.0132 0.0060 -0.0947 0.6628 0.4597
-0.2500 0.4086 0.0132 0.0060 -0.0949 0.6554 0.4708
0.0000 0.4291 0.0132 0.0060 -0.0934 0.6465 0.4819
0.2500 0.4546 0.0132 0.0060 -0.0928 0.6381 0.4939
0.5000 0.4793 0.0132 0.0060 -0.0921 0.6300 0.5055
0.7500 0.5015 0.0132 0.0061 -0.0909 0.6213 0.5173
1.0000 0.5295 0.0133 0.0061 -0.0909 0.6137 0.5299
1.2500 0.5502 0.0133 0.0062 -0.0894 0.6053 0.5419
1.5000 0.5735 0.0133 0.0063 -0.0884 0.5971 0.5536
1.7500 0.5997 0.0134 0.0063 -0.0880 0.5897 0.5660
2.0000 0.6202 0.0134 0.0064 -0.0865 0.5815 0.5790
2.2500 0.6448 0.0135 0.0065 -0.0858 0.5738 0.5931
2.5000 0.6682 0.0136 0.0066 -0.0849 0.5660 0.6074
2.7500 0.6876 0.0136 0.0067 -0.0832 0.5573 0.6229
3.0000 0.7124 0.0137 0.0068 -0.0826 0.5490 0.6398
3.2500 0.7274 0.0138 0.0070 -0.0800 0.5404 0.6565
3.5000 0.7476 0.0139 0.0071 -0.0785 0.5323 0.6764
3.7500 0.7677 0.0140 0.0072 -0.0770 0.5243 0.6962
4.0000 0.7849 0.0141 0.0074 -0.0749 0.5160 0.7181
4.2500 0.8072 0.0142 0.0076 -0.0738 0.5083 0.7430
4.5000 0.8251 0.0144 0.0079 -0.0718 0.5003 0.7709
4.7500 0.8425 0.0145 0.0081 -0.0698 0.4921 0.8023
5.0000 0.8624 0.0147 0.0084 -0.0681 0.4848 0.8383
