-5.0000 -0.2920 0.0163 0.0089 -0.0553 0.8649 0.3199
-4.7500 -0.2661 0.0159 0.0085 -0.0546 0.8551 0.3335
-4.5000 -0.2410 0.0156 0.0082 -0.0537 0.8446 0.3481
-4.2500 -0.2142 0.0153 0.0079 -0.0532 0.8352 0.3645
-4.0000 -0.1878 0.0149 0.0076 -0.0527 0.8254 0.3805
-3.7500 -0.1638 0.0147 0.0074 -0.0517 0.8141 0.3973
-3.5000 -0.1385 0.0144 0.0072 -0.0509 0.8035 0.4159
-3.2500 -0.1115 0.0142 0.0070 -0.0504 0.7938 0.4364
-3.0000 -0.0871 0.0140 0.0068 -0.0495 0.7822 0.4571
-2.7500 -0.0629 0.0138 0.0067 -0.0485 0.7701 0.4796
-2.5000 -0.0380 0.0136 0.0066 -0.0476 0.7581 0.5019
-2.2500 -0.0121 0.0135 0.0065 -0.0469 0.7463 0.5255
-2.0000 0.0129 0.0134 0.0064 -0.0459 0.7335 0.5483
-1.7500 0.0372 0.0133 0.0063 -0.0449 0.7203 0.5706
-1.5000 0.0622 0.0132 0.0063 -0.0441 0.7077 0.5918
-1.2500 0.0878 0.0132 0.0063 -0.0433 0.6958 0.6122
-1.0000 0.1141 0.0132 0.0063 -0.0426 0.6848 0.6325
-0.7500 0.1396 0.0132 0.0063 -0.0418 0.6730 0.6525
-0.5000 0.1645 0.0132 0.0063 -0.0409 0.6610 0.6714
-0.2500 0.1903 0.0132 0.0064 -0.0402 0.6498 0.6899
0.0000 0.2168 0.0133 0.0064 -0.0395 0.6396 0.7089
0.2500 0.2414 0.0133 0.0065 -0.0385 0.6280 0.7288
0.5000 0.2663 0.0134 0.0066 -0.0376 0.6167 0.7483
0.7500 0.2924 0.0135 0.0066 -0.0369 0.6062 0.7673
1.0000 0.3167 0.0136 0.0067 -0.0358 0.5947 0.7842
1.2500 0.3436 0.0137 0.0069 -0.0352 0.5853 0.8006
1.5000 0.3680 0.0138 0.0070 -0.0342 0.5746 0.8174
1.7500 0.3948 0.0140 0.0072 -0.0335 0.5660 0.8341
2.0000 0.4193 0.0142 0.0074 -0.0325 0.5564 0.8506
2.2500 0.4468 0.0144 0.0075 -0.0319 0.5482 0.8664
2.5000 0.4727 0.0146 0.0078 -0.0311 0.5390 0.8812
2.7500 0.5028 0.0149 0.0080 -0.0311 0.5301 0.8938
3.0000 0.5337 0.0152 0.0083 -0.0313 0.5220 0.9064
3.2500 0.5623 0.0154 0.0085 -0.0312 0.5130 0.9196
3.5000 0.6025 0.0158 0.0088 -0.0334 0.5044 0.9271
3.7500 0.6363 0.0161 0.0091 -0.0344 0.4950 0.9378
4.0000 0.6837 0.0164 0.0093 -0.0381 0.4861 0.9439
4.2500 0.7200 0.0167 0.0096 -0.0398 0.4762 0.9541
4.5000 0.7692 0.0170 0.0098 -0.0441 0.4668 0.9585
4.7500 0.8081 0.0172 0.0100 -0.0465 0.4575 0.9670
5.0000 0.8511 0.0174 0.0102 -0.0498 0.4487 0.9733
