-5.0000 -0.0545 0.0220 0.0143 -0.1367 0.8986 0.1412
-4.7500 -0.0462 0.0222 0.0146 -0.1334 0.8893 0.1507
-4.5000 -0.0144 0.0221 0.0145 -0.1344 0.8857 0.1662
-4.2500 0.0209 0.0219 0.0143 -0.1360 0.8834 0.1818
-4.0000 0.0588 0.0215 0.0140 -0.1380 0.8816 0.1990
-3.7500 0.0989 0.0212 0.0137 -0.1403 0.8801 0.2175
-3.5000 0.1126 0.0214 0.0139 -0.1379 0.8716 0.2300
-3.2500 0.1438 0.0212 0.0137 -0.1386 0.8672 0.2481
-3.0000 0.1812 0.0209 0.0135 -0.1404 0.8650 0.2681
-2.7500 0.2186 0.0205 0.0132 -0.1421 0.8628 0.2880
-2.5000 0.2578 0.0202 0.0129 -0.1441 0.8613 0.3118
-2.2500 0.2990 0.0198 0.0126 -0.1465 0.8602 0.3349
-2.0000 0.3415 0.0193 0.0122 -0.1491 0.8592 0.3595
-1.7500 0.3599 0.0195 0.0124 -0.1474 0.8517 0.3780
-1.5000 0.3784 0.0196 0.0126 -0.1457 0.8442 0.3966
-1.2500 0.4194 0.0191 0.0122 -0.1478 0.8428 0.4242
-1.0000 0.4613 0.0186 0.0118 -0.1501 0.8415 0.4506
-0.7500 0.5024 0.0181 0.0113 -0.1522 0.8402 0.4766
-0.5000 0.5246 0.0181 0.0114 -0.1510 0.8329 0.4985
-0.2500 0.5468 0.0181 0.0115 -0.1498 0.8257 0.5204
0.0000 0.5859 0.0176 0.0111 -0.1515 0.8235 0.5480
0.2500 0.6267 0.0171 0.0106 -0.1535 0.8216 0.5767
0.5000 0.6675 0.0165 0.0101 -0.1554 0.8197 0.6035
0.7500 0.6776 0.0168 0.0106 -0.1520 0.8081 0.6253
1.0000 0.7145 0.0163 0.0101 -0.1533 0.8048 0.6553
1.2500 0.7530 0.0157 0.0097 -0.1548 0.8020 0.6903
1.5000 0.7755 0.0156 0.0097 -0.1534 0.7943 0.7266
1.7500 0.8019 0.0151 0.0095 -0.1525 0.7870 0.7775
2.0000 0.8359 0.0142 0.0088 -0.1523 0.7824 0.9289
2.2500 0.8629 0.0142 0.0087 -0.1521 0.7727 1.0000
2.5000 0.8970 0.0139 0.0084 -0.1530 0.7655 1.0000
2.7500 0.9357 0.0137 0.0081 -0.1548 0.7597 1.0000
3.0000 0.9565 0.0138 0.0082 -0.1533 0.7484 1.0000
3.2500 0.9952 0.0135 0.0078 -0.1551 0.7417 1.0000
3.5000 1.0145 0.0137 0.0080 -0.1533 0.7293 1.0000
3.7500 1.0466 0.0135 0.0078 -0.1538 0.7198 1.0000
4.0000 1.0720 0.0135 0.0078 -0.1530 0.7070 1.0000
4.2500 1.0961 0.0136 0.0078 -0.1521 0.6933 1.0000
4.5000 1.1232 0.0136 0.0078 -0.1516 0.6803 1.0000
4.7500 1.1511 0.0137 0.0078 -0.1514 0.6667 1.0000
5.0000 1.1733 0.0138 0.0078 -0.1500 0.6498 1.0000
