-5.0000 -0.5574 0.0155 0.0081 -0.0120 0.9855 0.2716
-4.7500 -0.5213 0.0152 0.0080 -0.0141 0.9799 0.2980
-4.5000 -0.4812 0.0150 0.0079 -0.0168 0.9752 0.3275
-4.2500 -0.4384 0.0148 0.0078 -0.0201 0.9714 0.3564
-4.0000 -0.4071 0.0146 0.0076 -0.0210 0.9629 0.3806
-3.7500 -0.3667 0.0143 0.0075 -0.0236 0.9576 0.4071
-3.5000 -0.3230 0.0141 0.0073 -0.0268 0.9541 0.4345
-3.2500 -0.2888 0.0139 0.0072 -0.0280 0.9467 0.4602
-3.0000 -0.2547 0.0137 0.0071 -0.0293 0.9394 0.4859
-2.7500 -0.2111 0.0134 0.0069 -0.0323 0.9360 0.5163
-2.5000 -0.1800 0.0132 0.0069 -0.0328 0.9279 0.5407
-2.2500 -0.1440 0.0130 0.0067 -0.0342 0.9212 0.5657
-2.0000 -0.1041 0.0126 0.0065 -0.0362 0.9166 0.5930
-1.7500 -0.0756 0.0124 0.0064 -0.0359 0.9072 0.6163
-1.5000 -0.0423 0.0122 0.0062 -0.0364 0.8995 0.6416
-1.2500 -0.0094 0.0119 0.0060 -0.0368 0.8921 0.6677
-1.0000 0.0175 0.0117 0.0059 -0.0360 0.8808 0.6934
-0.7500 0.0489 0.0114 0.0057 -0.0359 0.8728 0.7185
-0.5000 0.0744 0.0112 0.0056 -0.0348 0.8599 0.7446
-0.2500 0.1020 0.0110 0.0055 -0.0340 0.8481 0.7677
0.0000 0.1302 0.0108 0.0053 -0.0332 0.8360 0.7911
0.2500 0.1557 0.0107 0.0053 -0.0320 0.8216 0.8151
0.5000 0.1824 0.0107 0.0053 -0.0309 0.8081 0.8410
0.7500 0.2105 0.0106 0.0052 -0.0300 0.7936 0.8630
1.0000 0.2377 0.0107 0.0053 -0.0290 0.7758 0.8845
1.2500 0.2671 0.0107 0.0053 -0.0285 0.7577 0.9042
1.5000 0.2997 0.0108 0.0054 -0.0287 0.7398 0.9210
1.7500 0.3340 0.0109 0.0054 -0.0294 0.7207 0.9361
2.0000 0.3701 0.0111 0.0054 -0.0306 0.6992 0.9502
2.2500 0.4148 0.0112 0.0055 -0.0336 0.6750 0.9585
2.5000 0.4551 0.0114 0.0056 -0.0359 0.6503 0.9703
2.7500 0.5027 0.0115 0.0056 -0.0398 0.6232 0.9772
3.0000 0.5444 0.0117 0.0056 -0.0426 0.5970 0.9873
3.2500 0.5903 0.0118 0.0056 -0.0464 0.5708 0.9944
3.5000 0.6283 0.0120 0.0057 -0.0488 0.5444 1.0000
3.7500 0.6478 0.0121 0.0057 -0.0474 0.5210 1.0000
4.0000 0.6669 0.0123 0.0058 -0.0459 0.4984 1.0000
4.2500 0.6859 0.0124 0.0059 -0.0444 0.4764 1.0000
4.5000 0.7046 0.0126 0.0060 -0.0427 0.4545 1.0000
4.7500 0.7230 0.0129 0.0061 -0.0410 0.4329 1.0000
5.0000 0.7414 0.0131 0.0063 -0.0393 0.4116 1.0000
