-5.0000 0.0187 0.0120 0.0049 -0.1059 0.8003 0.0733
-4.7500 0.0462 0.0118 0.0047 -0.1056 0.7901 0.0777
-4.5000 0.0734 0.0117 0.0045 -0.1053 0.7793 0.0822
-4.2500 0.1004 0.0115 0.0044 -0.1050 0.7682 0.0869
-4.0000 0.1278 0.0115 0.0042 -0.1046 0.7569 0.0919
-3.7500 0.1546 0.0113 0.0041 -0.1043 0.7444 0.0975
-3.5000 0.1814 0.0112 0.0040 -0.1039 0.7319 0.1033
-3.2500 0.2083 0.0112 0.0039 -0.1035 0.7194 0.1098
-3.0000 0.2352 0.0111 0.0038 -0.1031 0.7064 0.1168
-2.7500 0.2618 0.0111 0.0037 -0.1027 0.6921 0.1268
-2.5000 0.2881 0.0111 0.0037 -0.1023 0.6771 0.1387
-2.2500 0.3144 0.0110 0.0036 -0.1019 0.6619 0.1514
-2.0000 0.3405 0.0110 0.0036 -0.1014 0.6472 0.1631
-1.7500 0.3666 0.0110 0.0035 -0.1009 0.6322 0.1746
-1.5000 0.3925 0.0109 0.0035 -0.1004 0.6166 0.1878
-1.2500 0.4181 0.0109 0.0034 -0.0999 0.6009 0.2026
-1.0000 0.4435 0.0109 0.0034 -0.0993 0.5849 0.2203
-0.7500 0.4687 0.0109 0.0034 -0.0988 0.5687 0.2425
-0.5000 0.4935 0.0108 0.0034 -0.0982 0.5527 0.2742
-0.2500 0.5149 0.0102 0.0034 -0.0973 0.5378 0.4810
0.0000 0.5358 0.0099 0.0035 -0.0959 0.5236 0.6489
0.2500 0.5570 0.0097 0.0037 -0.0943 0.5103 0.7596
0.5000 0.5773 0.0097 0.0038 -0.0922 0.4984 0.8506
0.7500 0.6016 0.0098 0.0040 -0.0909 0.4868 0.9231
1.0000 0.6414 0.0100 0.0041 -0.0931 0.4750 0.9662
1.2500 0.6861 0.0103 0.0043 -0.0967 0.4646 0.9896
1.5000 0.7349 0.0105 0.0044 -0.1012 0.4545 1.0000
1.7500 0.7552 0.0107 0.0045 -0.0998 0.4477 1.0000
2.0000 0.7767 0.0108 0.0046 -0.0985 0.4411 1.0000
2.2500 0.7978 0.0110 0.0046 -0.0972 0.4349 1.0000
2.5000 0.8198 0.0112 0.0048 -0.0961 0.4292 1.0000
2.7500 0.8434 0.0113 0.0049 -0.0952 0.4241 1.0000
3.0000 0.8669 0.0115 0.0050 -0.0944 0.4189 1.0000
3.2500 0.8904 0.0117 0.0052 -0.0936 0.4142 1.0000
3.5000 0.9148 0.0120 0.0053 -0.0930 0.4100 1.0000
3.7500 0.9397 0.0121 0.0055 -0.0924 0.4064 1.0000
4.0000 0.9646 0.0123 0.0057 -0.0919 0.4027 1.0000
4.2500 0.9893 0.0125 0.0058 -0.0914 0.3989 1.0000
4.5000 1.0140 0.0127 0.0060 -0.0909 0.3950 1.0000
4.7500 1.0398 0.0130 0.0063 -0.0906 0.3912 1.0000
5.0000 1.0648 0.0132 0.0065 -0.0901 0.3885 1.0000
