-5.0000 0.0288 0.0128 0.0054 -0.1006 0.7185 0.1540
-4.7500 0.0544 0.0127 0.0053 -0.1000 0.7082 0.1606
-4.5000 0.0796 0.0126 0.0052 -0.0993 0.6969 0.1672
-4.2500 0.1048 0.0126 0.0051 -0.0986 0.6855 0.1740
-4.0000 0.1300 0.0125 0.0050 -0.0979 0.6742 0.1809
-3.7500 0.1549 0.0124 0.0049 -0.0971 0.6626 0.1880
-3.5000 0.1799 0.0123 0.0048 -0.0964 0.6512 0.1956
-3.2500 0.2045 0.0122 0.0047 -0.0956 0.6399 0.2035
-3.0000 0.2292 0.0122 0.0046 -0.0949 0.6276 0.2121
-2.7500 0.2540 0.0121 0.0046 -0.0941 0.6159 0.2219
-2.5000 0.2782 0.0121 0.0045 -0.0933 0.6039 0.2328
-2.2500 0.3024 0.0121 0.0044 -0.0925 0.5924 0.2448
-2.0000 0.3264 0.0120 0.0044 -0.0916 0.5804 0.2583
-1.7500 0.3499 0.0119 0.0043 -0.0907 0.5683 0.2751
-1.5000 0.3718 0.0118 0.0043 -0.0896 0.5565 0.3183
-1.2500 0.3937 0.0116 0.0043 -0.0885 0.5447 0.3615
-1.0000 0.4139 0.0113 0.0043 -0.0871 0.5333 0.4718
-0.7500 0.4360 0.0112 0.0044 -0.0859 0.5223 0.5338
-0.5000 0.4588 0.0112 0.0045 -0.0848 0.5121 0.5797
-0.2500 0.4817 0.0112 0.0046 -0.0838 0.5026 0.6172
0.0000 0.5047 0.0113 0.0047 -0.0827 0.4935 0.6506
0.2500 0.5282 0.0114 0.0048 -0.0817 0.4841 0.6822
0.5000 0.5515 0.0114 0.0049 -0.0807 0.4757 0.7136
0.7500 0.5743 0.0115 0.0050 -0.0795 0.4682 0.7407
1.0000 0.5977 0.0116 0.0052 -0.0785 0.4609 0.7701
1.2500 0.6201 0.0117 0.0053 -0.0772 0.4546 0.8012
1.5000 0.6424 0.0118 0.0055 -0.0759 0.4480 0.8340
1.7500 0.6637 0.0120 0.0057 -0.0743 0.4425 0.8659
2.0000 0.6852 0.0121 0.0059 -0.0728 0.4366 0.8958
2.2500 0.7089 0.0123 0.0061 -0.0717 0.4316 0.9223
2.5000 0.7383 0.0126 0.0063 -0.0719 0.4268 0.9462
2.7500 0.7754 0.0128 0.0065 -0.0738 0.4217 0.9638
3.0000 0.8150 0.0132 0.0068 -0.0763 0.4172 0.9772
3.2500 0.8658 0.0135 0.0071 -0.0812 0.4123 0.9865
3.5000 0.9129 0.0138 0.0074 -0.0854 0.4079 0.9944
3.7500 0.9566 0.0142 0.0076 -0.0889 0.4037 0.9994
4.0000 0.9625 0.0142 0.0077 -0.0849 0.4003 1.0000
4.2500 0.9684 0.0143 0.0077 -0.0807 0.3970 1.0000
4.5000 0.9815 0.0144 0.0078 -0.0781 0.3940 1.0000
4.7500 0.9988 0.0146 0.0080 -0.0762 0.3911 1.0000
5.0000 1.0162 0.0148 0.0081 -0.0744 0.3880 1.0000
