-5.0000 0.0296 0.0130 0.0055 -0.0999 0.7100 0.1624
-4.7500 0.0545 0.0129 0.0054 -0.0992 0.6990 0.1688
-4.5000 0.0794 0.0127 0.0053 -0.0984 0.6884 0.1752
-4.2500 0.1043 0.0127 0.0052 -0.0977 0.6771 0.1820
-4.0000 0.1288 0.0125 0.0050 -0.0969 0.6661 0.1888
-3.7500 0.1540 0.0125 0.0050 -0.0962 0.6552 0.1966
-3.5000 0.1784 0.0124 0.0049 -0.0954 0.6438 0.2048
-3.2500 0.2026 0.0123 0.0048 -0.0945 0.6322 0.2130
-3.0000 0.2272 0.0123 0.0047 -0.0937 0.6208 0.2219
-2.7500 0.2510 0.0122 0.0046 -0.0928 0.6090 0.2316
-2.5000 0.2749 0.0122 0.0046 -0.0919 0.5969 0.2422
-2.2500 0.2988 0.0122 0.0045 -0.0910 0.5851 0.2540
-2.0000 0.3223 0.0121 0.0045 -0.0901 0.5738 0.2676
-1.7500 0.3450 0.0120 0.0044 -0.0890 0.5624 0.2894
-1.5000 0.3677 0.0119 0.0044 -0.0880 0.5510 0.3112
-1.2500 0.3882 0.0116 0.0043 -0.0867 0.5404 0.3867
-1.0000 0.4088 0.0114 0.0044 -0.0853 0.5295 0.4756
-0.7500 0.4306 0.0114 0.0045 -0.0841 0.5192 0.5323
-0.5000 0.4531 0.0114 0.0046 -0.0830 0.5093 0.5745
-0.2500 0.4759 0.0114 0.0047 -0.0819 0.4996 0.6121
0.0000 0.4986 0.0115 0.0048 -0.0807 0.4905 0.6461
0.2500 0.5212 0.0115 0.0049 -0.0796 0.4825 0.6764
0.5000 0.5444 0.0116 0.0050 -0.0786 0.4740 0.7031
0.7500 0.5677 0.0117 0.0052 -0.0775 0.4660 0.7272
1.0000 0.5907 0.0118 0.0053 -0.0765 0.4592 0.7520
1.2500 0.6134 0.0119 0.0054 -0.0753 0.4529 0.7780
1.5000 0.6355 0.0120 0.0056 -0.0740 0.4471 0.8074
1.7500 0.6565 0.0121 0.0058 -0.0724 0.4417 0.8397
2.0000 0.6778 0.0122 0.0060 -0.0709 0.4367 0.8713
2.2500 0.6994 0.0124 0.0061 -0.0694 0.4319 0.9022
2.5000 0.7255 0.0127 0.0064 -0.0688 0.4275 0.9308
2.7500 0.7605 0.0129 0.0066 -0.0702 0.4225 0.9525
3.0000 0.8005 0.0132 0.0069 -0.0728 0.4176 0.9668
3.2500 0.8406 0.0136 0.0072 -0.0754 0.4127 0.9811
3.5000 0.8868 0.0139 0.0075 -0.0794 0.4080 0.9891
3.7500 0.9309 0.0143 0.0077 -0.0830 0.4038 0.9961
4.0000 0.9650 0.0145 0.0080 -0.0846 0.4000 1.0000
4.2500 0.9703 0.0146 0.0080 -0.0805 0.3974 1.0000
4.5000 0.9842 0.0147 0.0081 -0.0780 0.3947 1.0000
4.7500 0.9961 0.0148 0.0082 -0.0751 0.3918 1.0000
5.0000 1.0130 0.0150 0.0083 -0.0732 0.3888 1.0000
