-5.0000 -0.3281 0.0188 0.0113 -0.0609 0.8635 0.3494
-4.7500 -0.2925 0.0184 0.0109 -0.0621 0.8596 0.3612
-4.5000 -0.2547 0.0180 0.0106 -0.0638 0.8568 0.3724
-4.2500 -0.2328 0.0179 0.0104 -0.0625 0.8487 0.3828
-4.0000 -0.2041 0.0175 0.0102 -0.0625 0.8420 0.3924
-3.7500 -0.1685 0.0171 0.0097 -0.0637 0.8377 0.4040
-3.5000 -0.1296 0.0167 0.0094 -0.0654 0.8342 0.4162
-3.2500 -0.1134 0.0166 0.0093 -0.0630 0.8223 0.4257
-3.0000 -0.0786 0.0163 0.0089 -0.0639 0.8167 0.4387
-2.7500 -0.0512 0.0160 0.0088 -0.0636 0.8087 0.4495
-2.5000 -0.0240 0.0158 0.0086 -0.0632 0.7998 0.4608
-2.2500 0.0119 0.0155 0.0082 -0.0643 0.7938 0.4737
-2.0000 0.0330 0.0154 0.0082 -0.0627 0.7822 0.4842
-1.7500 0.0658 0.0151 0.0079 -0.0633 0.7743 0.4966
-1.5000 0.0902 0.0150 0.0078 -0.0624 0.7635 0.5088
-1.2500 0.1197 0.0149 0.0077 -0.0623 0.7543 0.5221
-1.0000 0.1468 0.0148 0.0076 -0.0619 0.7445 0.5354
-0.7500 0.1730 0.0147 0.0076 -0.0613 0.7339 0.5469
-0.5000 0.2031 0.0146 0.0074 -0.0614 0.7251 0.5592
-0.2500 0.2272 0.0145 0.0074 -0.0605 0.7137 0.5716
0.0000 0.2590 0.0145 0.0073 -0.0609 0.7048 0.5853
0.2500 0.2812 0.0144 0.0073 -0.0596 0.6925 0.5964
0.5000 0.3111 0.0144 0.0072 -0.0597 0.6826 0.6094
0.7500 0.3338 0.0144 0.0073 -0.0584 0.6699 0.6226
1.0000 0.3607 0.0143 0.0072 -0.0580 0.6586 0.6368
1.2500 0.3859 0.0143 0.0072 -0.0572 0.6467 0.6505
1.5000 0.4106 0.0143 0.0073 -0.0563 0.6351 0.6643
1.7500 0.4378 0.0144 0.0073 -0.0559 0.6243 0.6793
2.0000 0.4601 0.0144 0.0073 -0.0546 0.6120 0.6950
2.2500 0.4862 0.0145 0.0074 -0.0540 0.6010 0.7106
2.5000 0.5094 0.0145 0.0075 -0.0528 0.5890 0.7253
2.7500 0.5330 0.0146 0.0076 -0.0517 0.5774 0.7409
3.0000 0.5564 0.0146 0.0077 -0.0506 0.5663 0.7580
3.2500 0.5798 0.0147 0.0078 -0.0495 0.5552 0.7751
3.5000 0.6038 0.0149 0.0079 -0.0484 0.5449 0.7932
3.7500 0.6269 0.0150 0.0081 -0.0472 0.5342 0.8121
4.0000 0.6472 0.0151 0.0083 -0.0454 0.5228 0.8314
4.2500 0.6690 0.0153 0.0085 -0.0439 0.5121 0.8520
4.5000 0.6922 0.0155 0.0086 -0.0425 0.5019 0.8734
4.7500 0.7116 0.0157 0.0089 -0.0405 0.4903 0.8952
5.0000 0.7361 0.0160 0.0092 -0.0396 0.4794 0.9156
