-5.0000 -0.5548 0.0151 0.0069 -0.0004 1.0000 0.1019
-4.7500 -0.5334 0.0148 0.0067 0.0005 1.0000 0.1156
-4.5000 -0.5119 0.0146 0.0065 0.0013 1.0000 0.1310
-4.2500 -0.4905 0.0143 0.0063 0.0021 1.0000 0.1498
-4.0000 -0.4507 0.0140 0.0062 -0.0009 0.9953 0.1878
-3.7500 -0.4110 0.0136 0.0060 -0.0038 0.9907 0.2258
-3.5000 -0.3713 0.0131 0.0058 -0.0068 0.9844 0.2920
-3.2500 -0.3334 0.0122 0.0057 -0.0095 0.9773 0.4304
-3.0000 -0.2913 0.0117 0.0058 -0.0126 0.9721 0.5489
-2.7500 -0.2516 0.0115 0.0057 -0.0147 0.9641 0.6006
-2.5000 -0.2120 0.0112 0.0056 -0.0168 0.9561 0.6522
-2.2500 -0.1765 0.0109 0.0055 -0.0179 0.9459 0.6921
-2.0000 -0.1359 0.0107 0.0054 -0.0199 0.9396 0.7306
-1.7500 -0.1050 0.0105 0.0053 -0.0198 0.9287 0.7655
-1.5000 -0.0689 0.0103 0.0052 -0.0206 0.9211 0.7973
-1.2500 -0.0406 0.0102 0.0052 -0.0198 0.9081 0.8244
-1.0000 -0.0111 0.0101 0.0051 -0.0192 0.8960 0.8495
-0.7500 0.0177 0.0101 0.0051 -0.0184 0.8832 0.8755
-0.5000 0.0491 0.0101 0.0051 -0.0178 0.8699 0.8978
-0.2500 0.0810 0.0102 0.0051 -0.0176 0.8549 0.9177
0.0000 0.1137 0.0102 0.0051 -0.0177 0.8384 0.9340
0.2500 0.1552 0.0103 0.0052 -0.0198 0.8185 0.9443
0.5000 0.1962 0.0104 0.0051 -0.0218 0.7966 0.9559
0.7500 0.2406 0.0105 0.0051 -0.0247 0.7723 0.9648
1.0000 0.2827 0.0105 0.0050 -0.0273 0.7456 0.9740
1.2500 0.3259 0.0106 0.0049 -0.0303 0.7178 0.9826
1.5000 0.3670 0.0106 0.0049 -0.0330 0.6888 0.9907
1.7500 0.4106 0.0107 0.0048 -0.0363 0.6587 0.9977
2.0000 0.4402 0.0108 0.0047 -0.0369 0.6313 1.0000
2.2500 0.4631 0.0109 0.0046 -0.0361 0.6055 1.0000
2.5000 0.4859 0.0110 0.0046 -0.0353 0.5793 1.0000
2.7500 0.5085 0.0111 0.0046 -0.0344 0.5528 1.0000
3.0000 0.5308 0.0113 0.0047 -0.0335 0.5278 1.0000
3.2500 0.5530 0.0114 0.0047 -0.0325 0.5047 1.0000
3.5000 0.5752 0.0116 0.0049 -0.0315 0.4832 1.0000
3.7500 0.5973 0.0118 0.0050 -0.0305 0.4631 1.0000
4.0000 0.6194 0.0121 0.0052 -0.0295 0.4456 1.0000
4.2500 0.6413 0.0123 0.0053 -0.0284 0.4276 1.0000
4.5000 0.6630 0.0126 0.0055 -0.0273 0.4088 1.0000
4.7500 0.6844 0.0128 0.0056 -0.0261 0.3909 1.0000
5.0000 0.7061 0.0131 0.0059 -0.0249 0.3743 1.0000
