-5.0000 -0.4103 0.0163 0.0091 -0.0287 0.8534 0.4189
-4.7500 -0.3817 0.0159 0.0089 -0.0284 0.8450 0.4316
-4.5000 -0.3594 0.0157 0.0087 -0.0271 0.8327 0.4438
-4.2500 -0.3327 0.0155 0.0084 -0.0265 0.8232 0.4564
-4.0000 -0.3075 0.0153 0.0082 -0.0256 0.8118 0.4678
-3.7500 -0.2819 0.0152 0.0081 -0.0249 0.8011 0.4803
-3.5000 -0.2563 0.0150 0.0079 -0.0241 0.7903 0.4928
-3.2500 -0.2318 0.0149 0.0078 -0.0231 0.7779 0.5053
-3.0000 -0.2076 0.0147 0.0076 -0.0221 0.7651 0.5178
-2.7500 -0.1814 0.0146 0.0075 -0.0215 0.7529 0.5289
-2.5000 -0.1554 0.0145 0.0073 -0.0208 0.7412 0.5412
-2.2500 -0.1298 0.0144 0.0073 -0.0200 0.7279 0.5522
-2.0000 -0.1051 0.0144 0.0072 -0.0192 0.7152 0.5647
-1.7500 -0.0793 0.0143 0.0072 -0.0185 0.7036 0.5774
-1.5000 -0.0526 0.0143 0.0071 -0.0179 0.6920 0.5893
-1.2500 -0.0287 0.0143 0.0070 -0.0170 0.6794 0.6023
-1.0000 -0.0017 0.0142 0.0070 -0.0165 0.6676 0.6135
-0.7500 0.0241 0.0142 0.0070 -0.0158 0.6558 0.6265
-0.5000 0.0491 0.0142 0.0070 -0.0150 0.6426 0.6385
-0.2500 0.0746 0.0142 0.0070 -0.0143 0.6303 0.6510
0.0000 0.1002 0.0142 0.0070 -0.0136 0.6185 0.6641
0.2500 0.1262 0.0142 0.0070 -0.0129 0.6059 0.6763
0.5000 0.1498 0.0143 0.0070 -0.0118 0.5930 0.6908
0.7500 0.1754 0.0143 0.0071 -0.0111 0.5809 0.7042
1.0000 0.2013 0.0144 0.0072 -0.0104 0.5700 0.7184
1.2500 0.2263 0.0145 0.0073 -0.0095 0.5585 0.7321
1.5000 0.2512 0.0146 0.0074 -0.0087 0.5471 0.7457
1.7500 0.2766 0.0147 0.0074 -0.0080 0.5364 0.7591
2.0000 0.3008 0.0148 0.0076 -0.0071 0.5251 0.7727
2.2500 0.3279 0.0149 0.0077 -0.0066 0.5151 0.7851
2.5000 0.3510 0.0150 0.0079 -0.0054 0.5036 0.7989
2.7500 0.3759 0.0152 0.0080 -0.0046 0.4938 0.8130
3.0000 0.4001 0.0154 0.0082 -0.0036 0.4831 0.8260
3.2500 0.4266 0.0157 0.0084 -0.0030 0.4733 0.8375
3.5000 0.4512 0.0158 0.0086 -0.0021 0.4633 0.8496
3.7500 0.4756 0.0161 0.0088 -0.0012 0.4542 0.8625
4.0000 0.5005 0.0164 0.0091 -0.0002 0.4449 0.8746
4.2500 0.5295 0.0167 0.0094 -0.0001 0.4361 0.8841
4.5000 0.5548 0.0170 0.0097 0.0006 0.4272 0.8956
4.7500 0.5850 0.0174 0.0100 0.0004 0.4194 0.9055
5.0000 0.6155 0.0177 0.0104 0.0000 0.4102 0.9137
