-5.0000 -0.5107 0.0113 0.0051 -0.0162 0.9668 0.2640
-4.7500 -0.4714 0.0109 0.0048 -0.0187 0.9641 0.2904
-4.5000 -0.4311 0.0106 0.0046 -0.0214 0.9619 0.3148
-4.2500 -0.4007 0.0103 0.0044 -0.0219 0.9551 0.3362
-4.0000 -0.3659 0.0100 0.0042 -0.0233 0.9503 0.3593
-3.7500 -0.3325 0.0097 0.0040 -0.0243 0.9446 0.3818
-3.5000 -0.3027 0.0095 0.0038 -0.0245 0.9369 0.4028
-3.2500 -0.2744 0.0092 0.0036 -0.0244 0.9283 0.4238
-3.0000 -0.2460 0.0090 0.0035 -0.0242 0.9200 0.4445
-2.7500 -0.2182 0.0088 0.0033 -0.0239 0.9108 0.4683
-2.5000 -0.1921 0.0086 0.0032 -0.0233 0.8994 0.4940
-2.2500 -0.1663 0.0084 0.0031 -0.0226 0.8877 0.5197
-2.0000 -0.1400 0.0083 0.0030 -0.0220 0.8759 0.5432
-1.7500 -0.1136 0.0081 0.0029 -0.0214 0.8625 0.5639
-1.5000 -0.0872 0.0080 0.0028 -0.0208 0.8487 0.5847
-1.2500 -0.0608 0.0079 0.0028 -0.0202 0.8343 0.6058
-1.0000 -0.0342 0.0078 0.0027 -0.0197 0.8200 0.6267
-0.7500 -0.0076 0.0077 0.0027 -0.0191 0.8044 0.6476
-0.5000 0.0186 0.0077 0.0026 -0.0185 0.7872 0.6702
-0.2500 0.0446 0.0076 0.0026 -0.0178 0.7699 0.6933
0.0000 0.0705 0.0076 0.0026 -0.0171 0.7506 0.7160
0.2500 0.0964 0.0076 0.0026 -0.0163 0.7310 0.7373
0.5000 0.1222 0.0076 0.0026 -0.0156 0.7104 0.7593
0.7500 0.1480 0.0076 0.0026 -0.0148 0.6907 0.7811
1.0000 0.1738 0.0077 0.0027 -0.0141 0.6715 0.8038
1.2500 0.1995 0.0077 0.0027 -0.0133 0.6524 0.8254
1.5000 0.2252 0.0078 0.0028 -0.0125 0.6327 0.8456
1.7500 0.2509 0.0079 0.0029 -0.0117 0.6127 0.8648
2.0000 0.2768 0.0080 0.0030 -0.0110 0.5931 0.8820
2.2500 0.3024 0.0082 0.0031 -0.0101 0.5717 0.8995
2.5000 0.3290 0.0083 0.0032 -0.0095 0.5495 0.9151
2.7500 0.3566 0.0086 0.0033 -0.0091 0.5280 0.9291
3.0000 0.3858 0.0088 0.0035 -0.0092 0.5033 0.9406
3.2500 0.4159 0.0090 0.0036 -0.0094 0.4795 0.9511
3.5000 0.4511 0.0093 0.0038 -0.0109 0.4569 0.9582
3.7500 0.4885 0.0095 0.0040 -0.0129 0.4305 0.9643
4.0000 0.5240 0.0098 0.0042 -0.0145 0.4043 0.9714
4.2500 0.5598 0.0101 0.0043 -0.0162 0.3768 0.9775
4.5000 0.6012 0.0104 0.0045 -0.0192 0.3508 0.9810
4.7500 0.6403 0.0107 0.0047 -0.0218 0.3263 0.9850
5.0000 0.6781 0.0109 0.0049 -0.0241 0.3024 0.9896
