-5.0000 0.1060 0.0119 0.0049 -0.1375 0.7960 0.1213
-4.7500 0.1339 0.0118 0.0048 -0.1374 0.7878 0.1295
-4.5000 0.1615 0.0116 0.0047 -0.1372 0.7797 0.1384
-4.2500 0.1887 0.0115 0.0046 -0.1370 0.7706 0.1472
-4.0000 0.2165 0.0114 0.0044 -0.1369 0.7620 0.1553
-3.7500 0.2435 0.0113 0.0043 -0.1365 0.7520 0.1634
-3.5000 0.2707 0.0112 0.0042 -0.1363 0.7428 0.1718
-3.2500 0.2978 0.0111 0.0041 -0.1360 0.7330 0.1807
-3.0000 0.3247 0.0110 0.0040 -0.1357 0.7229 0.1910
-2.7500 0.3517 0.0109 0.0039 -0.1354 0.7129 0.2012
-2.5000 0.3786 0.0109 0.0038 -0.1351 0.7033 0.2125
-2.2500 0.4056 0.0109 0.0038 -0.1348 0.6937 0.2247
-2.0000 0.4324 0.0108 0.0037 -0.1345 0.6841 0.2382
-1.7500 0.4592 0.0108 0.0037 -0.1342 0.6742 0.2524
-1.5000 0.4858 0.0108 0.0037 -0.1339 0.6645 0.2664
-1.2500 0.5122 0.0108 0.0037 -0.1335 0.6543 0.2813
-1.0000 0.5386 0.0108 0.0037 -0.1332 0.6447 0.2973
-0.7500 0.5649 0.0108 0.0037 -0.1328 0.6351 0.3148
-0.5000 0.5914 0.0108 0.0037 -0.1325 0.6263 0.3343
-0.2500 0.6174 0.0108 0.0038 -0.1321 0.6169 0.3570
0.0000 0.6435 0.0108 0.0038 -0.1318 0.6084 0.3868
0.2500 0.6691 0.0107 0.0039 -0.1314 0.5997 0.4297
0.5000 0.6942 0.0105 0.0040 -0.1309 0.5919 0.5203
0.7500 0.7186 0.0104 0.0041 -0.1303 0.5846 0.6300
1.0000 0.7413 0.0102 0.0042 -0.1291 0.5767 0.7343
1.2500 0.7607 0.0101 0.0044 -0.1268 0.5694 0.8508
1.5000 0.8004 0.0100 0.0045 -0.1288 0.5620 0.9789
1.7500 0.8342 0.0102 0.0046 -0.1302 0.5548 1.0000
2.0000 0.8592 0.0104 0.0047 -0.1296 0.5483 1.0000
2.2500 0.8835 0.0105 0.0048 -0.1289 0.5423 1.0000
2.5000 0.9082 0.0107 0.0049 -0.1283 0.5361 1.0000
2.7500 0.9332 0.0109 0.0050 -0.1278 0.5301 1.0000
3.0000 0.9582 0.0110 0.0051 -0.1272 0.5243 1.0000
3.2500 0.9828 0.0112 0.0052 -0.1266 0.5185 1.0000
3.5000 1.0079 0.0114 0.0054 -0.1261 0.5133 1.0000
3.7500 1.0343 0.0116 0.0055 -0.1259 0.5079 1.0000
4.0000 1.0582 0.0118 0.0057 -0.1252 0.5030 1.0000
4.2500 1.0822 0.0119 0.0059 -0.1245 0.4972 1.0000
4.5000 1.1068 0.0121 0.0060 -0.1239 0.4915 1.0000
4.7500 1.1321 0.0124 0.0062 -0.1236 0.4865 1.0000
5.0000 1.1556 0.0126 0.0064 -0.1228 0.4817 1.0000
