-5.0000 0.0243 0.0138 0.0060 -0.0772 0.6751 0.1388
-4.7500 0.0468 0.0136 0.0058 -0.0760 0.6649 0.1443
-4.5000 0.0705 0.0135 0.0057 -0.0750 0.6548 0.1503
-4.2500 0.0924 0.0133 0.0055 -0.0736 0.6435 0.1568
-4.0000 0.1150 0.0132 0.0053 -0.0724 0.6328 0.1649
-3.7500 0.1343 0.0128 0.0050 -0.0708 0.6230 0.1966
-3.5000 0.1537 0.0124 0.0048 -0.0691 0.6131 0.2283
-3.2500 0.1713 0.0119 0.0047 -0.0671 0.6036 0.3253
-3.0000 0.1889 0.0115 0.0046 -0.0652 0.5940 0.4222
-2.7500 0.2115 0.0114 0.0046 -0.0640 0.5843 0.4545
-2.5000 0.2349 0.0114 0.0046 -0.0629 0.5746 0.4789
-2.2500 0.2585 0.0114 0.0046 -0.0619 0.5647 0.4978
-2.0000 0.2820 0.0114 0.0046 -0.0608 0.5550 0.5161
-1.7500 0.3057 0.0114 0.0047 -0.0597 0.5451 0.5327
-1.5000 0.3295 0.0115 0.0047 -0.0587 0.5351 0.5482
-1.2500 0.3531 0.0115 0.0047 -0.0577 0.5251 0.5633
-1.0000 0.3763 0.0116 0.0048 -0.0566 0.5151 0.5781
-0.7500 0.3990 0.0116 0.0048 -0.0554 0.5051 0.5941
-0.5000 0.4212 0.0117 0.0049 -0.0542 0.4951 0.6119
-0.2500 0.4432 0.0118 0.0050 -0.0529 0.4844 0.6298
0.0000 0.4650 0.0118 0.0051 -0.0515 0.4735 0.6461
0.2500 0.4864 0.0119 0.0052 -0.0502 0.4630 0.6626
0.5000 0.5065 0.0120 0.0053 -0.0485 0.4526 0.6807
0.7500 0.5260 0.0121 0.0054 -0.0468 0.4423 0.6996
1.0000 0.5457 0.0122 0.0055 -0.0451 0.4318 0.7193
1.2500 0.5656 0.0123 0.0057 -0.0435 0.4211 0.7391
1.5000 0.5856 0.0125 0.0059 -0.0419 0.4102 0.7589
1.7500 0.6051 0.0127 0.0061 -0.0403 0.3989 0.7804
2.0000 0.6234 0.0130 0.0064 -0.0385 0.3886 0.8041
2.2500 0.6423 0.0132 0.0067 -0.0367 0.3772 0.8308
2.5000 0.6599 0.0135 0.0070 -0.0346 0.3660 0.8576
2.7500 0.6767 0.0138 0.0073 -0.0324 0.3554 0.8834
3.0000 0.6932 0.0141 0.0076 -0.0302 0.3454 0.9068
3.2500 0.7109 0.0145 0.0080 -0.0283 0.3359 0.9289
3.5000 0.7322 0.0150 0.0084 -0.0273 0.3266 0.9491
3.7500 0.7614 0.0155 0.0088 -0.0280 0.3178 0.9638
4.0000 0.7916 0.0160 0.0093 -0.0290 0.3105 0.9774
4.2500 0.8294 0.0165 0.0097 -0.0317 0.3043 0.9839
4.5000 0.8671 0.0170 0.0102 -0.0344 0.2980 0.9904
4.7500 0.9029 0.0176 0.0107 -0.0367 0.2929 0.9970
5.0000 0.9274 0.0180 0.0111 -0.0368 0.2890 1.0001
