-5.0000 -0.0102 0.0513 0.0461 -0.0929 0.8288 0.2796
-4.7500 0.0306 0.0489 0.0437 -0.0945 0.8250 0.3035
-4.5000 0.0575 0.0469 0.0417 -0.0941 0.8171 0.3285
-4.2500 0.0845 0.0448 0.0396 -0.0936 0.8091 0.3534
-4.0000 0.1114 0.0428 0.0376 -0.0932 0.8012 0.3784
-3.7500 0.1600 0.0328 0.0244 -0.1026 0.7869 0.1440
-3.5000 0.2028 0.0309 0.0221 -0.1042 0.7809 0.1462
-3.2500 0.2315 0.0296 0.0206 -0.1038 0.7702 0.1484
-3.0000 0.2653 0.0283 0.0192 -0.1041 0.7602 0.1513
-2.7500 0.3081 0.0269 0.0175 -0.1058 0.7531 0.1568
-2.5000 0.3304 0.0262 0.0167 -0.1043 0.7384 0.1613
-2.2500 0.3692 0.0250 0.0154 -0.1053 0.7289 0.1683
-2.0000 0.3951 0.0243 0.0146 -0.1044 0.7141 0.1754
-1.7500 0.4244 0.0237 0.0139 -0.1039 0.7003 0.1848
-1.5000 0.4593 0.0227 0.0129 -0.1044 0.6878 0.1967
-1.2500 0.4830 0.0221 0.0124 -0.1032 0.6711 0.2086
-1.0000 0.5089 0.0215 0.0118 -0.1023 0.6552 0.2235
-0.7500 0.5364 0.0209 0.0112 -0.1016 0.6400 0.2431
-0.5000 0.5623 0.0203 0.0106 -0.1009 0.6244 0.2706
-0.2500 0.5797 0.0190 0.0106 -0.0990 0.6081 0.5462
0.0000 0.6582 0.0185 0.0109 -0.1049 0.5872 0.9841
0.2500 0.7036 0.0188 0.0108 -0.1083 0.5694 1.0000
0.5000 0.7214 0.0191 0.0109 -0.1065 0.5557 1.0000
0.7500 0.7410 0.0194 0.0110 -0.1050 0.5434 1.0000
1.0000 0.7607 0.0197 0.0111 -0.1035 0.5311 1.0000
1.2500 0.7840 0.0200 0.0111 -0.1026 0.5213 1.0000
1.5000 0.8023 0.0204 0.0114 -0.1009 0.5108 1.0000
1.7500 0.8289 0.0208 0.0116 -0.1007 0.5031 1.0000
2.0000 0.8460 0.0213 0.0120 -0.0988 0.4943 1.0000
2.2500 0.8715 0.0217 0.0122 -0.0984 0.4872 1.0000
2.5000 0.8939 0.0222 0.0126 -0.0975 0.4804 1.0000
2.7500 0.9144 0.0227 0.0131 -0.0963 0.4734 1.0000
3.0000 0.9411 0.0232 0.0134 -0.0962 0.4678 1.0000
3.2500 0.9680 0.0238 0.0138 -0.0962 0.4630 1.0000
3.5000 0.9849 0.0244 0.0146 -0.0945 0.4574 1.0000
3.7500 1.0069 0.0250 0.0151 -0.0937 0.4520 1.0000
4.0000 1.0338 0.0255 0.0155 -0.0936 0.4474 1.0000
4.2500 1.0637 0.0262 0.0160 -0.0942 0.4433 1.0000
4.5000 1.0782 0.0270 0.0169 -0.0923 0.4391 1.0000
4.7500 1.0962 0.0278 0.0178 -0.0909 0.4349 1.0000
5.0000 1.1173 0.0285 0.0185 -0.0901 0.4310 1.0000
