-5.0000 0.1446 0.0148 0.0069 -0.1285 0.7164 0.1761
-4.7500 0.1711 0.0146 0.0068 -0.1281 0.7079 0.1825
-4.5000 0.1955 0.0146 0.0066 -0.1273 0.6978 0.1895
-4.2500 0.2203 0.0144 0.0065 -0.1266 0.6882 0.1965
-4.0000 0.2463 0.0143 0.0064 -0.1261 0.6791 0.2034
-3.7500 0.2708 0.0143 0.0063 -0.1253 0.6689 0.2111
-3.5000 0.2954 0.0142 0.0062 -0.1245 0.6591 0.2186
-3.2500 0.3212 0.0142 0.0061 -0.1240 0.6498 0.2268
-3.0000 0.3450 0.0141 0.0061 -0.1231 0.6396 0.2346
-2.7500 0.3694 0.0141 0.0060 -0.1223 0.6299 0.2424
-2.5000 0.3944 0.0141 0.0060 -0.1216 0.6205 0.2512
-2.2500 0.4181 0.0141 0.0059 -0.1207 0.6107 0.2599
-2.0000 0.4418 0.0140 0.0059 -0.1199 0.6011 0.2688
-1.7500 0.4660 0.0141 0.0059 -0.1191 0.5916 0.2786
-1.5000 0.4899 0.0141 0.0059 -0.1182 0.5821 0.2893
-1.2500 0.5128 0.0141 0.0059 -0.1172 0.5728 0.3007
-1.0000 0.5373 0.0141 0.0059 -0.1166 0.5651 0.3142
-0.7500 0.5608 0.0141 0.0059 -0.1158 0.5571 0.3296
-0.5000 0.5850 0.0140 0.0060 -0.1151 0.5501 0.3485
-0.2500 0.6089 0.0140 0.0060 -0.1144 0.5434 0.3758
0.0000 0.6327 0.0139 0.0061 -0.1138 0.5372 0.4315
0.2500 0.6547 0.0137 0.0062 -0.1128 0.5306 0.5276
0.5000 0.6782 0.0137 0.0064 -0.1119 0.5249 0.6066
0.7500 0.6998 0.0136 0.0066 -0.1106 0.5187 0.6673
1.0000 0.7224 0.0136 0.0067 -0.1094 0.5134 0.7207
1.2500 0.7450 0.0137 0.0069 -0.1081 0.5081 0.7741
1.5000 0.7670 0.0138 0.0071 -0.1067 0.5035 0.8234
1.7500 0.7919 0.0140 0.0073 -0.1057 0.4995 0.8714
2.0000 0.8146 0.0141 0.0076 -0.1043 0.4948 0.9198
2.2500 0.8524 0.0144 0.0078 -0.1062 0.4901 0.9589
2.5000 0.9013 0.0147 0.0080 -0.1106 0.4859 0.9816
2.7500 0.9494 0.0150 0.0083 -0.1150 0.4812 0.9967
3.0000 0.9733 0.0152 0.0085 -0.1146 0.4774 1.0000
3.2500 0.9931 0.0154 0.0086 -0.1133 0.4741 1.0000
3.5000 1.0145 0.0156 0.0087 -0.1122 0.4706 1.0000
3.7500 1.0274 0.0157 0.0089 -0.1095 0.4667 1.0000
4.0000 1.0464 0.0159 0.0090 -0.1080 0.4628 1.0000
4.2500 1.0731 0.0162 0.0092 -0.1080 0.4594 1.0000
4.5000 1.0933 0.0164 0.0094 -0.1067 0.4560 1.0000
4.7500 1.1125 0.0167 0.0096 -0.1053 0.4524 1.0000
5.0000 1.1357 0.0169 0.0098 -0.1047 0.4489 1.0000
