-5.0000 -0.2978 0.0115 0.0049 -0.0497 0.8688 0.2117
-4.7500 -0.2722 0.0112 0.0047 -0.0491 0.8584 0.2258
-4.5000 -0.2462 0.0110 0.0045 -0.0486 0.8480 0.2410
-4.2500 -0.2205 0.0108 0.0043 -0.0480 0.8362 0.2580
-4.0000 -0.1944 0.0106 0.0041 -0.0475 0.8246 0.2760
-3.7500 -0.1697 0.0103 0.0039 -0.0467 0.8109 0.2971
-3.5000 -0.1447 0.0100 0.0037 -0.0461 0.7983 0.3247
-3.2500 -0.1197 0.0098 0.0036 -0.0454 0.7862 0.3610
-3.0000 -0.0948 0.0096 0.0035 -0.0447 0.7727 0.4018
-2.7500 -0.0698 0.0094 0.0034 -0.0440 0.7596 0.4396
-2.5000 -0.0444 0.0092 0.0033 -0.0433 0.7465 0.4729
-2.2500 -0.0187 0.0092 0.0032 -0.0427 0.7334 0.5047
-2.0000 0.0067 0.0090 0.0032 -0.0420 0.7194 0.5329
-1.7500 0.0324 0.0090 0.0032 -0.0414 0.7055 0.5602
-1.5000 0.0584 0.0089 0.0032 -0.0408 0.6915 0.5861
-1.2500 0.0842 0.0089 0.0031 -0.0401 0.6770 0.6081
-1.0000 0.1100 0.0089 0.0031 -0.0395 0.6608 0.6302
-0.7500 0.1358 0.0089 0.0031 -0.0389 0.6452 0.6518
-0.5000 0.1617 0.0089 0.0031 -0.0382 0.6303 0.6734
-0.2500 0.1876 0.0089 0.0031 -0.0376 0.6159 0.6934
0.0000 0.2134 0.0089 0.0032 -0.0370 0.6017 0.7135
0.2500 0.2394 0.0090 0.0032 -0.0364 0.5863 0.7324
0.5000 0.2651 0.0090 0.0032 -0.0357 0.5718 0.7527
0.7500 0.2903 0.0091 0.0033 -0.0349 0.5575 0.7761
1.0000 0.3154 0.0092 0.0034 -0.0341 0.5431 0.7982
1.2500 0.3405 0.0092 0.0035 -0.0333 0.5287 0.8202
1.5000 0.3658 0.0093 0.0036 -0.0325 0.5142 0.8400
1.7500 0.3909 0.0095 0.0037 -0.0316 0.5006 0.8594
2.0000 0.4159 0.0096 0.0038 -0.0307 0.4880 0.8784
2.2500 0.4411 0.0098 0.0040 -0.0298 0.4765 0.8964
2.5000 0.4667 0.0100 0.0041 -0.0291 0.4662 0.9132
2.7500 0.4941 0.0101 0.0043 -0.0287 0.4557 0.9274
3.0000 0.5223 0.0103 0.0045 -0.0285 0.4459 0.9399
3.2500 0.5532 0.0106 0.0046 -0.0290 0.4360 0.9503
3.5000 0.5873 0.0108 0.0048 -0.0302 0.4267 0.9583
3.7500 0.6250 0.0111 0.0050 -0.0322 0.4181 0.9647
4.0000 0.6594 0.0113 0.0052 -0.0335 0.4101 0.9721
4.2500 0.7014 0.0115 0.0054 -0.0366 0.4017 0.9746
4.5000 0.7416 0.0118 0.0056 -0.0393 0.3930 0.9780
4.7500 0.7807 0.0119 0.0058 -0.0417 0.3844 0.9825
5.0000 0.8168 0.0122 0.0060 -0.0436 0.3772 0.9882
