-5.0000 -0.5878 0.0262 0.0177 -0.0052 0.9136 0.4190
-4.7500 -0.5385 0.0259 0.0176 -0.0091 0.9087 0.4393
-4.5000 -0.5178 0.0257 0.0174 -0.0079 0.8951 0.4553
-4.2500 -0.4663 0.0254 0.0172 -0.0119 0.8899 0.4765
-4.0000 -0.4431 0.0252 0.0170 -0.0109 0.8764 0.4936
-3.7500 -0.3910 0.0248 0.0167 -0.0148 0.8716 0.5160
-3.5000 -0.3663 0.0246 0.0167 -0.0139 0.8585 0.5334
-3.2500 -0.3174 0.0242 0.0163 -0.0168 0.8532 0.5548
-3.0000 -0.2930 0.0240 0.0163 -0.0157 0.8402 0.5722
-2.7500 -0.2495 0.0236 0.0158 -0.0176 0.8343 0.5928
-2.5000 -0.2261 0.0235 0.0158 -0.0163 0.8216 0.6098
-2.2500 -0.1851 0.0231 0.0154 -0.0176 0.8150 0.6291
-2.0000 -0.1610 0.0230 0.0154 -0.0163 0.8020 0.6455
-1.7500 -0.1197 0.0226 0.0150 -0.0175 0.7945 0.6629
-1.5000 -0.0949 0.0226 0.0150 -0.0162 0.7811 0.6787
-1.2500 -0.0539 0.0222 0.0147 -0.0172 0.7738 0.6960
-1.0000 -0.0278 0.0222 0.0148 -0.0160 0.7597 0.7102
-0.7500 0.0031 0.0222 0.0148 -0.0155 0.7480 0.7247
-0.5000 0.0384 0.0220 0.0146 -0.0158 0.7378 0.7393
-0.2500 0.0627 0.0221 0.0147 -0.0145 0.7242 0.7539
0.0000 0.0920 0.0221 0.0146 -0.0138 0.7127 0.7690
0.2500 0.1267 0.0222 0.0146 -0.0139 0.7008 0.7824
0.5000 0.1570 0.0224 0.0149 -0.0134 0.6865 0.7945
0.7500 0.1890 0.0226 0.0150 -0.0131 0.6745 0.8081
1.0000 0.2178 0.0227 0.0151 -0.0125 0.6625 0.8232
1.2500 0.2584 0.0232 0.0155 -0.0138 0.6486 0.8316
1.5000 0.2891 0.0233 0.0156 -0.0137 0.6374 0.8452
1.7500 0.3363 0.0237 0.0158 -0.0163 0.6251 0.8531
2.0000 0.3625 0.0239 0.0161 -0.0157 0.6120 0.8669
2.2500 0.4109 0.0242 0.0164 -0.0188 0.5983 0.8741
2.5000 0.4397 0.0244 0.0164 -0.0187 0.5874 0.8881
2.7500 0.4970 0.0246 0.0165 -0.0238 0.5747 0.8935
3.0000 0.5301 0.0249 0.0169 -0.0249 0.5622 0.9059
3.2500 0.5762 0.0251 0.0170 -0.0282 0.5498 0.9143
3.5000 0.6217 0.0252 0.0170 -0.0314 0.5379 0.9242
3.7500 0.6573 0.0255 0.0172 -0.0331 0.5248 0.9351
4.0000 0.7000 0.0256 0.0173 -0.0361 0.5134 0.9452
4.2500 0.7417 0.0256 0.0173 -0.0390 0.5019 0.9550
4.5000 0.7817 0.0259 0.0175 -0.0418 0.4892 0.9655
4.7500 0.8272 0.0259 0.0175 -0.0455 0.4778 0.9746
5.0000 0.8723 0.0259 0.0174 -0.0493 0.4660 0.9845
