-5.0000 -0.5353 0.0289 0.0203 -0.0128 0.8602 0.4467
-4.7500 -0.5074 0.0287 0.0204 -0.0126 0.8494 0.4579
-4.5000 -0.4548 0.0281 0.0198 -0.0165 0.8458 0.4732
-4.2500 -0.4294 0.0278 0.0195 -0.0158 0.8345 0.4857
-4.0000 -0.4021 0.0275 0.0192 -0.0153 0.8241 0.4991
-3.7500 -0.3571 0.0269 0.0187 -0.0176 0.8191 0.5147
-3.5000 -0.3347 0.0267 0.0185 -0.0162 0.8080 0.5283
-3.2500 -0.3058 0.0264 0.0182 -0.0159 0.7985 0.5424
-3.0000 -0.2645 0.0259 0.0178 -0.0173 0.7918 0.5570
-2.7500 -0.2361 0.0258 0.0177 -0.0168 0.7806 0.5693
-2.5000 -0.2018 0.0255 0.0175 -0.0172 0.7719 0.5825
-2.2500 -0.1678 0.0252 0.0172 -0.0175 0.7628 0.5957
-2.0000 -0.1463 0.0251 0.0171 -0.0159 0.7511 0.6088
-1.7500 -0.1081 0.0247 0.0167 -0.0169 0.7445 0.6239
-1.5000 -0.0871 0.0249 0.0169 -0.0152 0.7317 0.6361
-1.2500 -0.0515 0.0247 0.0168 -0.0157 0.7230 0.6488
-1.0000 -0.0251 0.0246 0.0168 -0.0149 0.7115 0.6614
-0.7500 -0.0017 0.0246 0.0167 -0.0136 0.7001 0.6746
-0.5000 0.0321 0.0243 0.0164 -0.0138 0.6910 0.6886
-0.2500 0.0600 0.0246 0.0167 -0.0131 0.6785 0.6990
0.0000 0.0931 0.0245 0.0166 -0.0133 0.6694 0.7115
0.2500 0.1152 0.0245 0.0166 -0.0119 0.6582 0.7247
0.5000 0.1419 0.0248 0.0168 -0.0111 0.6470 0.7362
0.7500 0.1811 0.0248 0.0168 -0.0121 0.6380 0.7472
1.0000 0.1984 0.0250 0.0171 -0.0100 0.6260 0.7601
1.2500 0.2333 0.0250 0.0169 -0.0104 0.6181 0.7735
1.5000 0.2589 0.0255 0.0176 -0.0095 0.6055 0.7822
1.7500 0.2984 0.0256 0.0175 -0.0108 0.5977 0.7934
2.0000 0.3118 0.0261 0.0181 -0.0081 0.5864 0.8067
2.2500 0.3606 0.0265 0.0183 -0.0108 0.5782 0.8154
2.5000 0.3826 0.0270 0.0190 -0.0095 0.5669 0.8263
2.7500 0.4181 0.0271 0.0189 -0.0102 0.5584 0.8382
3.0000 0.4519 0.0277 0.0196 -0.0110 0.5469 0.8458
3.2500 0.4894 0.0279 0.0197 -0.0123 0.5382 0.8562
3.5000 0.5250 0.0284 0.0203 -0.0136 0.5282 0.8648
3.7500 0.5603 0.0287 0.0205 -0.0148 0.5186 0.8742
4.0000 0.6137 0.0291 0.0208 -0.0193 0.5097 0.8805
4.2500 0.6381 0.0295 0.0213 -0.0190 0.4997 0.8920
4.5000 0.6985 0.0296 0.0212 -0.0245 0.4904 0.8981
4.7500 0.7191 0.0302 0.0219 -0.0238 0.4808 0.9107
5.0000 0.7678 0.0304 0.0220 -0.0277 0.4711 0.9181
