-5.0000 -0.1928 0.0124 0.0053 -0.0551 0.8037 0.1426
-4.7500 -0.1685 0.0121 0.0050 -0.0543 0.7920 0.1518
-4.5000 -0.1437 0.0118 0.0048 -0.0535 0.7799 0.1628
-4.2500 -0.1196 0.0115 0.0045 -0.0526 0.7668 0.1775
-4.0000 -0.0966 0.0112 0.0042 -0.0516 0.7538 0.2053
-3.7500 -0.0789 0.0104 0.0039 -0.0499 0.7394 0.3231
-3.5000 -0.0563 0.0100 0.0038 -0.0488 0.7259 0.3905
-3.2500 -0.0319 0.0099 0.0037 -0.0480 0.7130 0.4311
-3.0000 -0.0067 0.0098 0.0037 -0.0472 0.6998 0.4612
-2.7500 0.0190 0.0097 0.0036 -0.0466 0.6874 0.4868
-2.5000 0.0447 0.0097 0.0036 -0.0459 0.6742 0.5088
-2.2500 0.0706 0.0096 0.0035 -0.0453 0.6613 0.5310
-2.0000 0.0961 0.0096 0.0035 -0.0446 0.6482 0.5537
-1.7500 0.1218 0.0095 0.0035 -0.0439 0.6340 0.5763
-1.5000 0.1476 0.0095 0.0035 -0.0433 0.6206 0.5959
-1.2500 0.1733 0.0095 0.0035 -0.0426 0.6072 0.6140
-1.0000 0.1990 0.0095 0.0035 -0.0420 0.5931 0.6328
-0.7500 0.2246 0.0096 0.0035 -0.0413 0.5792 0.6519
-0.5000 0.2499 0.0096 0.0035 -0.0406 0.5654 0.6717
-0.2500 0.2751 0.0096 0.0036 -0.0398 0.5511 0.6932
0.0000 0.3003 0.0096 0.0036 -0.0391 0.5368 0.7147
0.2500 0.3254 0.0097 0.0037 -0.0383 0.5228 0.7352
0.5000 0.3503 0.0098 0.0037 -0.0375 0.5088 0.7554
0.7500 0.3747 0.0098 0.0038 -0.0366 0.4941 0.7758
1.0000 0.3994 0.0099 0.0039 -0.0357 0.4794 0.7966
1.2500 0.4237 0.0100 0.0040 -0.0348 0.4647 0.8178
1.5000 0.4475 0.0102 0.0041 -0.0337 0.4497 0.8389
1.7500 0.4709 0.0103 0.0043 -0.0325 0.4345 0.8582
2.0000 0.4945 0.0105 0.0044 -0.0314 0.4202 0.8772
2.2500 0.5181 0.0107 0.0046 -0.0303 0.4059 0.8950
2.5000 0.5418 0.0109 0.0048 -0.0292 0.3917 0.9116
2.7500 0.5662 0.0112 0.0050 -0.0283 0.3777 0.9261
3.0000 0.5912 0.0115 0.0052 -0.0276 0.3648 0.9394
3.2500 0.6192 0.0118 0.0054 -0.0275 0.3525 0.9512
3.5000 0.6532 0.0121 0.0057 -0.0288 0.3410 0.9593
3.7500 0.6868 0.0125 0.0060 -0.0301 0.3308 0.9675
4.0000 0.7234 0.0128 0.0062 -0.0320 0.3218 0.9734
4.2500 0.7632 0.0132 0.0065 -0.0348 0.3136 0.9766
4.5000 0.8030 0.0135 0.0068 -0.0374 0.3070 0.9807
4.7500 0.8387 0.0138 0.0071 -0.0393 0.3008 0.9861
5.0000 0.8757 0.0142 0.0074 -0.0415 0.2950 0.9900
