-5.0000 -0.3211 0.0310 0.0215 -0.0446 0.9183 0.1325
-4.7500 -0.2826 0.0301 0.0204 -0.0463 0.9098 0.1375
-4.5000 -0.2437 0.0290 0.0193 -0.0482 0.9010 0.1435
-4.2500 -0.1918 0.0278 0.0182 -0.0523 0.8965 0.1533
-4.0000 -0.1650 0.0272 0.0175 -0.0518 0.8841 0.1616
-3.7500 -0.1134 0.0257 0.0163 -0.0558 0.8796 0.1758
-3.5000 -0.0830 0.0248 0.0156 -0.0560 0.8680 0.1899
-3.2500 -0.0344 0.0232 0.0143 -0.0590 0.8623 0.2148
-3.0000 -0.0074 0.0221 0.0135 -0.0583 0.8494 0.2514
-2.7500 0.0128 0.0203 0.0131 -0.0564 0.8380 0.5014
-2.5000 0.0446 0.0194 0.0128 -0.0545 0.8301 0.6593
-2.2500 0.0669 0.0192 0.0128 -0.0515 0.8168 0.7241
-2.0000 0.0943 0.0191 0.0127 -0.0493 0.8052 0.7696
-1.7500 0.1317 0.0187 0.0123 -0.0487 0.7966 0.8051
-1.5000 0.1582 0.0187 0.0123 -0.0468 0.7821 0.8348
-1.2500 0.1921 0.0187 0.0122 -0.0460 0.7682 0.8607
-1.0000 0.2319 0.0188 0.0122 -0.0462 0.7549 0.8867
-0.7500 0.2825 0.0188 0.0120 -0.0486 0.7417 0.9081
-0.5000 0.3405 0.0188 0.0119 -0.0529 0.7256 0.9257
-0.2500 0.4068 0.0189 0.0118 -0.0590 0.7064 0.9445
0.0000 0.4673 0.0188 0.0115 -0.0646 0.6856 0.9621
0.2500 0.5193 0.0187 0.0112 -0.0693 0.6626 0.9767
0.5000 0.5693 0.0185 0.0108 -0.0738 0.6386 0.9899
0.7500 0.6190 0.0183 0.0104 -0.0784 0.6136 1.0000
1.0000 0.6353 0.0182 0.0102 -0.0769 0.5933 1.0000
1.2500 0.6520 0.0182 0.0100 -0.0754 0.5733 1.0000
1.5000 0.6689 0.0183 0.0099 -0.0738 0.5538 1.0000
1.7500 0.6857 0.0185 0.0099 -0.0722 0.5349 1.0000
2.0000 0.7026 0.0187 0.0100 -0.0705 0.5173 1.0000
2.2500 0.7204 0.0189 0.0100 -0.0689 0.5016 1.0000
2.5000 0.7382 0.0192 0.0101 -0.0672 0.4866 1.0000
2.7500 0.7546 0.0196 0.0104 -0.0654 0.4719 1.0000
3.0000 0.7740 0.0199 0.0106 -0.0640 0.4602 1.0000
3.2500 0.7914 0.0203 0.0109 -0.0623 0.4484 1.0000
3.5000 0.8122 0.0208 0.0112 -0.0611 0.4391 1.0000
3.7500 0.8292 0.0212 0.0116 -0.0593 0.4291 1.0000
4.0000 0.8518 0.0216 0.0119 -0.0584 0.4213 1.0000
4.2500 0.8694 0.0221 0.0124 -0.0567 0.4137 1.0000
4.5000 0.8894 0.0226 0.0129 -0.0554 0.4067 1.0000
4.7500 0.9135 0.0232 0.0133 -0.0549 0.4010 1.0000
5.0000 0.9324 0.0238 0.0140 -0.0535 0.3952 1.0000
