-5.0000 -0.2924 0.0260 0.0184 -0.0430 0.8368 0.4648
-4.7500 -0.2684 0.0260 0.0185 -0.0416 0.8268 0.4985
-4.5000 -0.2408 0.0259 0.0185 -0.0407 0.8175 0.5248
-4.2500 -0.2050 0.0256 0.0182 -0.0410 0.8107 0.5477
-4.0000 -0.1692 0.0254 0.0179 -0.0413 0.8039 0.5706
-3.7500 -0.1423 0.0253 0.0179 -0.0403 0.7940 0.5882
-3.5000 -0.1141 0.0252 0.0178 -0.0394 0.7846 0.6053
-3.2500 -0.0701 0.0246 0.0172 -0.0410 0.7797 0.6228
-3.0000 -0.0453 0.0244 0.0170 -0.0397 0.7685 0.6377
-2.7500 -0.0161 0.0242 0.0168 -0.0389 0.7580 0.6526
-2.5000 0.0290 0.0236 0.0161 -0.0402 0.7519 0.6717
-2.2500 0.0532 0.0234 0.0160 -0.0386 0.7395 0.6886
-2.0000 0.0811 0.0232 0.0158 -0.0375 0.7279 0.7054
-1.7500 0.1126 0.0231 0.0157 -0.0368 0.7171 0.7216
-1.5000 0.1455 0.0228 0.0154 -0.0365 0.7071 0.7376
-1.2500 0.1779 0.0226 0.0151 -0.0363 0.6973 0.7544
-1.0000 0.2071 0.0226 0.0151 -0.0354 0.6858 0.7685
-0.7500 0.2359 0.0226 0.0151 -0.0346 0.6743 0.7833
-0.5000 0.2635 0.0226 0.0150 -0.0337 0.6628 0.7988
-0.2500 0.2922 0.0226 0.0150 -0.0330 0.6508 0.8131
0.0000 0.3233 0.0227 0.0150 -0.0327 0.6384 0.8267
0.2500 0.3578 0.0228 0.0151 -0.0330 0.6255 0.8387
0.5000 0.3918 0.0230 0.0151 -0.0334 0.6123 0.8512
0.7500 0.4243 0.0230 0.0151 -0.0336 0.5993 0.8653
1.0000 0.4627 0.0233 0.0153 -0.0349 0.5844 0.8765
1.2500 0.5005 0.0235 0.0154 -0.0363 0.5694 0.8887
1.5000 0.5406 0.0237 0.0155 -0.0381 0.5546 0.9017
1.7500 0.5909 0.0240 0.0155 -0.0420 0.5396 0.9109
2.0000 0.6350 0.0243 0.0158 -0.0451 0.5233 0.9222
2.2500 0.6795 0.0245 0.0158 -0.0483 0.5081 0.9331
2.5000 0.7272 0.0247 0.0159 -0.0522 0.4936 0.9439
2.7500 0.7711 0.0249 0.0160 -0.0556 0.4800 0.9552
3.0000 0.8218 0.0252 0.0161 -0.0604 0.4664 0.9651
3.2500 0.8623 0.0255 0.0163 -0.0634 0.4539 0.9777
3.5000 0.9165 0.0257 0.0164 -0.0692 0.4409 0.9869
3.7500 0.9661 0.0259 0.0165 -0.0741 0.4299 0.9973
4.0000 0.9874 0.0262 0.0168 -0.0739 0.4212 1.0000
4.2500 0.9990 0.0265 0.0170 -0.0719 0.4146 1.0000
4.5000 1.0117 0.0268 0.0172 -0.0699 0.4082 1.0000
4.7500 1.0227 0.0272 0.0176 -0.0677 0.4024 1.0000
5.0000 1.0337 0.0275 0.0179 -0.0653 0.3968 1.0000
