-5.0000 -0.2481 0.0302 0.0222 -0.0995 0.7924 0.2968
-4.7500 -0.2103 0.0297 0.0218 -0.1010 0.7902 0.3042
-4.5000 -0.1725 0.0292 0.0214 -0.1025 0.7880 0.3116
-4.2500 -0.1347 0.0287 0.0210 -0.1040 0.7858 0.3190
-4.0000 -0.0969 0.0282 0.0206 -0.1055 0.7836 0.3264
-3.7500 -0.0568 0.0276 0.0200 -0.1074 0.7819 0.3353
-3.5000 -0.0164 0.0270 0.0194 -0.1093 0.7806 0.3437
-3.2500 0.0247 0.0264 0.0188 -0.1112 0.7796 0.3530
-3.0000 0.0666 0.0256 0.0181 -0.1133 0.7789 0.3616
-2.7500 0.1084 0.0249 0.0173 -0.1153 0.7778 0.3704
-2.5000 0.1357 0.0246 0.0170 -0.1150 0.7719 0.3780
-2.2500 0.1631 0.0243 0.0168 -0.1148 0.7660 0.3857
-2.0000 0.1904 0.0240 0.0165 -0.1145 0.7601 0.3934
-1.7500 0.2177 0.0237 0.0163 -0.1143 0.7542 0.4010
-1.5000 0.2795 0.0223 0.0149 -0.1195 0.7580 0.4127
-1.2500 0.3139 0.0218 0.0144 -0.1204 0.7532 0.4214
-1.0000 0.3482 0.0214 0.0140 -0.1212 0.7483 0.4302
-0.7500 0.3826 0.0209 0.0135 -0.1221 0.7435 0.4389
-0.5000 0.4350 0.0200 0.0126 -0.1261 0.7419 0.4507
-0.2500 0.4697 0.0196 0.0123 -0.1271 0.7357 0.4604
0.0000 0.5044 0.0193 0.0119 -0.1281 0.7294 0.4701
0.2500 0.5391 0.0189 0.0116 -0.1291 0.7232 0.4798
0.5000 0.5644 0.0188 0.0115 -0.1285 0.7147 0.4885
0.7500 0.5897 0.0187 0.0114 -0.1279 0.7061 0.4972
1.0000 0.6066 0.0189 0.0116 -0.1258 0.6958 0.5055
1.2500 0.6476 0.0185 0.0112 -0.1279 0.6893 0.5166
1.5000 0.6707 0.0185 0.0112 -0.1270 0.6793 0.5252
1.7500 0.7077 0.0182 0.0109 -0.1284 0.6709 0.5364
2.0000 0.7253 0.0184 0.0111 -0.1265 0.6595 0.5449
2.2500 0.7535 0.0184 0.0111 -0.1265 0.6501 0.5556
2.5000 0.7818 0.0184 0.0111 -0.1264 0.6407 0.5664
2.7500 0.8130 0.0185 0.0111 -0.1270 0.6319 0.5784
3.0000 0.8381 0.0186 0.0112 -0.1264 0.6223 0.5870
3.2500 0.8625 0.0188 0.0114 -0.1258 0.6127 0.5981
3.5000 0.8953 0.0188 0.0114 -0.1266 0.6039 0.6081
3.7500 0.9115 0.0192 0.0117 -0.1246 0.5934 0.6191
4.0000 0.9461 0.0192 0.0117 -0.1258 0.5847 0.6292
4.2500 0.9561 0.0197 0.0122 -0.1227 0.5740 0.6398
4.5000 0.9828 0.0198 0.0123 -0.1225 0.5650 0.6503
4.7500 0.9989 0.0202 0.0127 -0.1206 0.5552 0.6604
5.0000 1.0247 0.0204 0.0129 -0.1203 0.5467 0.6723
