-5.0000 0.1376 0.0186 0.0104 -0.1387 0.7630 0.2179
-4.7500 0.1664 0.0184 0.0101 -0.1387 0.7560 0.2257
-4.5000 0.1908 0.0182 0.0099 -0.1379 0.7476 0.2321
-4.2500 0.2245 0.0180 0.0096 -0.1388 0.7416 0.2410
-4.0000 0.2468 0.0178 0.0095 -0.1377 0.7328 0.2479
-3.7500 0.2749 0.0177 0.0093 -0.1375 0.7251 0.2572
-3.5000 0.3064 0.0175 0.0091 -0.1381 0.7186 0.2659
-3.2500 0.3282 0.0174 0.0091 -0.1369 0.7096 0.2739
-3.0000 0.3597 0.0173 0.0088 -0.1374 0.7030 0.2835
-2.7500 0.3842 0.0172 0.0088 -0.1367 0.6950 0.2919
-2.5000 0.4106 0.0171 0.0087 -0.1363 0.6871 0.3020
-2.2500 0.4437 0.0170 0.0085 -0.1372 0.6810 0.3123
-2.0000 0.4628 0.0170 0.0086 -0.1354 0.6719 0.3216
-1.7500 0.4920 0.0169 0.0084 -0.1356 0.6646 0.3334
-1.5000 0.5170 0.0169 0.0084 -0.1350 0.6570 0.3446
-1.2500 0.5413 0.0168 0.0084 -0.1342 0.6492 0.3564
-1.0000 0.5728 0.0168 0.0083 -0.1349 0.6432 0.3706
-0.7500 0.5947 0.0168 0.0083 -0.1337 0.6358 0.3846
-0.5000 0.6200 0.0167 0.0083 -0.1332 0.6290 0.4000
-0.2500 0.6515 0.0167 0.0083 -0.1339 0.6235 0.4190
0.0000 0.6726 0.0167 0.0084 -0.1327 0.6169 0.4389
0.2500 0.6965 0.0166 0.0085 -0.1319 0.6104 0.4644
0.5000 0.7256 0.0166 0.0086 -0.1322 0.6051 0.5004
0.7500 0.7497 0.0166 0.0088 -0.1315 0.5997 0.5487
1.0000 0.7695 0.0166 0.0090 -0.1299 0.5938 0.6116
1.2500 0.7928 0.0165 0.0092 -0.1288 0.5887 0.6846
1.5000 0.8195 0.0165 0.0094 -0.1282 0.5843 0.7579
1.7500 0.8374 0.0166 0.0097 -0.1257 0.5794 0.8266
2.0000 0.8591 0.0167 0.0100 -0.1239 0.5739 0.8978
2.2500 0.9047 0.0169 0.0101 -0.1272 0.5684 0.9574
2.5000 0.9645 0.0172 0.0103 -0.1336 0.5635 0.9898
2.7500 0.9931 0.0175 0.0106 -0.1344 0.5585 1.0000
3.0000 1.0052 0.0177 0.0107 -0.1316 0.5533 1.0000
3.2500 1.0267 0.0179 0.0108 -0.1305 0.5483 1.0000
3.5000 1.0579 0.0181 0.0109 -0.1314 0.5436 1.0000
3.7500 1.0713 0.0184 0.0112 -0.1288 0.5386 1.0000
4.0000 1.0878 0.0187 0.0115 -0.1269 0.5335 1.0000
4.2500 1.1120 0.0189 0.0116 -0.1263 0.5288 1.0000
4.5000 1.1440 0.0192 0.0118 -0.1273 0.5246 1.0000
4.7500 1.1632 0.0196 0.0121 -0.1259 0.5202 1.0000
5.0000 1.1772 0.0199 0.0125 -0.1236 0.5154 1.0000
