-5.0000 -0.1767 0.0114 0.0046 -0.0819 0.8831 0.1426
-4.7500 -0.1507 0.0111 0.0044 -0.0814 0.8739 0.1549
-4.5000 -0.1232 0.0109 0.0043 -0.0812 0.8659 0.1732
-4.2500 -0.0964 0.0107 0.0041 -0.0809 0.8569 0.1925
-4.0000 -0.0690 0.0105 0.0040 -0.0807 0.8480 0.2125
-3.7500 -0.0420 0.0103 0.0039 -0.0804 0.8385 0.2301
-3.5000 -0.0143 0.0101 0.0037 -0.0802 0.8289 0.2467
-3.2500 0.0123 0.0100 0.0036 -0.0798 0.8176 0.2632
-3.0000 0.0398 0.0098 0.0034 -0.0796 0.8071 0.2817
-2.7500 0.0667 0.0097 0.0033 -0.0792 0.7951 0.3007
-2.5000 0.0937 0.0096 0.0032 -0.0789 0.7836 0.3218
-2.2500 0.1206 0.0095 0.0032 -0.0786 0.7719 0.3449
-2.0000 0.1475 0.0093 0.0031 -0.0783 0.7603 0.3681
-1.7500 0.1742 0.0092 0.0030 -0.0779 0.7488 0.3965
-1.5000 0.2004 0.0091 0.0029 -0.0775 0.7364 0.4329
-1.2500 0.2261 0.0089 0.0029 -0.0770 0.7226 0.4765
-1.0000 0.2516 0.0088 0.0029 -0.0764 0.7091 0.5292
-0.7500 0.2768 0.0087 0.0029 -0.0757 0.6959 0.5813
-0.5000 0.3021 0.0085 0.0029 -0.0750 0.6828 0.6334
-0.2500 0.3275 0.0084 0.0029 -0.0742 0.6704 0.6788
0.0000 0.3528 0.0084 0.0029 -0.0735 0.6584 0.7224
0.2500 0.3778 0.0084 0.0030 -0.0726 0.6465 0.7657
0.5000 0.4027 0.0083 0.0031 -0.0716 0.6354 0.8072
0.7500 0.4273 0.0084 0.0032 -0.0705 0.6238 0.8475
1.0000 0.4525 0.0084 0.0033 -0.0695 0.6129 0.8840
1.2500 0.4797 0.0086 0.0034 -0.0689 0.6021 0.9155
1.5000 0.5106 0.0087 0.0035 -0.0692 0.5900 0.9408
1.7500 0.5453 0.0089 0.0036 -0.0704 0.5787 0.9570
2.0000 0.5805 0.0090 0.0037 -0.0718 0.5679 0.9710
2.2500 0.6235 0.0092 0.0038 -0.0750 0.5572 0.9800
2.5000 0.6643 0.0094 0.0039 -0.0777 0.5468 0.9888
2.7500 0.7099 0.0095 0.0040 -0.0815 0.5341 0.9948
3.0000 0.7507 0.0097 0.0041 -0.0844 0.5217 1.0000
3.2500 0.7711 0.0098 0.0041 -0.0830 0.5117 1.0000
3.5000 0.7920 0.0099 0.0042 -0.0817 0.5028 1.0000
3.7500 0.8131 0.0100 0.0043 -0.0803 0.4933 1.0000
4.0000 0.8341 0.0102 0.0044 -0.0790 0.4840 1.0000
4.2500 0.8552 0.0103 0.0045 -0.0776 0.4741 1.0000
4.5000 0.8765 0.0105 0.0046 -0.0763 0.4655 1.0000
4.7500 0.8986 0.0106 0.0048 -0.0752 0.4565 1.0000
5.0000 0.9198 0.0108 0.0049 -0.0739 0.4481 1.0000
