-5.0000 -0.4185 0.0261 0.0169 -0.0557 1.0000 0.1074
-4.7500 -0.3969 0.0259 0.0166 -0.0554 1.0000 0.1171
-4.5000 -0.3644 0.0255 0.0163 -0.0572 0.9972 0.1309
-4.2500 -0.3230 0.0253 0.0162 -0.0605 0.9921 0.1480
-4.0000 -0.2814 0.0250 0.0158 -0.0637 0.9873 0.1683
-3.7500 -0.2444 0.0247 0.0157 -0.0661 0.9807 0.1906
-3.5000 -0.2014 0.0246 0.0156 -0.0695 0.9752 0.2182
-3.2500 -0.1624 0.0244 0.0155 -0.0722 0.9688 0.2472
-3.0000 -0.1253 0.0241 0.0154 -0.0744 0.9614 0.2800
-2.7500 -0.0814 0.0241 0.0155 -0.0778 0.9565 0.3202
-2.5000 -0.0526 0.0240 0.0155 -0.0785 0.9486 0.3558
-2.2500 -0.0148 0.0239 0.0156 -0.0808 0.9422 0.3983
-2.0000 0.0289 0.0239 0.0157 -0.0839 0.9373 0.4432
-1.7500 0.0545 0.0238 0.0158 -0.0838 0.9268 0.4829
-1.5000 0.0972 0.0237 0.0158 -0.0866 0.9214 0.5351
-1.2500 0.1221 0.0236 0.0160 -0.0861 0.9116 0.5821
-1.0000 0.1585 0.0234 0.0160 -0.0874 0.9051 0.6442
-0.7500 0.1905 0.0232 0.0161 -0.0877 0.8984 0.7194
-0.5000 0.2088 0.0229 0.0162 -0.0848 0.8889 0.8219
-0.2500 0.2601 0.0226 0.0159 -0.0888 0.8837 1.0000
0.0000 0.2850 0.0228 0.0160 -0.0889 0.8718 1.0000
0.2500 0.3312 0.0228 0.0158 -0.0923 0.8659 1.0000
0.5000 0.3650 0.0229 0.0158 -0.0934 0.8570 1.0000
0.7500 0.3988 0.0229 0.0157 -0.0945 0.8481 1.0000
1.0000 0.4413 0.0227 0.0155 -0.0969 0.8421 1.0000
1.2500 0.4675 0.0229 0.0156 -0.0966 0.8306 1.0000
1.5000 0.5158 0.0224 0.0151 -0.0997 0.8266 1.0000
1.7500 0.5360 0.0228 0.0154 -0.0984 0.8138 1.0000
2.0000 0.5801 0.0222 0.0149 -0.1005 0.8086 1.0000
2.2500 0.6131 0.0220 0.0146 -0.1008 0.7994 1.0000
2.5000 0.6461 0.0218 0.0144 -0.1012 0.7902 1.0000
2.7500 0.6789 0.0216 0.0142 -0.1014 0.7809 1.0000
3.0000 0.7117 0.0214 0.0140 -0.1017 0.7716 1.0000
3.2500 0.7451 0.0211 0.0137 -0.1019 0.7621 1.0000
3.5000 0.7793 0.0207 0.0133 -0.1021 0.7516 1.0000
3.7500 0.8084 0.0205 0.0132 -0.1016 0.7390 1.0000
4.0000 0.8483 0.0198 0.0125 -0.1026 0.7295 1.0000
4.2500 0.8729 0.0198 0.0126 -0.1014 0.7140 1.0000
4.5000 0.9025 0.0196 0.0124 -0.1009 0.6995 1.0000
4.7500 0.9358 0.0192 0.0120 -0.1008 0.6849 1.0000
5.0000 0.9679 0.0190 0.0117 -0.1006 0.6692 1.0000
