-5.0000 -0.0977 0.0118 0.0047 -0.0805 0.8597 0.0446
-4.7500 -0.0715 0.0116 0.0046 -0.0799 0.8479 0.0476
-4.5000 -0.0439 0.0115 0.0043 -0.0796 0.8374 0.0511
-4.2500 -0.0172 0.0113 0.0042 -0.0792 0.8248 0.0552
-4.0000 0.0100 0.0111 0.0040 -0.0788 0.8131 0.0625
-3.7500 0.0372 0.0110 0.0039 -0.0785 0.8008 0.0687
-3.5000 0.0642 0.0109 0.0037 -0.0781 0.7875 0.0743
-3.2500 0.0913 0.0108 0.0036 -0.0777 0.7744 0.0802
-3.0000 0.1182 0.0107 0.0035 -0.0773 0.7604 0.0864
-2.7500 0.1451 0.0106 0.0034 -0.0770 0.7453 0.0934
-2.5000 0.1720 0.0105 0.0033 -0.0766 0.7303 0.1013
-2.2500 0.1987 0.0105 0.0032 -0.0762 0.7146 0.1106
-2.0000 0.2251 0.0104 0.0031 -0.0757 0.6975 0.1211
-1.7500 0.2515 0.0104 0.0030 -0.0753 0.6792 0.1341
-1.5000 0.2777 0.0104 0.0030 -0.0748 0.6605 0.1537
-1.2500 0.3036 0.0103 0.0030 -0.0744 0.6422 0.1834
-1.0000 0.3289 0.0101 0.0029 -0.0739 0.6239 0.2230
-0.7500 0.3482 0.0091 0.0028 -0.0727 0.6065 0.5059
-0.5000 0.3696 0.0088 0.0029 -0.0713 0.5877 0.6493
-0.2500 0.3915 0.0086 0.0029 -0.0698 0.5678 0.7414
0.0000 0.4134 0.0085 0.0030 -0.0681 0.5475 0.8165
0.2500 0.4358 0.0086 0.0031 -0.0664 0.5270 0.8765
0.5000 0.4629 0.0088 0.0032 -0.0657 0.5066 0.9219
0.7500 0.4958 0.0090 0.0034 -0.0665 0.4856 0.9523
1.0000 0.5348 0.0093 0.0035 -0.0687 0.4645 0.9727
1.2500 0.5796 0.0096 0.0036 -0.0723 0.4445 0.9877
1.5000 0.6232 0.0098 0.0037 -0.0758 0.4283 0.9939
1.7500 0.6668 0.0101 0.0039 -0.0792 0.4120 1.0000
2.0000 0.6870 0.0103 0.0039 -0.0778 0.4022 1.0000
2.2500 0.7082 0.0104 0.0040 -0.0765 0.3933 1.0000
2.5000 0.7286 0.0106 0.0041 -0.0751 0.3857 1.0000
2.7500 0.7512 0.0107 0.0042 -0.0741 0.3791 1.0000
3.0000 0.7731 0.0109 0.0044 -0.0729 0.3729 1.0000
3.2500 0.7948 0.0112 0.0045 -0.0717 0.3674 1.0000
3.5000 0.8181 0.0113 0.0046 -0.0708 0.3629 1.0000
3.7500 0.8413 0.0115 0.0048 -0.0699 0.3584 1.0000
4.0000 0.8643 0.0117 0.0050 -0.0690 0.3542 1.0000
4.2500 0.8875 0.0120 0.0052 -0.0682 0.3496 1.0000
4.5000 0.9120 0.0122 0.0054 -0.0675 0.3458 1.0000
4.7500 0.9364 0.0124 0.0056 -0.0669 0.3418 1.0000
5.0000 0.9607 0.0126 0.0058 -0.0663 0.3380 1.0000
