-5.0000 -0.1980 0.0595 0.0543 -0.0898 0.9160 0.1491
-4.7500 -0.1251 0.0363 0.0284 -0.1146 0.9167 0.1056
-4.5000 -0.0779 0.0351 0.0268 -0.1189 0.9135 0.1136
-4.2500 -0.0604 0.0346 0.0263 -0.1176 0.9028 0.1187
-4.0000 -0.0181 0.0334 0.0248 -0.1206 0.8979 0.1259
-3.7500 0.0294 0.0322 0.0233 -0.1244 0.8947 0.1355
-3.5000 0.0477 0.0318 0.0228 -0.1231 0.8842 0.1443
-3.2500 0.0866 0.0312 0.0222 -0.1253 0.8792 0.1580
-3.0000 0.1301 0.0306 0.0216 -0.1282 0.8759 0.1755
-2.7500 0.1473 0.0307 0.0217 -0.1268 0.8655 0.1887
-2.5000 0.1857 0.0302 0.0212 -0.1287 0.8601 0.2109
-2.2500 0.2299 0.0296 0.0207 -0.1315 0.8567 0.2356
-2.0000 0.2466 0.0298 0.0209 -0.1300 0.8458 0.2532
-1.7500 0.2851 0.0293 0.0205 -0.1317 0.8409 0.2807
-1.5000 0.3296 0.0287 0.0199 -0.1344 0.8379 0.3135
-1.2500 0.3565 0.0286 0.0199 -0.1343 0.8299 0.3437
-1.0000 0.3834 0.0285 0.0199 -0.1342 0.8219 0.3738
-0.7500 0.4290 0.0277 0.0193 -0.1369 0.8194 0.4206
-0.5000 0.4554 0.0274 0.0193 -0.1366 0.8114 0.4700
-0.2500 0.4818 0.0272 0.0193 -0.1362 0.8034 0.5194
0.0000 0.5240 0.0261 0.0186 -0.1377 0.8014 0.6532
0.2500 0.5463 0.0260 0.0186 -0.1362 0.7933 0.8266
0.5000 0.5686 0.0258 0.0187 -0.1348 0.7853 1.0000
0.7500 0.6146 0.0253 0.0180 -0.1374 0.7829 1.0000
1.0000 0.6408 0.0255 0.0181 -0.1371 0.7751 1.0000
1.2500 0.6671 0.0258 0.0183 -0.1367 0.7673 1.0000
1.5000 0.6933 0.0260 0.0184 -0.1364 0.7595 1.0000
1.7500 0.7195 0.0262 0.0186 -0.1361 0.7517 1.0000
2.0000 0.7613 0.0257 0.0180 -0.1378 0.7483 1.0000
2.2500 0.7943 0.0256 0.0178 -0.1383 0.7428 1.0000
2.5000 0.8242 0.0256 0.0178 -0.1384 0.7359 1.0000
2.7500 0.8541 0.0256 0.0177 -0.1385 0.7290 1.0000
3.0000 0.8847 0.0256 0.0177 -0.1387 0.7225 1.0000
3.2500 0.9153 0.0256 0.0177 -0.1389 0.7160 1.0000
3.5000 0.9459 0.0256 0.0177 -0.1391 0.7095 1.0000
3.7500 0.9684 0.0261 0.0182 -0.1382 0.7013 1.0000
4.0000 0.9909 0.0266 0.0187 -0.1374 0.6931 1.0000
4.2500 1.0380 0.0257 0.0178 -0.1397 0.6895 1.0000
4.5000 1.0466 0.0267 0.0189 -0.1368 0.6772 1.0000
4.7500 1.0941 0.0258 0.0179 -0.1391 0.6724 1.0000
5.0000 1.1061 0.0266 0.0188 -0.1367 0.6612 1.0000
