-5.0000 -0.5738 0.0175 0.0089 -0.0028 1.0000 0.2971
-4.7500 -0.5546 0.0169 0.0086 -0.0013 1.0000 0.3361
-4.5000 -0.5350 0.0165 0.0083 0.0001 1.0000 0.3766
-4.2500 -0.5150 0.0161 0.0080 0.0015 1.0000 0.4182
-4.0000 -0.4948 0.0158 0.0079 0.0029 1.0000 0.4585
-3.7500 -0.4740 0.0155 0.0077 0.0043 1.0000 0.4987
-3.5000 -0.4529 0.0152 0.0077 0.0056 1.0000 0.5374
-3.2500 -0.4316 0.0150 0.0076 0.0069 1.0000 0.5775
-3.0000 -0.4104 0.0149 0.0076 0.0084 1.0000 0.6167
-2.7500 -0.3893 0.0147 0.0077 0.0099 1.0000 0.6567
-2.5000 -0.3685 0.0147 0.0077 0.0114 1.0000 0.6973
-2.2500 -0.3486 0.0146 0.0079 0.0133 1.0000 0.7365
-2.0000 -0.3298 0.0147 0.0081 0.0155 1.0000 0.7769
-1.7500 -0.3118 0.0148 0.0083 0.0179 1.0000 0.8193
-1.5000 -0.2933 0.0150 0.0086 0.0203 1.0000 0.8596
-1.2500 -0.2699 0.0154 0.0089 0.0216 1.0000 0.9025
-1.0000 -0.2272 0.0158 0.0094 0.0189 1.0000 0.9421
-0.7500 -0.1627 0.0164 0.0098 0.0115 1.0000 0.9736
-0.5000 -0.0815 0.0168 0.0102 0.0005 0.9978 0.9912
-0.2500 -0.0071 0.0169 0.0102 -0.0096 0.9904 1.0000
0.0000 0.0523 0.0169 0.0101 -0.0170 0.9767 1.0000
0.2500 0.1125 0.0168 0.0100 -0.0241 0.9625 1.0000
0.5000 0.1749 0.0165 0.0098 -0.0312 0.9488 1.0000
0.7500 0.2368 0.0162 0.0095 -0.0379 0.9353 1.0000
1.0000 0.2854 0.0158 0.0091 -0.0419 0.9180 1.0000
1.2500 0.3246 0.0155 0.0088 -0.0438 0.8970 1.0000
1.5000 0.3580 0.0151 0.0085 -0.0442 0.8751 1.0000
1.7500 0.3848 0.0148 0.0082 -0.0433 0.8513 1.0000
2.0000 0.4075 0.0146 0.0079 -0.0415 0.8246 1.0000
2.2500 0.4288 0.0144 0.0077 -0.0394 0.7968 1.0000
2.5000 0.4507 0.0143 0.0075 -0.0374 0.7698 1.0000
2.7500 0.4714 0.0143 0.0075 -0.0355 0.7403 1.0000
3.0000 0.4930 0.0143 0.0074 -0.0336 0.7115 1.0000
3.2500 0.5140 0.0144 0.0074 -0.0316 0.6797 1.0000
3.5000 0.5348 0.0145 0.0074 -0.0298 0.6462 1.0000
3.7500 0.5557 0.0147 0.0074 -0.0279 0.6127 1.0000
4.0000 0.5763 0.0149 0.0075 -0.0261 0.5782 1.0000
4.2500 0.5968 0.0152 0.0077 -0.0243 0.5430 1.0000
4.5000 0.6171 0.0155 0.0078 -0.0226 0.5081 1.0000
4.7500 0.6370 0.0158 0.0080 -0.0208 0.4720 1.0000
5.0000 0.6561 0.0163 0.0083 -0.0190 0.4323 1.0000
