-5.0000 -0.6840 0.0256 0.0171 0.0100 0.9572 0.4224
-4.7500 -0.6504 0.0255 0.0170 0.0085 0.9467 0.4377
-4.5000 -0.6057 0.0254 0.0170 0.0052 0.9390 0.4547
-4.2500 -0.5747 0.0253 0.0169 0.0044 0.9274 0.4701
-4.0000 -0.5276 0.0251 0.0169 0.0009 0.9203 0.4876
-3.7500 -0.5000 0.0250 0.0168 0.0009 0.9081 0.5024
-3.5000 -0.4529 0.0248 0.0166 -0.0025 0.9014 0.5202
-3.2500 -0.4271 0.0246 0.0165 -0.0022 0.8891 0.5360
-3.0000 -0.3807 0.0244 0.0163 -0.0053 0.8829 0.5546
-2.7500 -0.3518 0.0243 0.0164 -0.0053 0.8715 0.5693
-2.5000 -0.3047 0.0240 0.0162 -0.0083 0.8650 0.5867
-2.2500 -0.2719 0.0238 0.0160 -0.0087 0.8544 0.6025
-2.0000 -0.2292 0.0234 0.0157 -0.0106 0.8465 0.6202
-1.7500 -0.1978 0.0232 0.0155 -0.0106 0.8354 0.6365
-1.5000 -0.1573 0.0228 0.0152 -0.0119 0.8275 0.6535
-1.2500 -0.1282 0.0226 0.0151 -0.0114 0.8162 0.6691
-1.0000 -0.0902 0.0223 0.0149 -0.0122 0.8079 0.6862
-0.7500 -0.0630 0.0222 0.0148 -0.0113 0.7956 0.7023
-0.5000 -0.0243 0.0219 0.0146 -0.0120 0.7870 0.7189
-0.2500 0.0010 0.0219 0.0146 -0.0108 0.7736 0.7344
0.0000 0.0401 0.0215 0.0142 -0.0116 0.7651 0.7503
0.2500 0.0629 0.0216 0.0143 -0.0100 0.7505 0.7659
0.5000 0.0981 0.0215 0.0142 -0.0101 0.7395 0.7805
0.7500 0.1327 0.0216 0.0143 -0.0100 0.7269 0.7941
1.0000 0.1620 0.0218 0.0145 -0.0093 0.7132 0.8089
1.2500 0.1957 0.0218 0.0144 -0.0092 0.7013 0.8240
1.5000 0.2286 0.0218 0.0145 -0.0091 0.6877 0.8377
1.7500 0.2681 0.0221 0.0147 -0.0102 0.6722 0.8473
2.0000 0.3006 0.0223 0.0149 -0.0103 0.6578 0.8608
2.2500 0.3408 0.0225 0.0150 -0.0117 0.6436 0.8723
2.5000 0.3867 0.0227 0.0151 -0.0142 0.6294 0.8815
2.7500 0.4158 0.0229 0.0152 -0.0140 0.6140 0.8960
3.0000 0.4727 0.0231 0.0154 -0.0189 0.5963 0.9018
3.2500 0.5059 0.0232 0.0155 -0.0197 0.5807 0.9156
3.5000 0.5601 0.0234 0.0155 -0.0243 0.5633 0.9225
3.7500 0.5943 0.0235 0.0155 -0.0255 0.5483 0.9356
4.0000 0.6447 0.0236 0.0155 -0.0297 0.5312 0.9438
4.2500 0.6836 0.0236 0.0155 -0.0319 0.5153 0.9555
4.5000 0.7296 0.0237 0.0155 -0.0356 0.4988 0.9656
4.7500 0.7744 0.0238 0.0155 -0.0392 0.4819 0.9756
5.0000 0.8191 0.0238 0.0154 -0.0428 0.4648 0.9865
