-5.0000 -0.3802 0.0123 0.0057 -0.0323 0.7651 0.3453
-4.7500 -0.3572 0.0122 0.0055 -0.0313 0.7537 0.3556
-4.5000 -0.3340 0.0120 0.0054 -0.0304 0.7422 0.3667
-4.2500 -0.3106 0.0119 0.0053 -0.0294 0.7311 0.3784
-4.0000 -0.2874 0.0118 0.0052 -0.0284 0.7198 0.3909
-3.7500 -0.2642 0.0117 0.0051 -0.0275 0.7081 0.4042
-3.5000 -0.2409 0.0116 0.0050 -0.0265 0.6966 0.4173
-3.2500 -0.2171 0.0115 0.0049 -0.0256 0.6856 0.4300
-3.0000 -0.1931 0.0115 0.0048 -0.0247 0.6744 0.4417
-2.7500 -0.1692 0.0114 0.0047 -0.0238 0.6632 0.4534
-2.5000 -0.1452 0.0114 0.0047 -0.0230 0.6513 0.4643
-2.2500 -0.1209 0.0113 0.0046 -0.0222 0.6397 0.4751
-2.0000 -0.0966 0.0113 0.0046 -0.0214 0.6282 0.4861
-1.7500 -0.0724 0.0113 0.0046 -0.0205 0.6166 0.4974
-1.5000 -0.0482 0.0112 0.0045 -0.0197 0.6051 0.5090
-1.2500 -0.0239 0.0112 0.0045 -0.0189 0.5936 0.5204
-1.0000 0.0005 0.0112 0.0045 -0.0181 0.5831 0.5311
-0.7500 0.0251 0.0112 0.0045 -0.0173 0.5720 0.5415
-0.5000 0.0499 0.0113 0.0045 -0.0166 0.5620 0.5528
-0.2500 0.0746 0.0112 0.0045 -0.0159 0.5517 0.5625
0.0000 0.0994 0.0113 0.0045 -0.0152 0.5420 0.5733
0.2500 0.1241 0.0113 0.0045 -0.0145 0.5330 0.5838
0.5000 0.1489 0.0113 0.0046 -0.0138 0.5230 0.5945
0.7500 0.1736 0.0114 0.0046 -0.0130 0.5134 0.6062
1.0000 0.1979 0.0114 0.0046 -0.0123 0.5042 0.6182
1.2500 0.2223 0.0115 0.0046 -0.0115 0.4951 0.6302
1.5000 0.2466 0.0115 0.0047 -0.0107 0.4861 0.6422
1.7500 0.2711 0.0115 0.0048 -0.0100 0.4776 0.6545
2.0000 0.2954 0.0116 0.0049 -0.0092 0.4694 0.6669
2.2500 0.3196 0.0117 0.0050 -0.0084 0.4613 0.6807
2.5000 0.3439 0.0117 0.0051 -0.0076 0.4531 0.6943
2.7500 0.3678 0.0118 0.0052 -0.0068 0.4455 0.7073
3.0000 0.3919 0.0119 0.0053 -0.0060 0.4375 0.7200
3.2500 0.4160 0.0120 0.0054 -0.0052 0.4301 0.7330
3.5000 0.4397 0.0121 0.0055 -0.0043 0.4227 0.7463
3.7500 0.4635 0.0122 0.0056 -0.0034 0.4152 0.7603
4.0000 0.4867 0.0123 0.0058 -0.0025 0.4087 0.7745
4.2500 0.5100 0.0124 0.0059 -0.0015 0.4016 0.7888
4.5000 0.5330 0.0126 0.0061 -0.0005 0.3949 0.8023
4.7500 0.5556 0.0127 0.0063 0.0006 0.3881 0.8162
5.0000 0.5780 0.0128 0.0065 0.0017 0.3817 0.8301
