-5.0000 -0.4404 0.0173 0.0099 -0.0277 0.8432 0.4019
-4.7500 -0.4190 0.0171 0.0097 -0.0263 0.8321 0.4113
-4.5000 -0.3922 0.0168 0.0094 -0.0259 0.8229 0.4205
-4.2500 -0.3680 0.0166 0.0092 -0.0250 0.8128 0.4299
-4.0000 -0.3433 0.0164 0.0090 -0.0242 0.8021 0.4393
-3.7500 -0.3177 0.0163 0.0088 -0.0235 0.7920 0.4487
-3.5000 -0.2946 0.0161 0.0086 -0.0224 0.7804 0.4594
-3.2500 -0.2680 0.0159 0.0085 -0.0219 0.7701 0.4691
-3.0000 -0.2443 0.0158 0.0083 -0.0209 0.7581 0.4797
-2.7500 -0.2192 0.0157 0.0082 -0.0201 0.7475 0.4905
-2.5000 -0.1936 0.0155 0.0081 -0.0194 0.7360 0.5005
-2.2500 -0.1696 0.0155 0.0080 -0.0185 0.7250 0.5116
-2.0000 -0.1427 0.0153 0.0079 -0.0181 0.7136 0.5210
-1.7500 -0.1186 0.0153 0.0078 -0.0172 0.7019 0.5318
-1.5000 -0.0921 0.0152 0.0077 -0.0166 0.6912 0.5424
-1.2500 -0.0678 0.0151 0.0077 -0.0158 0.6800 0.5534
-1.0000 -0.0424 0.0151 0.0076 -0.0151 0.6701 0.5659
-0.7500 -0.0171 0.0151 0.0076 -0.0144 0.6592 0.5765
-0.5000 0.0087 0.0150 0.0075 -0.0138 0.6489 0.5883
-0.2500 0.0330 0.0150 0.0076 -0.0129 0.6375 0.5999
0.0000 0.0598 0.0150 0.0075 -0.0125 0.6272 0.6110
0.2500 0.0830 0.0150 0.0075 -0.0114 0.6154 0.6231
0.5000 0.1092 0.0150 0.0075 -0.0108 0.6057 0.6361
0.7500 0.1332 0.0150 0.0076 -0.0099 0.5944 0.6484
1.0000 0.1592 0.0150 0.0076 -0.0093 0.5848 0.6613
1.2500 0.1835 0.0151 0.0076 -0.0084 0.5745 0.6746
1.5000 0.2077 0.0151 0.0077 -0.0075 0.5646 0.6882
1.7500 0.2346 0.0152 0.0077 -0.0070 0.5554 0.7008
2.0000 0.2585 0.0152 0.0079 -0.0060 0.5445 0.7131
2.2500 0.2830 0.0153 0.0080 -0.0051 0.5345 0.7260
2.5000 0.3082 0.0154 0.0080 -0.0044 0.5254 0.7395
2.7500 0.3321 0.0155 0.0081 -0.0034 0.5157 0.7532
3.0000 0.3572 0.0157 0.0083 -0.0026 0.5060 0.7657
3.2500 0.3828 0.0158 0.0085 -0.0019 0.4975 0.7790
3.5000 0.4047 0.0159 0.0086 -0.0006 0.4882 0.7933
3.7500 0.4311 0.0161 0.0089 -0.0000 0.4792 0.8042
4.0000 0.4561 0.0163 0.0090 0.0008 0.4704 0.8164
4.2500 0.4775 0.0165 0.0092 0.0022 0.4609 0.8301
4.5000 0.5027 0.0167 0.0095 0.0031 0.4517 0.8417
4.7500 0.5278 0.0170 0.0097 0.0039 0.4429 0.8535
5.0000 0.5486 0.0172 0.0099 0.0055 0.4337 0.8666
