-5.0000 -0.4395 0.0176 0.0101 -0.0276 0.8345 0.4028
-4.7500 -0.4110 0.0172 0.0097 -0.0274 0.8263 0.4112
-4.5000 -0.3895 0.0171 0.0096 -0.0261 0.8142 0.4193
-4.2500 -0.3623 0.0168 0.0093 -0.0257 0.8057 0.4285
-4.0000 -0.3398 0.0166 0.0092 -0.0245 0.7930 0.4367
-3.7500 -0.3137 0.0164 0.0089 -0.0239 0.7841 0.4467
-3.5000 -0.2905 0.0163 0.0088 -0.0229 0.7714 0.4554
-3.2500 -0.2643 0.0162 0.0086 -0.0223 0.7623 0.4663
-3.0000 -0.2416 0.0160 0.0085 -0.0211 0.7495 0.4757
-2.7500 -0.2165 0.0159 0.0083 -0.0204 0.7396 0.4870
-2.5000 -0.1923 0.0158 0.0083 -0.0195 0.7272 0.4961
-2.2500 -0.1672 0.0157 0.0081 -0.0187 0.7170 0.5071
-2.0000 -0.1423 0.0156 0.0080 -0.0180 0.7051 0.5166
-1.7500 -0.1169 0.0155 0.0079 -0.0173 0.6947 0.5271
-1.5000 -0.0920 0.0154 0.0078 -0.0165 0.6837 0.5378
-1.2500 -0.0667 0.0154 0.0078 -0.0158 0.6731 0.5482
-1.0000 -0.0406 0.0153 0.0077 -0.0153 0.6636 0.5600
-0.7500 -0.0178 0.0153 0.0077 -0.0142 0.6525 0.5723
-0.5000 0.0088 0.0153 0.0077 -0.0137 0.6424 0.5830
-0.2500 0.0344 0.0152 0.0077 -0.0130 0.6320 0.5940
0.0000 0.0578 0.0153 0.0077 -0.0120 0.6209 0.6062
0.2500 0.0840 0.0153 0.0077 -0.0115 0.6108 0.6172
0.5000 0.1095 0.0152 0.0077 -0.0108 0.6007 0.6289
0.7500 0.1329 0.0153 0.0077 -0.0098 0.5899 0.6414
1.0000 0.1589 0.0153 0.0077 -0.0092 0.5802 0.6532
1.2500 0.1831 0.0153 0.0078 -0.0083 0.5694 0.6651
1.5000 0.2079 0.0154 0.0079 -0.0075 0.5598 0.6780
1.7500 0.2322 0.0155 0.0079 -0.0067 0.5505 0.6914
2.0000 0.2573 0.0155 0.0081 -0.0059 0.5412 0.7038
2.2500 0.2826 0.0156 0.0082 -0.0052 0.5316 0.7160
2.5000 0.3067 0.0157 0.0083 -0.0042 0.5221 0.7291
2.7500 0.3306 0.0158 0.0084 -0.0033 0.5129 0.7430
3.0000 0.3553 0.0159 0.0086 -0.0024 0.5037 0.7554
3.2500 0.3805 0.0161 0.0087 -0.0017 0.4947 0.7674
3.5000 0.4033 0.0162 0.0089 -0.0005 0.4858 0.7812
3.7500 0.4288 0.0164 0.0091 0.0002 0.4769 0.7926
4.0000 0.4523 0.0165 0.0092 0.0012 0.4683 0.8056
4.2500 0.4762 0.0167 0.0094 0.0023 0.4596 0.8180
4.5000 0.5000 0.0169 0.0097 0.0033 0.4509 0.8301
4.7500 0.5228 0.0171 0.0099 0.0045 0.4421 0.8427
5.0000 0.5469 0.0174 0.0101 0.0055 0.4334 0.8537
