-5.0000 -0.4796 0.0231 0.0138 -0.0362 1.0000 0.1587
-4.7500 -0.4575 0.0226 0.0134 -0.0357 1.0000 0.1758
-4.5000 -0.4354 0.0222 0.0130 -0.0353 1.0000 0.1948
-4.2500 -0.4135 0.0219 0.0129 -0.0349 1.0000 0.2165
-4.0000 -0.3916 0.0216 0.0127 -0.0345 1.0000 0.2390
-3.7500 -0.3693 0.0215 0.0126 -0.0342 1.0000 0.2641
-3.5000 -0.3312 0.0213 0.0126 -0.0368 0.9953 0.2964
-3.2500 -0.2876 0.0213 0.0127 -0.0404 0.9899 0.3352
-3.0000 -0.2492 0.0212 0.0128 -0.0430 0.9825 0.3730
-2.7500 -0.2056 0.0212 0.0130 -0.0464 0.9756 0.4172
-2.5000 -0.1666 0.0212 0.0132 -0.0489 0.9679 0.4595
-2.2500 -0.1269 0.0212 0.0133 -0.0515 0.9600 0.5053
-2.0000 -0.0899 0.0211 0.0134 -0.0533 0.9521 0.5512
-1.7500 -0.0529 0.0210 0.0135 -0.0552 0.9442 0.5970
-1.5000 -0.0181 0.0210 0.0137 -0.0563 0.9363 0.6459
-1.2500 0.0160 0.0208 0.0138 -0.0572 0.9280 0.7013
-1.0000 0.0445 0.0208 0.0139 -0.0567 0.9192 0.7620
-0.7500 0.0764 0.0206 0.0140 -0.0562 0.9115 0.8390
-0.5000 0.1182 0.0206 0.0141 -0.0578 0.9025 0.9428
-0.2500 0.1881 0.0204 0.0138 -0.0665 0.8966 1.0000
0.0000 0.2204 0.0204 0.0137 -0.0679 0.8850 1.0000
0.2500 0.2747 0.0202 0.0133 -0.0729 0.8792 1.0000
0.5000 0.3029 0.0203 0.0133 -0.0731 0.8666 1.0000
0.7500 0.3551 0.0199 0.0129 -0.0773 0.8618 1.0000
1.0000 0.3794 0.0200 0.0129 -0.0766 0.8487 1.0000
1.2500 0.4289 0.0195 0.0124 -0.0799 0.8438 1.0000
1.5000 0.4562 0.0195 0.0123 -0.0794 0.8311 1.0000
1.7500 0.4836 0.0194 0.0122 -0.0790 0.8183 1.0000
2.0000 0.5252 0.0189 0.0117 -0.0806 0.8101 1.0000
2.2500 0.5516 0.0188 0.0116 -0.0798 0.7964 1.0000
2.5000 0.5851 0.0185 0.0113 -0.0800 0.7854 1.0000
2.7500 0.6198 0.0181 0.0109 -0.0803 0.7743 1.0000
3.0000 0.6464 0.0181 0.0109 -0.0795 0.7598 1.0000
3.2500 0.6751 0.0179 0.0107 -0.0788 0.7447 1.0000
3.5000 0.7042 0.0177 0.0105 -0.0782 0.7293 1.0000
3.7500 0.7341 0.0175 0.0103 -0.0777 0.7139 1.0000
4.0000 0.7636 0.0174 0.0101 -0.0772 0.6978 1.0000
4.2500 0.7915 0.0173 0.0100 -0.0764 0.6798 1.0000
4.5000 0.8164 0.0173 0.0100 -0.0752 0.6596 1.0000
4.7500 0.8406 0.0174 0.0100 -0.0740 0.6387 1.0000
5.0000 0.8649 0.0175 0.0101 -0.0727 0.6171 1.0000
