-5.0000 -0.0161 0.0175 0.0099 -0.0993 0.9019 0.0406
-4.7500 0.0199 0.0170 0.0094 -0.1005 0.8968 0.0421
-4.5000 0.0459 0.0167 0.0091 -0.0998 0.8861 0.0439
-4.2500 0.0799 0.0164 0.0087 -0.1005 0.8795 0.0477
-4.0000 0.1056 0.0161 0.0083 -0.0997 0.8675 0.0500
-3.7500 0.1347 0.0156 0.0078 -0.0995 0.8578 0.0520
-3.5000 0.1627 0.0153 0.0074 -0.0991 0.8466 0.0544
-3.2500 0.1896 0.0149 0.0070 -0.0985 0.8343 0.0569
-3.0000 0.2183 0.0147 0.0067 -0.0983 0.8228 0.0613
-2.7500 0.2463 0.0146 0.0066 -0.0979 0.8101 0.0666
-2.5000 0.2727 0.0143 0.0063 -0.0973 0.7954 0.0702
-2.2500 0.2997 0.0140 0.0059 -0.0967 0.7805 0.0750
-2.0000 0.3267 0.0138 0.0057 -0.0962 0.7651 0.0810
-1.7500 0.3533 0.0136 0.0055 -0.0957 0.7485 0.0880
-1.5000 0.3797 0.0135 0.0053 -0.0951 0.7309 0.0961
-1.2500 0.4059 0.0135 0.0052 -0.0945 0.7112 0.1099
-1.0000 0.4322 0.0134 0.0051 -0.0939 0.6916 0.1238
-0.7500 0.4581 0.0135 0.0051 -0.0934 0.6699 0.1447
-0.5000 0.4832 0.0133 0.0050 -0.0927 0.6478 0.1627
-0.2500 0.5081 0.0132 0.0048 -0.0919 0.6242 0.1828
0.0000 0.5323 0.0131 0.0046 -0.0911 0.5993 0.2061
0.2500 0.5557 0.0127 0.0044 -0.0903 0.5743 0.2624
0.5000 0.5879 0.0121 0.0046 -0.0907 0.5483 0.6312
0.7500 0.6201 0.0115 0.0047 -0.0911 0.5222 1.0000
1.0000 0.6426 0.0118 0.0047 -0.0900 0.5009 1.0000
1.2500 0.6655 0.0121 0.0048 -0.0890 0.4833 1.0000
1.5000 0.6892 0.0124 0.0049 -0.0882 0.4678 1.0000
1.7500 0.7134 0.0127 0.0051 -0.0874 0.4549 1.0000
2.0000 0.7378 0.0131 0.0052 -0.0868 0.4445 1.0000
2.2500 0.7630 0.0133 0.0054 -0.0863 0.4346 1.0000
2.5000 0.7884 0.0137 0.0056 -0.0859 0.4269 1.0000
2.7500 0.8138 0.0140 0.0058 -0.0854 0.4190 1.0000
3.0000 0.8395 0.0143 0.0060 -0.0851 0.4124 1.0000
3.2500 0.8656 0.0146 0.0063 -0.0848 0.4067 1.0000
3.5000 0.8915 0.0149 0.0065 -0.0845 0.4011 1.0000
3.7500 0.9177 0.0152 0.0068 -0.0843 0.3963 1.0000
4.0000 0.9446 0.0156 0.0071 -0.0842 0.3921 1.0000
4.2500 0.9709 0.0160 0.0074 -0.0840 0.3882 1.0000
4.5000 0.9970 0.0163 0.0078 -0.0838 0.3842 1.0000
4.7500 1.0232 0.0166 0.0081 -0.0836 0.3804 1.0000
5.0000 1.0498 0.0170 0.0084 -0.0835 0.3770 1.0000
