-5.0000 -0.1222 0.0115 0.0046 -0.0946 0.9025 0.0684
-4.7500 -0.0931 0.0112 0.0043 -0.0947 0.8967 0.0822
-4.5000 -0.0672 0.0110 0.0042 -0.0942 0.8879 0.0908
-4.2500 -0.0388 0.0108 0.0039 -0.0941 0.8809 0.1009
-4.0000 -0.0115 0.0106 0.0038 -0.0939 0.8728 0.1128
-3.7500 0.0158 0.0104 0.0036 -0.0936 0.8639 0.1255
-3.5000 0.0437 0.0102 0.0034 -0.0935 0.8559 0.1427
-3.2500 0.0706 0.0100 0.0033 -0.0932 0.8460 0.1617
-3.0000 0.0987 0.0098 0.0032 -0.0931 0.8371 0.1810
-2.7500 0.1255 0.0097 0.0031 -0.0928 0.8254 0.2014
-2.5000 0.1526 0.0095 0.0030 -0.0925 0.8142 0.2335
-2.2500 0.1794 0.0093 0.0029 -0.0922 0.8023 0.2784
-2.0000 0.2064 0.0091 0.0029 -0.0920 0.7902 0.3086
-1.7500 0.2337 0.0090 0.0028 -0.0917 0.7790 0.3394
-1.5000 0.2603 0.0088 0.0027 -0.0914 0.7663 0.3753
-1.2500 0.2867 0.0086 0.0027 -0.0911 0.7536 0.4217
-1.0000 0.3124 0.0084 0.0026 -0.0906 0.7406 0.4967
-0.7500 0.3375 0.0082 0.0026 -0.0899 0.7269 0.5827
-0.5000 0.3622 0.0080 0.0027 -0.0891 0.7140 0.6667
-0.2500 0.3862 0.0078 0.0027 -0.0880 0.7017 0.7426
0.0000 0.4094 0.0077 0.0027 -0.0865 0.6885 0.8167
0.2500 0.4330 0.0076 0.0028 -0.0850 0.6760 0.8891
0.5000 0.4663 0.0077 0.0029 -0.0856 0.6634 0.9425
0.7500 0.5060 0.0078 0.0029 -0.0879 0.6495 0.9731
1.0000 0.5521 0.0080 0.0030 -0.0917 0.6354 0.9912
1.2500 0.5944 0.0081 0.0030 -0.0949 0.6219 1.0000
1.5000 0.6177 0.0082 0.0030 -0.0940 0.6094 1.0000
1.7500 0.6414 0.0083 0.0031 -0.0931 0.5978 1.0000
2.0000 0.6650 0.0085 0.0031 -0.0922 0.5873 1.0000
2.2500 0.6890 0.0086 0.0032 -0.0914 0.5761 1.0000
2.5000 0.7130 0.0088 0.0033 -0.0906 0.5659 1.0000
2.7500 0.7373 0.0089 0.0034 -0.0898 0.5552 1.0000
3.0000 0.7618 0.0090 0.0035 -0.0891 0.5453 1.0000
3.2500 0.7865 0.0092 0.0036 -0.0885 0.5355 1.0000
3.5000 0.8116 0.0094 0.0037 -0.0879 0.5264 1.0000
3.7500 0.8365 0.0095 0.0038 -0.0873 0.5169 1.0000
4.0000 0.8618 0.0097 0.0040 -0.0868 0.5077 1.0000
4.2500 0.8866 0.0099 0.0041 -0.0861 0.4974 1.0000
4.5000 0.9117 0.0100 0.0043 -0.0856 0.4868 1.0000
4.7500 0.9362 0.0103 0.0044 -0.0849 0.4769 1.0000
5.0000 0.9616 0.0104 0.0046 -0.0844 0.4666 1.0000
