-5.0000 -0.1657 0.0161 0.0089 -0.0517 0.7610 0.4641
-4.7500 -0.1404 0.0160 0.0088 -0.0508 0.7511 0.4747
-4.5000 -0.1151 0.0159 0.0087 -0.0500 0.7408 0.4839
-4.2500 -0.0892 0.0158 0.0086 -0.0493 0.7310 0.4937
-4.0000 -0.0635 0.0157 0.0085 -0.0486 0.7209 0.5027
-3.7500 -0.0378 0.0157 0.0084 -0.0479 0.7108 0.5122
-3.5000 -0.0125 0.0156 0.0083 -0.0471 0.7002 0.5224
-3.2500 0.0126 0.0155 0.0082 -0.0463 0.6890 0.5322
-3.0000 0.0370 0.0154 0.0081 -0.0453 0.6774 0.5420
-2.7500 0.0618 0.0154 0.0080 -0.0445 0.6664 0.5524
-2.5000 0.0865 0.0154 0.0080 -0.0436 0.6557 0.5636
-2.2500 0.1108 0.0153 0.0079 -0.0427 0.6449 0.5756
-2.0000 0.1356 0.0153 0.0079 -0.0418 0.6342 0.5871
-1.7500 0.1602 0.0153 0.0079 -0.0410 0.6238 0.5991
-1.5000 0.1848 0.0153 0.0079 -0.0401 0.6136 0.6115
-1.2500 0.2088 0.0153 0.0078 -0.0392 0.6034 0.6243
-1.0000 0.2332 0.0153 0.0079 -0.0383 0.5932 0.6360
-0.7500 0.2579 0.0153 0.0079 -0.0375 0.5834 0.6479
-0.5000 0.2824 0.0154 0.0079 -0.0366 0.5735 0.6600
-0.2500 0.3061 0.0154 0.0079 -0.0357 0.5635 0.6732
0.0000 0.3298 0.0154 0.0080 -0.0347 0.5535 0.6861
0.2500 0.3537 0.0155 0.0080 -0.0338 0.5436 0.6987
0.5000 0.3773 0.0155 0.0081 -0.0328 0.5339 0.7121
0.7500 0.4001 0.0156 0.0081 -0.0317 0.5239 0.7262
1.0000 0.4229 0.0157 0.0083 -0.0306 0.5139 0.7396
1.2500 0.4452 0.0158 0.0083 -0.0293 0.5041 0.7546
1.5000 0.4676 0.0159 0.0085 -0.0281 0.4944 0.7690
1.7500 0.4891 0.0160 0.0086 -0.0268 0.4844 0.7839
2.0000 0.5107 0.0162 0.0088 -0.0254 0.4747 0.7985
2.2500 0.5320 0.0164 0.0089 -0.0240 0.4650 0.8140
2.5000 0.5521 0.0166 0.0091 -0.0224 0.4549 0.8295
2.7500 0.5709 0.0168 0.0094 -0.0204 0.4446 0.8455
3.0000 0.5910 0.0170 0.0096 -0.0187 0.4351 0.8607
3.2500 0.6091 0.0173 0.0098 -0.0167 0.4252 0.8775
3.5000 0.6274 0.0176 0.0101 -0.0147 0.4150 0.8924
3.7500 0.6462 0.0179 0.0104 -0.0128 0.4057 0.9085
4.0000 0.6683 0.0184 0.0108 -0.0116 0.3957 0.9223
4.2500 0.6938 0.0188 0.0114 -0.0113 0.3862 0.9358
4.5000 0.7264 0.0194 0.0118 -0.0125 0.3767 0.9463
4.7500 0.7639 0.0200 0.0123 -0.0148 0.3675 0.9547
5.0000 0.8039 0.0205 0.0128 -0.0177 0.3588 0.9620
