-5.0000 -0.1646 0.0163 0.0091 -0.0510 0.7522 0.4626
-4.7500 -0.1388 0.0162 0.0089 -0.0502 0.7422 0.4720
-4.5000 -0.1141 0.0161 0.0088 -0.0493 0.7317 0.4817
-4.2500 -0.0885 0.0160 0.0087 -0.0485 0.7217 0.4913
-4.0000 -0.0635 0.0160 0.0087 -0.0477 0.7116 0.5010
-3.7500 -0.0385 0.0159 0.0086 -0.0469 0.7017 0.5110
-3.5000 -0.0132 0.0158 0.0085 -0.0461 0.6916 0.5204
-3.2500 0.0124 0.0158 0.0084 -0.0454 0.6814 0.5295
-3.0000 0.0372 0.0157 0.0083 -0.0446 0.6709 0.5398
-2.7500 0.0622 0.0157 0.0082 -0.0437 0.6606 0.5507
-2.5000 0.0869 0.0157 0.0082 -0.0429 0.6506 0.5617
-2.2500 0.1115 0.0157 0.0081 -0.0420 0.6405 0.5722
-2.0000 0.1363 0.0156 0.0081 -0.0412 0.6305 0.5826
-1.7500 0.1609 0.0156 0.0080 -0.0404 0.6203 0.5928
-1.5000 0.1853 0.0156 0.0080 -0.0396 0.6105 0.6041
-1.2500 0.2094 0.0156 0.0080 -0.0386 0.6006 0.6155
-1.0000 0.2338 0.0156 0.0080 -0.0378 0.5908 0.6271
-0.7500 0.2579 0.0156 0.0080 -0.0369 0.5808 0.6388
-0.5000 0.2819 0.0156 0.0081 -0.0359 0.5710 0.6506
-0.2500 0.3052 0.0157 0.0081 -0.0349 0.5611 0.6634
0.0000 0.3289 0.0157 0.0081 -0.0340 0.5515 0.6757
0.2500 0.3525 0.0158 0.0082 -0.0330 0.5418 0.6879
0.5000 0.3759 0.0158 0.0083 -0.0320 0.5323 0.7005
0.7500 0.3986 0.0159 0.0083 -0.0309 0.5228 0.7145
1.0000 0.4213 0.0160 0.0084 -0.0298 0.5132 0.7276
1.2500 0.4436 0.0161 0.0085 -0.0286 0.5036 0.7414
1.5000 0.4648 0.0162 0.0086 -0.0272 0.4938 0.7564
1.7500 0.4863 0.0163 0.0088 -0.0258 0.4840 0.7702
2.0000 0.5064 0.0164 0.0089 -0.0242 0.4742 0.7861
2.2500 0.5282 0.0166 0.0091 -0.0229 0.4650 0.7997
2.5000 0.5473 0.0167 0.0092 -0.0211 0.4553 0.8157
2.7500 0.5686 0.0169 0.0094 -0.0197 0.4464 0.8303
3.0000 0.5861 0.0172 0.0097 -0.0176 0.4368 0.8473
3.2500 0.6047 0.0174 0.0100 -0.0156 0.4274 0.8621
3.5000 0.6203 0.0177 0.0102 -0.0131 0.4179 0.8788
3.7500 0.6379 0.0180 0.0105 -0.0110 0.4089 0.8939
4.0000 0.6571 0.0184 0.0109 -0.0093 0.4001 0.9097
4.2500 0.6810 0.0188 0.0114 -0.0085 0.3912 0.9234
4.5000 0.7073 0.0193 0.0118 -0.0084 0.3825 0.9365
4.7500 0.7406 0.0198 0.0122 -0.0098 0.3742 0.9467
5.0000 0.7765 0.0204 0.0127 -0.0118 0.3653 0.9548
