-5.0000 -0.4402 0.0245 0.0151 -0.0431 1.0000 0.1089
-4.7500 -0.4194 0.0243 0.0149 -0.0427 1.0000 0.1193
-4.5000 -0.3983 0.0240 0.0146 -0.0423 1.0000 0.1309
-4.2500 -0.3661 0.0237 0.0145 -0.0440 0.9969 0.1471
-4.0000 -0.3215 0.0233 0.0140 -0.0477 0.9910 0.1702
-3.7500 -0.2801 0.0229 0.0138 -0.0510 0.9845 0.1964
-3.5000 -0.2383 0.0226 0.0137 -0.0542 0.9772 0.2273
-3.2500 -0.1923 0.0225 0.0136 -0.0582 0.9718 0.2645
-3.0000 -0.1573 0.0221 0.0134 -0.0601 0.9625 0.3002
-2.7500 -0.1110 0.0219 0.0134 -0.0639 0.9569 0.3448
-2.5000 -0.0788 0.0216 0.0133 -0.0651 0.9469 0.3858
-2.2500 -0.0333 0.0214 0.0133 -0.0687 0.9414 0.4422
-2.0000 0.0016 0.0211 0.0133 -0.0701 0.9333 0.5027
-1.7500 0.0364 0.0208 0.0133 -0.0715 0.9251 0.5632
-1.5000 0.0660 0.0204 0.0133 -0.0715 0.9153 0.6402
-1.2500 0.0950 0.0201 0.0134 -0.0707 0.9066 0.7469
-1.0000 0.1335 0.0197 0.0134 -0.0706 0.9000 0.9145
-0.7500 0.1920 0.0197 0.0132 -0.0769 0.8917 1.0000
-0.5000 0.2408 0.0195 0.0128 -0.0810 0.8853 1.0000
-0.2500 0.2729 0.0196 0.0127 -0.0820 0.8744 1.0000
0.0000 0.3227 0.0193 0.0123 -0.0859 0.8698 1.0000
0.2500 0.3513 0.0193 0.0123 -0.0860 0.8582 1.0000
0.5000 0.3823 0.0193 0.0121 -0.0863 0.8473 1.0000
0.7500 0.4276 0.0188 0.0117 -0.0889 0.8417 1.0000
1.0000 0.4546 0.0189 0.0116 -0.0885 0.8298 1.0000
1.2500 0.4833 0.0188 0.0115 -0.0883 0.8185 1.0000
1.5000 0.5184 0.0186 0.0112 -0.0890 0.8097 1.0000
1.7500 0.5506 0.0184 0.0110 -0.0892 0.7995 1.0000
2.0000 0.5769 0.0184 0.0110 -0.0885 0.7876 1.0000
2.2500 0.6076 0.0184 0.0109 -0.0885 0.7778 1.0000
2.5000 0.6404 0.0182 0.0107 -0.0888 0.7682 1.0000
2.7500 0.6661 0.0182 0.0108 -0.0880 0.7552 1.0000
3.0000 0.6935 0.0183 0.0108 -0.0874 0.7427 1.0000
3.2500 0.7215 0.0182 0.0108 -0.0868 0.7300 1.0000
3.5000 0.7504 0.0182 0.0107 -0.0863 0.7172 1.0000
3.7500 0.7822 0.0180 0.0104 -0.0862 0.7054 1.0000
4.0000 0.8067 0.0182 0.0106 -0.0852 0.6905 1.0000
4.2500 0.8318 0.0183 0.0108 -0.0843 0.6756 1.0000
4.5000 0.8573 0.0184 0.0109 -0.0834 0.6598 1.0000
4.7500 0.8831 0.0185 0.0110 -0.0824 0.6435 1.0000
5.0000 0.9089 0.0186 0.0110 -0.0815 0.6267 1.0000
