-5.0000 -0.4439 0.0361 0.0272 -0.0433 0.8056 0.3594
-4.7500 -0.4030 0.0355 0.0265 -0.0453 0.8018 0.3705
-4.5000 -0.3527 0.0349 0.0260 -0.0486 0.7996 0.3811
-4.2500 -0.3342 0.0349 0.0260 -0.0472 0.7908 0.3899
-4.0000 -0.3157 0.0349 0.0260 -0.0458 0.7820 0.3987
-3.7500 -0.2703 0.0342 0.0253 -0.0483 0.7793 0.4105
-3.5000 -0.2493 0.0341 0.0252 -0.0472 0.7710 0.4194
-3.2500 -0.2284 0.0340 0.0251 -0.0461 0.7627 0.4284
-3.0000 -0.1786 0.0331 0.0242 -0.0490 0.7611 0.4415
-2.7500 -0.1588 0.0331 0.0243 -0.0477 0.7528 0.4513
-2.5000 -0.1390 0.0331 0.0244 -0.0464 0.7444 0.4611
-2.2500 -0.0886 0.0322 0.0235 -0.0494 0.7429 0.4759
-2.0000 -0.0703 0.0323 0.0237 -0.0478 0.7346 0.4867
-1.7500 -0.0519 0.0324 0.0238 -0.0462 0.7263 0.4975
-1.5000 0.0034 0.0313 0.0227 -0.0499 0.7248 0.5135
-1.2500 0.0223 0.0314 0.0228 -0.0483 0.7163 0.5250
-1.0000 0.0412 0.0314 0.0229 -0.0467 0.7078 0.5364
-0.7500 0.0961 0.0305 0.0220 -0.0503 0.7062 0.5545
-0.5000 0.1104 0.0308 0.0224 -0.0480 0.6977 0.5679
-0.2500 0.1246 0.0311 0.0227 -0.0458 0.6892 0.5814
0.0000 0.1802 0.0301 0.0218 -0.0494 0.6875 0.6009
0.2500 0.1961 0.0303 0.0221 -0.0474 0.6790 0.6159
0.5000 0.2120 0.0305 0.0223 -0.0453 0.6705 0.6308
0.7500 0.2686 0.0295 0.0214 -0.0489 0.6686 0.6524
1.0000 0.2843 0.0297 0.0217 -0.0467 0.6601 0.6705
1.2500 0.2999 0.0300 0.0220 -0.0445 0.6515 0.6886
1.5000 0.3609 0.0288 0.0208 -0.0484 0.6493 0.7117
1.7500 0.3289 0.0305 0.0227 -0.0395 0.6345 0.7267
2.0000 0.3855 0.0295 0.0218 -0.0427 0.6319 0.7512
2.2500 0.4411 0.0286 0.0209 -0.0459 0.6291 0.7780
2.5000 0.3991 0.0307 0.0231 -0.0353 0.6145 0.7962
2.7500 0.4602 0.0296 0.0221 -0.0389 0.6116 0.8217
3.0000 0.4666 0.0304 0.0230 -0.0350 0.6030 0.8461
3.2500 0.4729 0.0312 0.0238 -0.0311 0.5943 0.8705
3.5000 0.5523 0.0302 0.0227 -0.0379 0.5912 0.8933
3.7500 0.5571 0.0315 0.0241 -0.0345 0.5807 0.9181
4.0000 0.6371 0.0310 0.0235 -0.0425 0.5739 0.9323
4.2500 0.7421 0.0300 0.0223 -0.0548 0.5689 0.9392
4.5000 0.7685 0.0314 0.0238 -0.0561 0.5575 0.9560
4.7500 0.8608 0.0307 0.0229 -0.0670 0.5503 0.9626
5.0000 0.9086 0.0313 0.0236 -0.0717 0.5401 0.9768
