-5.0000 -0.4537 0.0367 0.0277 -0.0411 0.7968 0.3637
-4.7500 -0.4128 0.0363 0.0274 -0.0430 0.7928 0.3732
-4.5000 -0.3675 0.0357 0.0268 -0.0456 0.7904 0.3837
-4.2500 -0.3435 0.0355 0.0266 -0.0451 0.7833 0.3928
-4.0000 -0.3196 0.0353 0.0263 -0.0445 0.7763 0.4018
-3.7500 -0.2956 0.0351 0.0261 -0.0440 0.7692 0.4109
-3.5000 -0.2459 0.0343 0.0254 -0.0470 0.7672 0.4220
-3.2500 -0.2311 0.0344 0.0255 -0.0450 0.7577 0.4309
-3.0000 -0.2163 0.0345 0.0256 -0.0430 0.7482 0.4399
-2.7500 -0.1677 0.0336 0.0247 -0.0457 0.7464 0.4532
-2.5000 -0.1838 0.0350 0.0262 -0.0397 0.7303 0.4576
-2.2500 -0.1390 0.0342 0.0253 -0.0417 0.7277 0.4706
-2.0000 -0.0900 0.0331 0.0243 -0.0442 0.7260 0.4847
-1.7500 -0.0369 0.0322 0.0234 -0.0475 0.7245 0.5001
-1.5000 -0.0240 0.0325 0.0238 -0.0451 0.7153 0.5100
-1.2500 -0.0111 0.0328 0.0241 -0.0428 0.7061 0.5198
-1.0000 0.0433 0.0317 0.0231 -0.0463 0.7046 0.5358
-0.7500 0.0606 0.0319 0.0234 -0.0446 0.6967 0.5481
-0.5000 0.0778 0.0322 0.0237 -0.0428 0.6888 0.5603
-0.2500 0.0951 0.0324 0.0240 -0.0411 0.6809 0.5726
0.0000 0.1209 0.0323 0.0240 -0.0405 0.6744 0.5882
0.2500 0.1467 0.0323 0.0240 -0.0399 0.6680 0.6038
0.5000 0.1725 0.0322 0.0240 -0.0393 0.6615 0.6194
0.7500 0.2032 0.0319 0.0238 -0.0392 0.6552 0.6364
1.0000 0.2340 0.0316 0.0235 -0.0391 0.6490 0.6535
1.2500 0.2976 0.0303 0.0222 -0.0435 0.6471 0.6770
1.5000 0.3046 0.0308 0.0229 -0.0401 0.6382 0.6943
1.7500 0.3116 0.0314 0.0235 -0.0367 0.6294 0.7115
2.0000 0.3708 0.0303 0.0225 -0.0405 0.6273 0.7363
2.2500 0.3730 0.0311 0.0234 -0.0363 0.6184 0.7564
2.5000 0.3753 0.0319 0.0243 -0.0320 0.6095 0.7765
2.7500 0.4430 0.0305 0.0229 -0.0365 0.6073 0.8036
3.0000 0.4511 0.0310 0.0235 -0.0327 0.5987 0.8276
3.2500 0.4591 0.0315 0.0241 -0.0289 0.5902 0.8516
3.5000 0.5427 0.0303 0.0227 -0.0360 0.5874 0.8738
3.7500 0.5141 0.0323 0.0249 -0.0276 0.5755 0.8999
4.0000 0.6048 0.0314 0.0239 -0.0367 0.5715 0.9158
4.2500 0.7039 0.0306 0.0228 -0.0478 0.5676 0.9280
4.5000 0.7128 0.0322 0.0247 -0.0461 0.5560 0.9474
4.7500 0.8277 0.0311 0.0233 -0.0603 0.5502 0.9504
5.0000 0.8535 0.0323 0.0246 -0.0615 0.5390 0.9680
