-5.0000 -0.2359 0.0120 0.0052 -0.0577 0.7911 0.2423
-4.7500 -0.2108 0.0118 0.0050 -0.0571 0.7805 0.2532
-4.5000 -0.1856 0.0116 0.0048 -0.0564 0.7691 0.2650
-4.2500 -0.1606 0.0114 0.0046 -0.0558 0.7574 0.2782
-4.0000 -0.1361 0.0112 0.0044 -0.0551 0.7458 0.2945
-3.7500 -0.1115 0.0110 0.0043 -0.0543 0.7342 0.3109
-3.5000 -0.0874 0.0108 0.0042 -0.0535 0.7227 0.3352
-3.2500 -0.0635 0.0106 0.0040 -0.0526 0.7105 0.3643
-3.0000 -0.0397 0.0104 0.0040 -0.0517 0.6977 0.3980
-2.7500 -0.0155 0.0103 0.0039 -0.0509 0.6854 0.4288
-2.5000 0.0089 0.0102 0.0038 -0.0500 0.6733 0.4583
-2.2500 0.0337 0.0101 0.0038 -0.0493 0.6609 0.4855
-2.0000 0.0585 0.0101 0.0038 -0.0485 0.6485 0.5096
-1.7500 0.0836 0.0100 0.0037 -0.0478 0.6359 0.5300
-1.5000 0.1090 0.0100 0.0037 -0.0471 0.6232 0.5483
-1.2500 0.1343 0.0100 0.0037 -0.0464 0.6103 0.5659
-1.0000 0.1594 0.0100 0.0037 -0.0457 0.5971 0.5842
-0.7500 0.1843 0.0101 0.0037 -0.0449 0.5839 0.6028
-0.5000 0.2094 0.0101 0.0038 -0.0442 0.5709 0.6211
-0.2500 0.2346 0.0101 0.0038 -0.0435 0.5584 0.6379
0.0000 0.2599 0.0102 0.0038 -0.0428 0.5469 0.6544
0.2500 0.2848 0.0103 0.0039 -0.0421 0.5360 0.6704
0.5000 0.3103 0.0103 0.0040 -0.0415 0.5241 0.6866
0.7500 0.3356 0.0103 0.0040 -0.0408 0.5136 0.7030
1.0000 0.3604 0.0104 0.0041 -0.0401 0.5039 0.7197
1.2500 0.3858 0.0105 0.0042 -0.0394 0.4932 0.7372
1.5000 0.4105 0.0106 0.0043 -0.0386 0.4833 0.7555
1.7500 0.4350 0.0107 0.0044 -0.0378 0.4736 0.7745
2.0000 0.4600 0.0107 0.0045 -0.0371 0.4649 0.7930
2.2500 0.4847 0.0109 0.0046 -0.0363 0.4565 0.8111
2.5000 0.5096 0.0110 0.0048 -0.0355 0.4492 0.8294
2.7500 0.5341 0.0111 0.0049 -0.0346 0.4420 0.8491
3.0000 0.5577 0.0113 0.0051 -0.0335 0.4356 0.8697
3.2500 0.5822 0.0114 0.0053 -0.0325 0.4295 0.8891
3.5000 0.6064 0.0116 0.0055 -0.0315 0.4234 0.9063
3.7500 0.6303 0.0118 0.0057 -0.0305 0.4176 0.9220
4.0000 0.6580 0.0120 0.0059 -0.0303 0.4116 0.9340
4.2500 0.6873 0.0123 0.0061 -0.0305 0.4049 0.9445
4.5000 0.7151 0.0126 0.0064 -0.0304 0.3987 0.9560
4.7500 0.7533 0.0128 0.0066 -0.0326 0.3932 0.9618
5.0000 0.7872 0.0131 0.0069 -0.0339 0.3876 0.9700
