-5.0000 -0.1287 0.0139 0.0064 -0.0703 0.7942 0.1796
-4.7500 -0.1045 0.0137 0.0062 -0.0695 0.7824 0.1881
-4.5000 -0.0791 0.0134 0.0059 -0.0688 0.7722 0.1978
-4.2500 -0.0553 0.0131 0.0057 -0.0679 0.7602 0.2087
-4.0000 -0.0302 0.0129 0.0054 -0.0672 0.7496 0.2227
-3.7500 -0.0075 0.0125 0.0052 -0.0661 0.7368 0.2407
-3.5000 0.0147 0.0121 0.0049 -0.0650 0.7250 0.2738
-3.2500 0.0342 0.0116 0.0047 -0.0635 0.7130 0.3674
-3.0000 0.0553 0.0112 0.0047 -0.0621 0.7007 0.4405
-2.7500 0.0795 0.0111 0.0046 -0.0611 0.6889 0.4853
-2.5000 0.1036 0.0110 0.0046 -0.0601 0.6761 0.5172
-2.2500 0.1289 0.0110 0.0045 -0.0594 0.6640 0.5429
-2.0000 0.1538 0.0110 0.0045 -0.0585 0.6505 0.5671
-1.7500 0.1786 0.0109 0.0045 -0.0576 0.6374 0.5894
-1.5000 0.2035 0.0109 0.0045 -0.0568 0.6238 0.6108
-1.2500 0.2283 0.0109 0.0045 -0.0559 0.6103 0.6323
-1.0000 0.2533 0.0110 0.0045 -0.0551 0.5976 0.6514
-0.7500 0.2781 0.0110 0.0046 -0.0542 0.5839 0.6703
-0.5000 0.3028 0.0110 0.0046 -0.0533 0.5704 0.6899
-0.2500 0.3272 0.0111 0.0046 -0.0524 0.5572 0.7113
0.0000 0.3512 0.0112 0.0047 -0.0514 0.5436 0.7319
0.2500 0.3752 0.0112 0.0048 -0.0503 0.5300 0.7532
0.5000 0.3988 0.0113 0.0049 -0.0492 0.5170 0.7761
0.7500 0.4219 0.0115 0.0050 -0.0480 0.5036 0.7978
1.0000 0.4453 0.0116 0.0051 -0.0468 0.4902 0.8185
1.2500 0.4686 0.0117 0.0053 -0.0456 0.4777 0.8380
1.5000 0.4913 0.0119 0.0054 -0.0443 0.4660 0.8579
1.7500 0.5146 0.0121 0.0056 -0.0430 0.4544 0.8785
2.0000 0.5370 0.0123 0.0058 -0.0416 0.4441 0.8998
2.2500 0.5614 0.0126 0.0060 -0.0405 0.4337 0.9196
2.5000 0.5883 0.0129 0.0063 -0.0400 0.4242 0.9364
2.7500 0.6222 0.0133 0.0066 -0.0411 0.4145 0.9468
3.0000 0.6562 0.0136 0.0068 -0.0423 0.4058 0.9569
3.2500 0.6959 0.0139 0.0070 -0.0449 0.3976 0.9634
3.5000 0.7333 0.0142 0.0073 -0.0469 0.3907 0.9718
3.7500 0.7791 0.0146 0.0076 -0.0508 0.3836 0.9753
4.0000 0.8222 0.0150 0.0078 -0.0542 0.3777 0.9801
4.2500 0.8620 0.0152 0.0081 -0.0568 0.3719 0.9864
4.5000 0.9030 0.0155 0.0084 -0.0598 0.3662 0.9909
4.7500 0.9461 0.0159 0.0086 -0.0633 0.3608 0.9948
5.0000 0.9893 0.0161 0.0089 -0.0667 0.3557 0.9995
