-5.0000 0.0853 0.0182 0.0101 -0.1313 0.7920 0.2079
-4.7500 0.1121 0.0180 0.0098 -0.1309 0.7842 0.2153
-4.5000 0.1388 0.0177 0.0096 -0.1305 0.7763 0.2228
-4.2500 0.1733 0.0174 0.0092 -0.1315 0.7703 0.2321
-4.0000 0.1948 0.0172 0.0091 -0.1302 0.7603 0.2394
-3.7500 0.2261 0.0169 0.0087 -0.1306 0.7529 0.2490
-3.5000 0.2516 0.0168 0.0086 -0.1300 0.7441 0.2577
-3.2500 0.2795 0.0165 0.0084 -0.1298 0.7356 0.2678
-3.0000 0.3091 0.0164 0.0082 -0.1299 0.7281 0.2792
-2.7500 0.3334 0.0163 0.0081 -0.1292 0.7187 0.2895
-2.5000 0.3658 0.0161 0.0078 -0.1298 0.7119 0.3023
-2.2500 0.3877 0.0161 0.0079 -0.1286 0.7023 0.3133
-2.0000 0.4165 0.0159 0.0077 -0.1287 0.6946 0.3258
-1.7500 0.4428 0.0159 0.0077 -0.1283 0.6864 0.3390
-1.5000 0.4683 0.0158 0.0076 -0.1277 0.6776 0.3528
-1.2500 0.4996 0.0157 0.0075 -0.1282 0.6707 0.3686
-1.0000 0.5206 0.0157 0.0075 -0.1269 0.6617 0.3843
-0.7500 0.5481 0.0156 0.0075 -0.1268 0.6545 0.4040
-0.5000 0.5758 0.0155 0.0075 -0.1267 0.6475 0.4270
-0.2500 0.5982 0.0155 0.0075 -0.1257 0.6394 0.4525
0.0000 0.6256 0.0154 0.0075 -0.1255 0.6327 0.4885
0.2500 0.6512 0.0153 0.0077 -0.1250 0.6261 0.5397
0.5000 0.6718 0.0152 0.0079 -0.1235 0.6186 0.6054
0.7500 0.6958 0.0151 0.0080 -0.1225 0.6123 0.6803
1.0000 0.7207 0.0151 0.0081 -0.1214 0.6066 0.7562
1.2500 0.7375 0.0151 0.0084 -0.1186 0.5999 0.8264
1.5000 0.7647 0.0152 0.0086 -0.1178 0.5937 0.8939
1.7500 0.8109 0.0154 0.0087 -0.1210 0.5880 0.9446
2.0000 0.8572 0.0157 0.0089 -0.1248 0.5811 0.9785
2.2500 0.9110 0.0159 0.0091 -0.1303 0.5740 0.9985
2.5000 0.9352 0.0160 0.0091 -0.1299 0.5687 1.0000
2.7500 0.9562 0.0163 0.0092 -0.1288 0.5635 1.0000
3.0000 0.9695 0.0165 0.0095 -0.1262 0.5580 1.0000
3.2500 0.9896 0.0167 0.0096 -0.1248 0.5527 1.0000
3.5000 1.0150 0.0169 0.0097 -0.1244 0.5478 1.0000
3.7500 1.0410 0.0172 0.0099 -0.1242 0.5427 1.0000
4.0000 1.0558 0.0174 0.0102 -0.1219 0.5369 1.0000
4.2500 1.0773 0.0176 0.0104 -0.1207 0.5313 1.0000
4.5000 1.1044 0.0179 0.0105 -0.1207 0.5264 1.0000
4.7500 1.1323 0.0182 0.0108 -0.1209 0.5218 1.0000
5.0000 1.1472 0.0186 0.0112 -0.1186 0.5166 1.0000
