-5.0000 -0.4630 0.0272 0.0191 -0.0227 0.8571 0.4352
-4.7500 -0.4183 0.0268 0.0188 -0.0251 0.8508 0.4607
-4.5000 -0.3829 0.0265 0.0185 -0.0258 0.8426 0.4836
-4.2500 -0.3474 0.0261 0.0182 -0.0266 0.8343 0.5065
-4.0000 -0.3213 0.0260 0.0182 -0.0257 0.8235 0.5250
-3.7500 -0.2777 0.0255 0.0177 -0.0275 0.8179 0.5459
-3.5000 -0.2511 0.0254 0.0177 -0.0265 0.8066 0.5623
-3.2500 -0.2077 0.0249 0.0172 -0.0280 0.8007 0.5812
-3.0000 -0.1851 0.0249 0.0172 -0.0265 0.7887 0.5964
-2.7500 -0.1442 0.0244 0.0168 -0.0278 0.7829 0.6138
-2.5000 -0.1237 0.0244 0.0168 -0.0259 0.7702 0.6284
-2.2500 -0.0786 0.0239 0.0163 -0.0276 0.7635 0.6435
-2.0000 -0.0582 0.0239 0.0163 -0.0256 0.7501 0.6579
-1.7500 -0.0188 0.0234 0.0158 -0.0265 0.7427 0.6752
-1.5000 0.0048 0.0236 0.0161 -0.0249 0.7287 0.6875
-1.2500 0.0448 0.0233 0.0156 -0.0259 0.7208 0.7023
-1.0000 0.0610 0.0234 0.0158 -0.0235 0.7065 0.7169
-0.7500 0.1061 0.0232 0.0155 -0.0250 0.6979 0.7294
-0.5000 0.1215 0.0233 0.0157 -0.0224 0.6834 0.7445
-0.2500 0.1640 0.0233 0.0156 -0.0236 0.6742 0.7584
0.0000 0.1842 0.0236 0.0159 -0.0216 0.6599 0.7711
0.2500 0.2148 0.0235 0.0157 -0.0214 0.6504 0.7868
0.5000 0.2447 0.0238 0.0160 -0.0210 0.6363 0.7955
0.7500 0.2690 0.0237 0.0158 -0.0200 0.6259 0.8113
1.0000 0.3080 0.0241 0.0162 -0.0210 0.6122 0.8189
1.2500 0.3283 0.0241 0.0162 -0.0194 0.6010 0.8349
1.5000 0.3759 0.0245 0.0164 -0.0220 0.5886 0.8417
1.7500 0.3933 0.0247 0.0166 -0.0199 0.5772 0.8579
2.0000 0.4494 0.0250 0.0168 -0.0242 0.5655 0.8636
2.2500 0.4720 0.0254 0.0172 -0.0232 0.5534 0.8776
2.5000 0.5268 0.0256 0.0172 -0.0277 0.5432 0.8841
2.7500 0.5634 0.0261 0.0177 -0.0294 0.5304 0.8939
3.0000 0.6081 0.0263 0.0177 -0.0324 0.5214 0.9040
3.2500 0.6508 0.0268 0.0183 -0.0355 0.5098 0.9131
3.5000 0.6957 0.0270 0.0183 -0.0386 0.5019 0.9238
3.7500 0.7332 0.0274 0.0188 -0.0410 0.4909 0.9347
4.0000 0.7821 0.0275 0.0187 -0.0450 0.4829 0.9435
4.2500 0.8126 0.0279 0.0193 -0.0463 0.4730 0.9555
4.5000 0.8648 0.0279 0.0191 -0.0512 0.4648 0.9627
4.7500 0.8988 0.0284 0.0197 -0.0533 0.4556 0.9745
5.0000 0.9534 0.0284 0.0196 -0.0588 0.4478 0.9825
