-5.0000 -0.1758 0.0539 0.0490 -0.0725 0.9026 0.2431
-4.7500 -0.1328 0.0502 0.0449 -0.0766 0.8948 0.2306
-4.5000 -0.0898 0.0465 0.0408 -0.0807 0.8870 0.2181
-4.2500 -0.0468 0.0427 0.0367 -0.0848 0.8793 0.2055
-4.0000 -0.0038 0.0390 0.0326 -0.0889 0.8715 0.1930
-3.7500 0.0379 0.0350 0.0276 -0.0902 0.8631 0.1581
-3.5000 0.0797 0.0310 0.0226 -0.0914 0.8546 0.1232
-3.2500 0.1264 0.0289 0.0200 -0.0938 0.8496 0.1248
-3.0000 0.1528 0.0278 0.0190 -0.0932 0.8367 0.1289
-2.7500 0.1948 0.0263 0.0172 -0.0947 0.8297 0.1350
-2.5000 0.2242 0.0251 0.0160 -0.0944 0.8176 0.1399
-2.2500 0.2630 0.0239 0.0146 -0.0953 0.8089 0.1496
-2.0000 0.2922 0.0231 0.0137 -0.0947 0.7954 0.1605
-1.7500 0.3300 0.0218 0.0125 -0.0956 0.7860 0.1753
-1.5000 0.3559 0.0210 0.0118 -0.0946 0.7699 0.1905
-1.2500 0.3848 0.0202 0.0110 -0.0940 0.7550 0.2097
-1.0000 0.4134 0.0193 0.0102 -0.0934 0.7401 0.2323
-0.7500 0.4405 0.0184 0.0095 -0.0926 0.7238 0.2631
-0.5000 0.4608 0.0166 0.0091 -0.0906 0.7081 0.6286
-0.2500 0.5462 0.0159 0.0089 -0.0986 0.6812 1.0000
0.0000 0.5689 0.0160 0.0086 -0.0972 0.6602 1.0000
0.2500 0.5921 0.0161 0.0084 -0.0959 0.6397 1.0000
0.5000 0.6153 0.0163 0.0083 -0.0947 0.6199 1.0000
0.7500 0.6366 0.0165 0.0083 -0.0933 0.5995 1.0000
1.0000 0.6588 0.0168 0.0084 -0.0920 0.5805 1.0000
1.2500 0.6818 0.0171 0.0085 -0.0910 0.5637 1.0000
1.5000 0.7052 0.0175 0.0086 -0.0900 0.5486 1.0000
1.7500 0.7296 0.0179 0.0088 -0.0893 0.5358 1.0000
2.0000 0.7541 0.0183 0.0090 -0.0886 0.5240 1.0000
2.2500 0.7777 0.0187 0.0094 -0.0879 0.5131 1.0000
2.5000 0.8041 0.0191 0.0096 -0.0876 0.5040 1.0000
2.7500 0.8269 0.0196 0.0100 -0.0867 0.4946 1.0000
3.0000 0.8532 0.0200 0.0103 -0.0865 0.4870 1.0000
3.2500 0.8777 0.0206 0.0108 -0.0860 0.4802 1.0000
3.5000 0.9018 0.0211 0.0113 -0.0854 0.4732 1.0000
3.7500 0.9296 0.0216 0.0116 -0.0854 0.4674 1.0000
4.0000 0.9523 0.0222 0.0123 -0.0847 0.4613 1.0000
4.2500 0.9761 0.0227 0.0128 -0.0842 0.4557 1.0000
4.5000 1.0031 0.0233 0.0133 -0.0842 0.4511 1.0000
4.7500 1.0292 0.0240 0.0139 -0.0841 0.4468 1.0000
5.0000 1.0495 0.0246 0.0147 -0.0830 0.4415 1.0000
