-5.0000 -0.1337 0.0296 0.0207 -0.0666 0.7564 0.3074
-4.7500 -0.0840 0.0280 0.0194 -0.0693 0.7535 0.3382
-4.5000 -0.0688 0.0276 0.0191 -0.0666 0.7428 0.3690
-4.2500 -0.0481 0.0270 0.0188 -0.0647 0.7336 0.4176
-4.0000 -0.0093 0.0260 0.0181 -0.0651 0.7286 0.4849
-3.7500 0.0076 0.0260 0.0182 -0.0624 0.7182 0.5236
-3.5000 0.0542 0.0254 0.0176 -0.0641 0.7141 0.5620
-3.2500 0.0729 0.0255 0.0177 -0.0617 0.7036 0.5846
-3.0000 0.0961 0.0255 0.0178 -0.0600 0.6940 0.6055
-2.7500 0.1417 0.0251 0.0173 -0.0618 0.6886 0.6293
-2.5000 0.1627 0.0252 0.0174 -0.0597 0.6782 0.6467
-2.2500 0.1871 0.0252 0.0175 -0.0583 0.6682 0.6638
-2.0000 0.2148 0.0251 0.0174 -0.0574 0.6588 0.6800
-1.7500 0.2463 0.0250 0.0171 -0.0572 0.6498 0.6957
-1.5000 0.2832 0.0248 0.0168 -0.0577 0.6415 0.7131
-1.2500 0.3053 0.0248 0.0169 -0.0559 0.6309 0.7293
-1.0000 0.3271 0.0249 0.0169 -0.0542 0.6203 0.7447
-0.7500 0.3505 0.0250 0.0170 -0.0527 0.6102 0.7601
-0.5000 0.3768 0.0251 0.0171 -0.0516 0.6005 0.7752
-0.2500 0.4052 0.0252 0.0171 -0.0508 0.5910 0.7906
0.0000 0.4357 0.0253 0.0172 -0.0503 0.5815 0.8059
0.2500 0.4661 0.0255 0.0172 -0.0498 0.5720 0.8213
0.5000 0.4870 0.0257 0.0175 -0.0480 0.5618 0.8370
0.7500 0.5078 0.0260 0.0177 -0.0463 0.5519 0.8526
1.0000 0.5418 0.0263 0.0180 -0.0470 0.5429 0.8657
1.2500 0.5759 0.0267 0.0183 -0.0476 0.5339 0.8788
1.5000 0.6212 0.0270 0.0184 -0.0504 0.5256 0.8906
1.7500 0.6537 0.0274 0.0188 -0.0513 0.5163 0.9040
2.0000 0.6972 0.0279 0.0192 -0.0544 0.5074 0.9149
2.2500 0.7407 0.0284 0.0196 -0.0575 0.4985 0.9259
2.5000 0.8007 0.0287 0.0198 -0.0636 0.4910 0.9343
2.7500 0.8438 0.0293 0.0203 -0.0671 0.4828 0.9461
3.0000 0.8871 0.0298 0.0208 -0.0706 0.4754 0.9589
3.2500 0.9545 0.0300 0.0207 -0.0784 0.4689 0.9654
3.5000 0.9882 0.0308 0.0216 -0.0808 0.4620 0.9792
3.7500 1.0518 0.0310 0.0216 -0.0882 0.4567 0.9861
4.0000 1.0936 0.0317 0.0225 -0.0923 0.4504 0.9977
4.2500 1.1243 0.0319 0.0225 -0.0938 0.4467 1.0001
4.5000 1.1115 0.0325 0.0233 -0.0881 0.4431 1.0001
4.7500 1.1023 0.0331 0.0239 -0.0828 0.4394 1.0001
5.0000 1.1169 0.0333 0.0240 -0.0812 0.4361 1.0001
