-5.0000 -0.4168 0.0128 0.0062 -0.0301 0.7744 0.3615
-4.7500 -0.3942 0.0126 0.0060 -0.0290 0.7634 0.3692
-4.5000 -0.3709 0.0125 0.0059 -0.0281 0.7527 0.3766
-4.2500 -0.3477 0.0124 0.0057 -0.0272 0.7411 0.3845
-4.0000 -0.3244 0.0123 0.0056 -0.0262 0.7295 0.3924
-3.7500 -0.3008 0.0122 0.0055 -0.0253 0.7179 0.4002
-3.5000 -0.2767 0.0121 0.0054 -0.0245 0.7069 0.4085
-3.2500 -0.2531 0.0120 0.0053 -0.0236 0.6960 0.4163
-3.0000 -0.2290 0.0120 0.0052 -0.0228 0.6855 0.4250
-2.7500 -0.2051 0.0119 0.0051 -0.0219 0.6738 0.4343
-2.5000 -0.1816 0.0119 0.0051 -0.0210 0.6623 0.4427
-2.2500 -0.1574 0.0118 0.0050 -0.0202 0.6515 0.4513
-2.0000 -0.1331 0.0118 0.0049 -0.0194 0.6410 0.4608
-1.7500 -0.1092 0.0117 0.0049 -0.0186 0.6304 0.4695
-1.5000 -0.0849 0.0117 0.0048 -0.0178 0.6205 0.4786
-1.2500 -0.0605 0.0117 0.0048 -0.0170 0.6104 0.4878
-1.0000 -0.0362 0.0117 0.0048 -0.0163 0.6003 0.4969
-0.7500 -0.0120 0.0117 0.0048 -0.0154 0.5899 0.5057
-0.5000 0.0122 0.0116 0.0048 -0.0146 0.5799 0.5151
-0.2500 0.0366 0.0116 0.0047 -0.0139 0.5700 0.5251
0.0000 0.0608 0.0116 0.0047 -0.0131 0.5603 0.5349
0.2500 0.0848 0.0116 0.0048 -0.0122 0.5506 0.5447
0.5000 0.1088 0.0117 0.0048 -0.0114 0.5407 0.5551
0.7500 0.1328 0.0117 0.0048 -0.0105 0.5304 0.5658
1.0000 0.1567 0.0117 0.0048 -0.0097 0.5207 0.5768
1.2500 0.1805 0.0117 0.0049 -0.0088 0.5117 0.5872
1.5000 0.2043 0.0118 0.0049 -0.0079 0.5028 0.5985
1.7500 0.2282 0.0118 0.0049 -0.0071 0.4938 0.6097
2.0000 0.2522 0.0118 0.0050 -0.0062 0.4853 0.6218
2.2500 0.2759 0.0119 0.0050 -0.0053 0.4773 0.6328
2.5000 0.2995 0.0119 0.0051 -0.0044 0.4685 0.6445
2.7500 0.3230 0.0120 0.0052 -0.0035 0.4596 0.6560
3.0000 0.3459 0.0120 0.0053 -0.0025 0.4507 0.6681
3.2500 0.3684 0.0121 0.0054 -0.0014 0.4418 0.6813
3.5000 0.3913 0.0122 0.0055 -0.0004 0.4331 0.6943
3.7500 0.4140 0.0123 0.0056 0.0007 0.4250 0.7074
4.0000 0.4365 0.0124 0.0057 0.0017 0.4169 0.7200
4.2500 0.4589 0.0125 0.0058 0.0028 0.4088 0.7325
4.5000 0.4806 0.0126 0.0060 0.0041 0.4007 0.7452
4.7500 0.5003 0.0127 0.0061 0.0057 0.3931 0.7587
5.0000 0.5205 0.0128 0.0063 0.0072 0.3847 0.7718
