-5.0000 -0.3754 0.0114 0.0050 -0.0424 0.9548 0.1715
-4.7500 -0.3385 0.0111 0.0047 -0.0444 0.9516 0.1932
-4.5000 -0.3068 0.0107 0.0045 -0.0452 0.9462 0.2151
-4.2500 -0.2777 0.0104 0.0043 -0.0453 0.9389 0.2364
-4.0000 -0.2455 0.0101 0.0040 -0.0461 0.9335 0.2605
-3.7500 -0.2178 0.0098 0.0038 -0.0460 0.9255 0.2853
-3.5000 -0.1888 0.0095 0.0036 -0.0460 0.9183 0.3131
-3.2500 -0.1623 0.0092 0.0034 -0.0456 0.9087 0.3406
-3.0000 -0.1354 0.0090 0.0033 -0.0452 0.8991 0.3694
-2.7500 -0.1090 0.0087 0.0031 -0.0447 0.8881 0.4006
-2.5000 -0.0830 0.0085 0.0029 -0.0441 0.8762 0.4364
-2.2500 -0.0572 0.0083 0.0028 -0.0434 0.8639 0.4756
-2.0000 -0.0311 0.0081 0.0027 -0.0428 0.8513 0.5141
-1.7500 -0.0056 0.0079 0.0027 -0.0421 0.8369 0.5531
-1.5000 0.0199 0.0077 0.0026 -0.0414 0.8219 0.5925
-1.2500 0.0456 0.0076 0.0025 -0.0406 0.8071 0.6313
-1.0000 0.0711 0.0075 0.0025 -0.0398 0.7923 0.6691
-0.7500 0.0968 0.0074 0.0025 -0.0391 0.7771 0.7037
-0.5000 0.1224 0.0073 0.0025 -0.0383 0.7621 0.7372
-0.2500 0.1480 0.0073 0.0025 -0.0375 0.7461 0.7694
0.0000 0.1735 0.0073 0.0025 -0.0366 0.7305 0.8016
0.2500 0.1990 0.0073 0.0025 -0.0357 0.7144 0.8315
0.5000 0.2246 0.0073 0.0026 -0.0347 0.6970 0.8621
0.7500 0.2511 0.0074 0.0027 -0.0339 0.6802 0.8882
1.0000 0.2788 0.0075 0.0028 -0.0335 0.6632 0.9083
1.2500 0.3080 0.0077 0.0029 -0.0334 0.6460 0.9256
1.5000 0.3388 0.0078 0.0029 -0.0337 0.6283 0.9403
1.7500 0.3759 0.0080 0.0031 -0.0354 0.6088 0.9524
2.0000 0.4089 0.0082 0.0032 -0.0363 0.5918 0.9647
2.2500 0.4434 0.0083 0.0032 -0.0376 0.5747 0.9725
2.5000 0.4856 0.0085 0.0033 -0.0406 0.5570 0.9771
2.7500 0.5273 0.0087 0.0034 -0.0436 0.5389 0.9833
3.0000 0.5675 0.0088 0.0034 -0.0463 0.5199 0.9901
3.2500 0.6069 0.0090 0.0035 -0.0488 0.4995 0.9963
3.5000 0.6437 0.0092 0.0036 -0.0508 0.4817 1.0000
3.7500 0.6664 0.0093 0.0037 -0.0499 0.4665 1.0000
4.0000 0.6886 0.0094 0.0038 -0.0489 0.4493 1.0000
4.2500 0.7104 0.0096 0.0039 -0.0478 0.4319 1.0000
4.5000 0.7326 0.0097 0.0040 -0.0467 0.4146 1.0000
4.7500 0.7544 0.0099 0.0041 -0.0456 0.3986 1.0000
5.0000 0.7760 0.0101 0.0043 -0.0444 0.3808 1.0000
