-5.0000 -0.0698 0.0131 0.0059 -0.1063 0.8973 0.0947
-4.7500 -0.0436 0.0128 0.0057 -0.1059 0.8895 0.1025
-4.5000 -0.0152 0.0125 0.0054 -0.1058 0.8824 0.1114
-4.2500 0.0154 0.0123 0.0051 -0.1061 0.8770 0.1221
-4.0000 0.0409 0.0121 0.0050 -0.1055 0.8676 0.1331
-3.7500 0.0696 0.0118 0.0048 -0.1055 0.8599 0.1477
-3.5000 0.0971 0.0116 0.0046 -0.1053 0.8513 0.1678
-3.2500 0.1249 0.0114 0.0045 -0.1051 0.8420 0.1930
-3.0000 0.1527 0.0112 0.0044 -0.1050 0.8324 0.2168
-2.7500 0.1800 0.0110 0.0042 -0.1047 0.8221 0.2357
-2.5000 0.2075 0.0109 0.0041 -0.1044 0.8121 0.2564
-2.2500 0.2351 0.0107 0.0039 -0.1042 0.8021 0.2781
-2.0000 0.2623 0.0106 0.0038 -0.1039 0.7913 0.3022
-1.7500 0.2897 0.0104 0.0037 -0.1037 0.7799 0.3295
-1.5000 0.3162 0.0102 0.0036 -0.1033 0.7677 0.3600
-1.2500 0.3436 0.0100 0.0035 -0.1031 0.7570 0.4001
-1.0000 0.3686 0.0097 0.0035 -0.1024 0.7447 0.4848
-0.7500 0.3935 0.0095 0.0035 -0.1018 0.7324 0.5695
-0.5000 0.4168 0.0092 0.0035 -0.1006 0.7204 0.6794
-0.2500 0.4389 0.0090 0.0036 -0.0989 0.7084 0.7791
0.0000 0.4620 0.0089 0.0037 -0.0970 0.6973 0.8701
0.2500 0.4986 0.0089 0.0037 -0.0982 0.6845 0.9431
0.5000 0.5466 0.0090 0.0037 -0.1023 0.6728 0.9831
0.7500 0.5933 0.0091 0.0037 -0.1063 0.6601 1.0000
1.0000 0.6167 0.0092 0.0037 -0.1054 0.6484 1.0000
1.2500 0.6405 0.0094 0.0037 -0.1045 0.6372 1.0000
1.5000 0.6637 0.0095 0.0038 -0.1036 0.6248 1.0000
1.7500 0.6877 0.0096 0.0038 -0.1028 0.6139 1.0000
2.0000 0.7119 0.0098 0.0039 -0.1020 0.6031 1.0000
2.2500 0.7366 0.0099 0.0040 -0.1013 0.5933 1.0000
2.5000 0.7615 0.0101 0.0041 -0.1007 0.5836 1.0000
2.7500 0.7866 0.0103 0.0042 -0.1001 0.5745 1.0000
3.0000 0.8119 0.0104 0.0043 -0.0996 0.5655 1.0000
3.2500 0.8376 0.0106 0.0044 -0.0991 0.5578 1.0000
3.5000 0.8630 0.0108 0.0046 -0.0986 0.5492 1.0000
3.7500 0.8888 0.0110 0.0047 -0.0982 0.5412 1.0000
4.0000 0.9140 0.0112 0.0049 -0.0977 0.5328 1.0000
4.2500 0.9396 0.0114 0.0051 -0.0973 0.5249 1.0000
4.5000 0.9652 0.0116 0.0053 -0.0968 0.5170 1.0000
4.7500 0.9900 0.0118 0.0054 -0.0962 0.5078 1.0000
5.0000 1.0151 0.0120 0.0056 -0.0957 0.4993 1.0000
