-5.0000 -0.0667 0.0133 0.0062 -0.1051 0.8651 0.1500
-4.7500 -0.0381 0.0131 0.0060 -0.1050 0.8580 0.1612
-4.5000 -0.0095 0.0128 0.0057 -0.1050 0.8510 0.1717
-4.2500 0.0163 0.0125 0.0055 -0.1045 0.8412 0.1825
-4.0000 0.0460 0.0123 0.0052 -0.1046 0.8340 0.1949
-3.7500 0.0718 0.0121 0.0051 -0.1040 0.8239 0.2074
-3.5000 0.1002 0.0119 0.0049 -0.1039 0.8154 0.2217
-3.2500 0.1267 0.0117 0.0047 -0.1035 0.8052 0.2365
-3.0000 0.1548 0.0115 0.0046 -0.1033 0.7956 0.2527
-2.7500 0.1816 0.0114 0.0044 -0.1030 0.7853 0.2696
-2.5000 0.2095 0.0112 0.0043 -0.1028 0.7753 0.2887
-2.2500 0.2361 0.0111 0.0042 -0.1024 0.7641 0.3086
-2.0000 0.2641 0.0110 0.0041 -0.1023 0.7539 0.3297
-1.7500 0.2900 0.0109 0.0040 -0.1018 0.7421 0.3520
-1.5000 0.3174 0.0108 0.0039 -0.1016 0.7317 0.3782
-1.2500 0.3431 0.0106 0.0039 -0.1011 0.7196 0.4096
-1.0000 0.3692 0.0104 0.0038 -0.1006 0.7089 0.4557
-0.7500 0.3943 0.0103 0.0038 -0.1000 0.6973 0.5223
-0.5000 0.4186 0.0101 0.0039 -0.0991 0.6857 0.5997
-0.2500 0.4426 0.0100 0.0040 -0.0980 0.6745 0.6673
0.0000 0.4666 0.0098 0.0040 -0.0969 0.6633 0.7350
0.2500 0.4900 0.0097 0.0040 -0.0955 0.6527 0.7981
0.5000 0.5132 0.0097 0.0041 -0.0939 0.6417 0.8582
0.7500 0.5407 0.0098 0.0043 -0.0933 0.6302 0.9112
1.0000 0.5780 0.0100 0.0043 -0.0948 0.6198 0.9506
1.2500 0.6219 0.0101 0.0044 -0.0979 0.6093 0.9761
1.5000 0.6696 0.0103 0.0045 -0.1021 0.5992 0.9907
1.7500 0.7167 0.0104 0.0046 -0.1062 0.5901 1.0000
2.0000 0.7376 0.0106 0.0046 -0.1050 0.5817 1.0000
2.2500 0.7594 0.0107 0.0047 -0.1038 0.5740 1.0000
2.5000 0.7816 0.0108 0.0047 -0.1027 0.5661 1.0000
2.7500 0.8039 0.0110 0.0049 -0.1017 0.5584 1.0000
3.0000 0.8268 0.0112 0.0050 -0.1007 0.5512 1.0000
3.2500 0.8496 0.0113 0.0051 -0.0997 0.5436 1.0000
3.5000 0.8733 0.0115 0.0052 -0.0989 0.5364 1.0000
3.7500 0.8960 0.0117 0.0053 -0.0978 0.5279 1.0000
4.0000 0.9199 0.0119 0.0055 -0.0970 0.5199 1.0000
4.2500 0.9427 0.0120 0.0056 -0.0960 0.5114 1.0000
4.5000 0.9668 0.0122 0.0058 -0.0953 0.5034 1.0000
4.7500 0.9898 0.0124 0.0059 -0.0944 0.4949 1.0000
5.0000 1.0137 0.0126 0.0061 -0.0936 0.4873 1.0000
