-5.0000 -0.0507 0.0147 0.0072 -0.0979 0.7349 0.2793
-4.7500 -0.0263 0.0146 0.0070 -0.0971 0.7258 0.2862
-4.5000 0.0014 0.0145 0.0069 -0.0970 0.7182 0.2931
-4.2500 0.0240 0.0144 0.0068 -0.0959 0.7088 0.3007
-4.0000 0.0501 0.0143 0.0066 -0.0955 0.7007 0.3078
-3.7500 0.0747 0.0142 0.0066 -0.0947 0.6917 0.3157
-3.5000 0.0998 0.0141 0.0064 -0.0941 0.6830 0.3233
-3.2500 0.1247 0.0141 0.0064 -0.0934 0.6740 0.3318
-3.0000 0.1488 0.0140 0.0063 -0.0926 0.6649 0.3396
-2.7500 0.1743 0.0140 0.0062 -0.0920 0.6570 0.3482
-2.5000 0.1983 0.0139 0.0062 -0.0912 0.6485 0.3573
-2.2500 0.2256 0.0139 0.0061 -0.0910 0.6414 0.3671
-2.0000 0.2479 0.0138 0.0061 -0.0899 0.6330 0.3775
-1.7500 0.2730 0.0138 0.0060 -0.0893 0.6253 0.3893
-1.5000 0.2981 0.0138 0.0060 -0.0887 0.6179 0.4010
-1.2500 0.3210 0.0137 0.0060 -0.0877 0.6102 0.4126
-1.0000 0.3472 0.0137 0.0060 -0.0873 0.6034 0.4258
-0.7500 0.3716 0.0137 0.0060 -0.0866 0.5966 0.4404
-0.5000 0.3943 0.0136 0.0061 -0.0856 0.5893 0.4564
-0.2500 0.4199 0.0136 0.0061 -0.0851 0.5828 0.4745
0.0000 0.4445 0.0137 0.0062 -0.0844 0.5767 0.4940
0.2500 0.4670 0.0136 0.0062 -0.0833 0.5701 0.5160
0.5000 0.4914 0.0136 0.0063 -0.0826 0.5640 0.5380
0.7500 0.5186 0.0137 0.0064 -0.0825 0.5584 0.5633
1.0000 0.5397 0.0137 0.0065 -0.0811 0.5524 0.5879
1.2500 0.5626 0.0137 0.0066 -0.0801 0.5462 0.6119
1.5000 0.5901 0.0138 0.0067 -0.0799 0.5404 0.6370
1.7500 0.6117 0.0139 0.0069 -0.0787 0.5349 0.6608
2.0000 0.6339 0.0139 0.0070 -0.0775 0.5294 0.6842
2.2500 0.6587 0.0140 0.0071 -0.0768 0.5244 0.7075
2.5000 0.6860 0.0141 0.0073 -0.0767 0.5194 0.7295
2.7500 0.7046 0.0142 0.0075 -0.0748 0.5138 0.7521
3.0000 0.7256 0.0143 0.0076 -0.0733 0.5081 0.7757
3.2500 0.7520 0.0144 0.0077 -0.0729 0.5028 0.8001
3.5000 0.7688 0.0145 0.0079 -0.0706 0.4974 0.8252
3.7500 0.7855 0.0146 0.0081 -0.0682 0.4919 0.8502
4.0000 0.8075 0.0148 0.0083 -0.0668 0.4869 0.8748
4.2500 0.8299 0.0150 0.0086 -0.0655 0.4821 0.8994
4.5000 0.8491 0.0152 0.0089 -0.0637 0.4770 0.9246
4.7500 0.8767 0.0155 0.0092 -0.0636 0.4719 0.9476
5.0000 0.9193 0.0159 0.0094 -0.0666 0.4668 0.9610
