-5.0000 -0.5467 0.0112 0.0049 -0.0088 0.9840 0.2197
-4.7500 -0.5078 0.0109 0.0047 -0.0114 0.9813 0.2486
-4.5000 -0.4683 0.0106 0.0046 -0.0140 0.9792 0.2781
-4.2500 -0.4382 0.0103 0.0044 -0.0146 0.9733 0.3037
-4.0000 -0.4036 0.0100 0.0042 -0.0161 0.9684 0.3335
-3.7500 -0.3666 0.0097 0.0040 -0.0181 0.9647 0.3673
-3.5000 -0.3273 0.0095 0.0039 -0.0206 0.9618 0.4013
-3.2500 -0.2871 0.0092 0.0037 -0.0231 0.9587 0.4307
-3.0000 -0.2581 0.0089 0.0036 -0.0232 0.9506 0.4554
-2.7500 -0.2248 0.0087 0.0034 -0.0242 0.9445 0.4833
-2.5000 -0.1911 0.0084 0.0032 -0.0252 0.9397 0.5123
-2.2500 -0.1655 0.0082 0.0031 -0.0245 0.9294 0.5395
-2.0000 -0.1351 0.0080 0.0030 -0.0247 0.9220 0.5659
-1.7500 -0.1095 0.0078 0.0029 -0.0239 0.9099 0.5888
-1.5000 -0.0819 0.0077 0.0028 -0.0235 0.9000 0.6130
-1.2500 -0.0552 0.0075 0.0027 -0.0229 0.8877 0.6378
-1.0000 -0.0292 0.0074 0.0026 -0.0221 0.8730 0.6614
-0.7500 -0.0029 0.0073 0.0026 -0.0214 0.8579 0.6860
-0.5000 0.0235 0.0072 0.0025 -0.0207 0.8420 0.7103
-0.2500 0.0500 0.0071 0.0025 -0.0200 0.8259 0.7333
0.0000 0.0759 0.0071 0.0024 -0.0192 0.8059 0.7561
0.2500 0.1018 0.0070 0.0024 -0.0184 0.7854 0.7783
0.5000 0.1275 0.0070 0.0024 -0.0175 0.7640 0.8017
0.7500 0.1530 0.0070 0.0025 -0.0166 0.7417 0.8269
1.0000 0.1784 0.0071 0.0025 -0.0157 0.7185 0.8499
1.2500 0.2039 0.0072 0.0026 -0.0147 0.6935 0.8696
1.5000 0.2291 0.0073 0.0026 -0.0138 0.6668 0.8903
1.7500 0.2550 0.0075 0.0027 -0.0129 0.6400 0.9076
2.0000 0.2813 0.0076 0.0028 -0.0122 0.6153 0.9249
2.2500 0.3090 0.0078 0.0029 -0.0119 0.5884 0.9395
2.5000 0.3387 0.0080 0.0030 -0.0120 0.5603 0.9520
2.7500 0.3728 0.0083 0.0031 -0.0131 0.5323 0.9614
3.0000 0.4095 0.0085 0.0033 -0.0149 0.5048 0.9691
3.2500 0.4482 0.0088 0.0034 -0.0172 0.4755 0.9749
3.5000 0.4838 0.0091 0.0036 -0.0188 0.4448 0.9821
3.7500 0.5256 0.0093 0.0037 -0.0219 0.4096 0.9859
4.0000 0.5655 0.0096 0.0039 -0.0247 0.3773 0.9907
4.2500 0.6042 0.0099 0.0040 -0.0272 0.3450 0.9957
4.5000 0.6419 0.0102 0.0042 -0.0295 0.3110 0.9998
4.7500 0.6639 0.0105 0.0043 -0.0286 0.2839 1.0000
5.0000 0.6845 0.0107 0.0045 -0.0274 0.2585 1.0000
