-5.0000 -0.2099 0.0118 0.0053 -0.0789 0.8263 0.2882
-4.7500 -0.1813 0.0117 0.0052 -0.0789 0.8196 0.2979
-4.5000 -0.1562 0.0116 0.0051 -0.0783 0.8108 0.3077
-4.2500 -0.1285 0.0114 0.0049 -0.0781 0.8031 0.3171
-4.0000 -0.1026 0.0113 0.0048 -0.0776 0.7941 0.3267
-3.7500 -0.0749 0.0112 0.0046 -0.0774 0.7860 0.3361
-3.5000 -0.0489 0.0111 0.0046 -0.0769 0.7766 0.3461
-3.2500 -0.0211 0.0110 0.0044 -0.0768 0.7687 0.3562
-3.0000 0.0049 0.0109 0.0044 -0.0763 0.7590 0.3670
-2.7500 0.0322 0.0108 0.0043 -0.0760 0.7512 0.3782
-2.5000 0.0584 0.0107 0.0042 -0.0756 0.7419 0.3898
-2.2500 0.0860 0.0107 0.0042 -0.0754 0.7337 0.4022
-2.0000 0.1120 0.0106 0.0041 -0.0749 0.7240 0.4135
-1.7500 0.1390 0.0106 0.0041 -0.0746 0.7154 0.4250
-1.5000 0.1658 0.0105 0.0040 -0.0742 0.7065 0.4375
-1.2500 0.1918 0.0105 0.0040 -0.0737 0.6967 0.4503
-1.0000 0.2186 0.0105 0.0040 -0.0734 0.6871 0.4634
-0.7500 0.2444 0.0104 0.0040 -0.0728 0.6769 0.4765
-0.5000 0.2706 0.0104 0.0040 -0.0723 0.6673 0.4898
-0.2500 0.2968 0.0104 0.0040 -0.0719 0.6577 0.5031
0.0000 0.3230 0.0104 0.0040 -0.0714 0.6478 0.5164
0.2500 0.3484 0.0104 0.0040 -0.0708 0.6369 0.5304
0.5000 0.3739 0.0104 0.0040 -0.0702 0.6264 0.5454
0.7500 0.3993 0.0104 0.0040 -0.0696 0.6159 0.5604
1.0000 0.4246 0.0105 0.0041 -0.0690 0.6057 0.5768
1.2500 0.4494 0.0105 0.0041 -0.0682 0.5948 0.5926
1.5000 0.4743 0.0105 0.0042 -0.0675 0.5846 0.6097
1.7500 0.4992 0.0106 0.0043 -0.0668 0.5750 0.6263
2.0000 0.5241 0.0106 0.0043 -0.0661 0.5653 0.6437
2.2500 0.5487 0.0107 0.0044 -0.0653 0.5560 0.6626
2.5000 0.5729 0.0107 0.0045 -0.0645 0.5457 0.6834
2.7500 0.5966 0.0108 0.0046 -0.0635 0.5360 0.7056
3.0000 0.6201 0.0108 0.0047 -0.0626 0.5263 0.7288
3.2500 0.6435 0.0109 0.0049 -0.0615 0.5171 0.7525
3.5000 0.6657 0.0110 0.0050 -0.0603 0.5058 0.7765
3.7500 0.6874 0.0111 0.0052 -0.0589 0.4948 0.8034
4.0000 0.7076 0.0112 0.0053 -0.0571 0.4841 0.8299
4.2500 0.7286 0.0113 0.0055 -0.0555 0.4741 0.8597
4.5000 0.7481 0.0115 0.0057 -0.0536 0.4647 0.8883
4.7500 0.7689 0.0116 0.0059 -0.0519 0.4552 0.9160
5.0000 0.7915 0.0119 0.0062 -0.0506 0.4450 0.9399
