-5.0000 -0.1810 0.0134 0.0062 -0.0696 0.8400 0.1944
-4.7500 -0.1574 0.0131 0.0060 -0.0687 0.8284 0.2044
-4.5000 -0.1307 0.0128 0.0057 -0.0682 0.8187 0.2158
-4.2500 -0.1050 0.0126 0.0055 -0.0676 0.8073 0.2283
-4.0000 -0.0793 0.0124 0.0053 -0.0670 0.7962 0.2427
-3.7500 -0.0532 0.0121 0.0050 -0.0665 0.7857 0.2586
-3.5000 -0.0287 0.0119 0.0049 -0.0658 0.7727 0.2770
-3.2500 -0.0040 0.0116 0.0046 -0.0650 0.7603 0.3005
-3.0000 0.0198 0.0113 0.0044 -0.0642 0.7480 0.3378
-2.7500 0.0429 0.0110 0.0043 -0.0632 0.7354 0.3979
-2.5000 0.0658 0.0107 0.0042 -0.0621 0.7222 0.4574
-2.2500 0.0898 0.0106 0.0042 -0.0611 0.7089 0.5045
-2.0000 0.1144 0.0104 0.0042 -0.0602 0.6954 0.5426
-1.7500 0.1393 0.0104 0.0041 -0.0593 0.6815 0.5752
-1.5000 0.1643 0.0103 0.0041 -0.0585 0.6675 0.6038
-1.2500 0.1894 0.0103 0.0041 -0.0577 0.6534 0.6297
-1.0000 0.2146 0.0103 0.0041 -0.0569 0.6395 0.6547
-0.7500 0.2398 0.0103 0.0041 -0.0561 0.6255 0.6786
-0.5000 0.2647 0.0104 0.0042 -0.0552 0.6114 0.7026
-0.2500 0.2895 0.0104 0.0042 -0.0543 0.5977 0.7264
0.0000 0.3142 0.0105 0.0043 -0.0533 0.5836 0.7501
0.2500 0.3389 0.0105 0.0043 -0.0524 0.5700 0.7742
0.5000 0.3635 0.0106 0.0044 -0.0514 0.5572 0.7978
0.7500 0.3882 0.0107 0.0046 -0.0504 0.5451 0.8196
1.0000 0.4128 0.0109 0.0046 -0.0495 0.5329 0.8402
1.2500 0.4375 0.0110 0.0048 -0.0485 0.5210 0.8605
1.5000 0.4621 0.0112 0.0049 -0.0475 0.5105 0.8808
1.7500 0.4874 0.0114 0.0051 -0.0466 0.4996 0.9009
2.0000 0.5144 0.0116 0.0053 -0.0460 0.4896 0.9205
2.2500 0.5440 0.0118 0.0055 -0.0459 0.4796 0.9377
2.5000 0.5803 0.0121 0.0057 -0.0474 0.4711 0.9495
2.7500 0.6187 0.0124 0.0060 -0.0495 0.4626 0.9589
3.0000 0.6611 0.0127 0.0062 -0.0525 0.4546 0.9659
3.2500 0.7017 0.0130 0.0064 -0.0551 0.4461 0.9734
3.5000 0.7472 0.0133 0.0066 -0.0589 0.4384 0.9776
3.7500 0.7899 0.0135 0.0068 -0.0621 0.4314 0.9837
4.0000 0.8299 0.0137 0.0069 -0.0648 0.4248 0.9897
4.2500 0.8734 0.0139 0.0071 -0.0683 0.4181 0.9936
4.5000 0.9154 0.0141 0.0073 -0.0715 0.4109 0.9984
4.7500 0.9421 0.0143 0.0074 -0.0716 0.4049 1.0000
5.0000 0.9588 0.0144 0.0075 -0.0698 0.3996 1.0000
