-5.0000 -0.1779 0.0135 0.0063 -0.0681 0.8024 0.2352
-4.7500 -0.1534 0.0133 0.0061 -0.0673 0.7913 0.2456
-4.5000 -0.1266 0.0131 0.0058 -0.0669 0.7814 0.2571
-4.2500 -0.1035 0.0128 0.0056 -0.0659 0.7695 0.2690
-4.0000 -0.0781 0.0126 0.0054 -0.0652 0.7591 0.2833
-3.7500 -0.0543 0.0124 0.0052 -0.0643 0.7470 0.3002
-3.5000 -0.0305 0.0121 0.0050 -0.0635 0.7358 0.3224
-3.2500 -0.0072 0.0119 0.0049 -0.0625 0.7238 0.3553
-3.0000 0.0153 0.0116 0.0048 -0.0614 0.7118 0.3975
-2.7500 0.0388 0.0114 0.0047 -0.0604 0.7000 0.4415
-2.5000 0.0619 0.0113 0.0047 -0.0593 0.6865 0.4783
-2.2500 0.0862 0.0112 0.0046 -0.0583 0.6740 0.5100
-2.0000 0.1105 0.0112 0.0046 -0.0574 0.6610 0.5379
-1.7500 0.1350 0.0111 0.0046 -0.0565 0.6483 0.5617
-1.5000 0.1601 0.0111 0.0046 -0.0557 0.6363 0.5834
-1.2500 0.1849 0.0111 0.0046 -0.0549 0.6233 0.6038
-1.0000 0.2098 0.0111 0.0046 -0.0540 0.6106 0.6244
-0.7500 0.2346 0.0112 0.0046 -0.0532 0.5983 0.6441
-0.5000 0.2594 0.0112 0.0046 -0.0524 0.5863 0.6628
-0.2500 0.2841 0.0113 0.0047 -0.0515 0.5737 0.6809
0.0000 0.3090 0.0113 0.0047 -0.0507 0.5620 0.6990
0.2500 0.3337 0.0114 0.0048 -0.0499 0.5508 0.7180
0.5000 0.3579 0.0115 0.0049 -0.0489 0.5385 0.7368
0.7500 0.3824 0.0115 0.0050 -0.0481 0.5272 0.7552
1.0000 0.4071 0.0116 0.0051 -0.0472 0.5173 0.7733
1.2500 0.4314 0.0117 0.0052 -0.0463 0.5070 0.7931
1.5000 0.4558 0.0119 0.0053 -0.0453 0.4984 0.8140
1.7500 0.4803 0.0120 0.0055 -0.0443 0.4895 0.8334
2.0000 0.5050 0.0122 0.0057 -0.0435 0.4819 0.8524
2.2500 0.5292 0.0123 0.0059 -0.0424 0.4740 0.8724
2.5000 0.5536 0.0125 0.0060 -0.0413 0.4669 0.8919
2.7500 0.5798 0.0128 0.0063 -0.0407 0.4604 0.9098
3.0000 0.6077 0.0130 0.0066 -0.0403 0.4536 0.9254
3.2500 0.6384 0.0133 0.0068 -0.0407 0.4469 0.9389
3.5000 0.6710 0.0136 0.0070 -0.0415 0.4402 0.9503
3.7500 0.7099 0.0139 0.0073 -0.0438 0.4328 0.9570
4.0000 0.7504 0.0142 0.0075 -0.0465 0.4258 0.9634
4.2500 0.7883 0.0145 0.0078 -0.0486 0.4194 0.9711
4.5000 0.8341 0.0148 0.0080 -0.0525 0.4130 0.9747
4.7500 0.8770 0.0151 0.0082 -0.0558 0.4071 0.9793
5.0000 0.9165 0.0154 0.0085 -0.0584 0.4014 0.9851
