-5.0000 -0.2813 0.0333 0.0242 -0.0586 0.7640 0.3309
-4.7500 -0.2321 0.0321 0.0229 -0.0617 0.7614 0.3433
-4.5000 -0.1797 0.0310 0.0218 -0.0652 0.7593 0.3567
-4.2500 -0.1604 0.0308 0.0216 -0.0636 0.7498 0.3663
-4.0000 -0.1412 0.0306 0.0214 -0.0621 0.7403 0.3758
-3.7500 -0.0906 0.0295 0.0205 -0.0653 0.7377 0.3900
-3.5000 -0.0699 0.0294 0.0204 -0.0639 0.7287 0.4025
-3.2500 -0.0493 0.0293 0.0202 -0.0625 0.7197 0.4150
-3.0000 0.0012 0.0283 0.0192 -0.0656 0.7165 0.4327
-2.7500 0.0117 0.0285 0.0196 -0.0626 0.7053 0.4438
-2.5000 0.0482 0.0279 0.0191 -0.0636 0.6991 0.4615
-2.2500 0.0973 0.0270 0.0182 -0.0664 0.6953 0.4836
-2.0000 0.1036 0.0274 0.0187 -0.0628 0.6841 0.4990
-1.7500 0.1415 0.0269 0.0183 -0.0639 0.6783 0.5231
-1.5000 0.1887 0.0262 0.0176 -0.0664 0.6745 0.5508
-1.2500 0.1851 0.0269 0.0185 -0.0612 0.6628 0.5680
-1.0000 0.2260 0.0264 0.0181 -0.0627 0.6578 0.5970
-0.7500 0.2461 0.0266 0.0183 -0.0610 0.6504 0.6231
-0.5000 0.2627 0.0268 0.0187 -0.0586 0.6421 0.6466
-0.2500 0.3047 0.0265 0.0183 -0.0600 0.6377 0.6761
0.0000 0.3117 0.0272 0.0191 -0.0563 0.6297 0.6984
0.2500 0.3302 0.0275 0.0195 -0.0543 0.6229 0.7226
0.5000 0.3716 0.0273 0.0193 -0.0554 0.6188 0.7475
0.7500 0.3748 0.0281 0.0203 -0.0512 0.6114 0.7691
1.0000 0.3918 0.0285 0.0207 -0.0487 0.6046 0.7902
1.2500 0.4400 0.0282 0.0204 -0.0508 0.6005 0.8115
1.5000 0.4377 0.0292 0.0215 -0.0456 0.5924 0.8308
1.7500 0.4645 0.0295 0.0218 -0.0447 0.5865 0.8509
2.0000 0.5221 0.0293 0.0215 -0.0486 0.5827 0.8693
2.2500 0.5125 0.0309 0.0231 -0.0429 0.5749 0.8895
2.5000 0.5594 0.0313 0.0235 -0.0459 0.5695 0.9047
2.7500 0.6371 0.0309 0.0230 -0.0538 0.5656 0.9165
3.0000 0.6435 0.0326 0.0248 -0.0514 0.5573 0.9343
3.2500 0.7260 0.0326 0.0247 -0.0610 0.5515 0.9410
3.5000 0.8135 0.0321 0.0239 -0.0709 0.5474 0.9514
3.7500 0.8334 0.0340 0.0260 -0.0717 0.5383 0.9678
4.0000 0.9179 0.0336 0.0255 -0.0819 0.5328 0.9759
4.2500 0.9686 0.0342 0.0260 -0.0871 0.5267 0.9882
4.5000 1.0142 0.0349 0.0268 -0.0921 0.5189 0.9991
4.7500 1.0407 0.0347 0.0264 -0.0925 0.5147 1.0000
5.0000 1.0437 0.0349 0.0267 -0.0892 0.5105 1.0000
