-5.0000 -0.1009 0.0123 0.0051 -0.0711 0.8285 0.0528
-4.7500 -0.0747 0.0121 0.0049 -0.0705 0.8156 0.0551
-4.5000 -0.0476 0.0120 0.0048 -0.0701 0.8036 0.0582
-4.2500 -0.0208 0.0119 0.0046 -0.0697 0.7902 0.0621
-4.0000 0.0060 0.0118 0.0045 -0.0692 0.7769 0.0655
-3.7500 0.0327 0.0117 0.0043 -0.0688 0.7632 0.0694
-3.5000 0.0594 0.0115 0.0042 -0.0683 0.7495 0.0733
-3.2500 0.0862 0.0114 0.0040 -0.0678 0.7357 0.0783
-3.0000 0.1127 0.0113 0.0039 -0.0673 0.7209 0.0836
-2.7500 0.1392 0.0112 0.0038 -0.0669 0.7057 0.0894
-2.5000 0.1659 0.0112 0.0037 -0.0664 0.6906 0.0960
-2.2500 0.1923 0.0111 0.0036 -0.0659 0.6750 0.1033
-2.0000 0.2185 0.0111 0.0035 -0.0654 0.6580 0.1109
-1.7500 0.2447 0.0111 0.0034 -0.0649 0.6409 0.1214
-1.5000 0.2708 0.0110 0.0034 -0.0645 0.6236 0.1356
-1.2500 0.2966 0.0109 0.0033 -0.0640 0.6064 0.1529
-1.0000 0.3218 0.0108 0.0032 -0.0634 0.5894 0.1792
-0.7500 0.3387 0.0097 0.0031 -0.0619 0.5740 0.4885
-0.5000 0.3601 0.0093 0.0031 -0.0605 0.5566 0.6140
-0.2500 0.3827 0.0092 0.0032 -0.0591 0.5385 0.6880
0.0000 0.4053 0.0091 0.0033 -0.0577 0.5204 0.7620
0.2500 0.4283 0.0091 0.0034 -0.0563 0.5018 0.8134
0.5000 0.4511 0.0092 0.0035 -0.0548 0.4832 0.8577
0.7500 0.4747 0.0094 0.0037 -0.0535 0.4641 0.8952
1.0000 0.5003 0.0096 0.0038 -0.0526 0.4430 0.9245
1.2500 0.5302 0.0099 0.0040 -0.0528 0.4201 0.9461
1.5000 0.5640 0.0102 0.0041 -0.0539 0.3967 0.9627
1.7500 0.6003 0.0106 0.0043 -0.0556 0.3737 0.9759
2.0000 0.6459 0.0110 0.0045 -0.0595 0.3527 0.9838
2.2500 0.6902 0.0113 0.0047 -0.0630 0.3362 0.9912
2.5000 0.7382 0.0116 0.0049 -0.0674 0.3236 0.9969
2.7500 0.7719 0.0120 0.0051 -0.0689 0.3146 1.0000
3.0000 0.7902 0.0121 0.0052 -0.0672 0.3093 1.0000
3.2500 0.8078 0.0123 0.0053 -0.0653 0.3041 1.0000
3.5000 0.8247 0.0125 0.0055 -0.0632 0.2994 1.0000
3.7500 0.8433 0.0127 0.0057 -0.0615 0.2957 1.0000
4.0000 0.8631 0.0129 0.0058 -0.0600 0.2925 1.0000
4.2500 0.8830 0.0130 0.0060 -0.0584 0.2892 1.0000
4.5000 0.9027 0.0133 0.0062 -0.0569 0.2862 1.0000
4.7500 0.9222 0.0135 0.0064 -0.0554 0.2833 1.0000
5.0000 0.9426 0.0138 0.0067 -0.0540 0.2803 1.0000
