-5.0000 -0.0855 0.0130 0.0057 -0.0692 0.7645 0.1088
-4.7500 -0.0599 0.0129 0.0055 -0.0685 0.7518 0.1136
-4.5000 -0.0346 0.0128 0.0053 -0.0678 0.7391 0.1194
-4.2500 -0.0093 0.0126 0.0051 -0.0671 0.7265 0.1252
-4.0000 0.0155 0.0124 0.0049 -0.0663 0.7135 0.1316
-3.7500 0.0411 0.0123 0.0047 -0.0656 0.7010 0.1383
-3.5000 0.0660 0.0121 0.0046 -0.0648 0.6891 0.1460
-3.2500 0.0909 0.0119 0.0044 -0.0641 0.6769 0.1551
-3.0000 0.1156 0.0118 0.0042 -0.0633 0.6641 0.1669
-2.7500 0.1394 0.0115 0.0040 -0.0624 0.6525 0.1864
-2.5000 0.1549 0.0105 0.0037 -0.0605 0.6398 0.3619
-2.2500 0.1766 0.0102 0.0037 -0.0592 0.6273 0.4464
-2.0000 0.2003 0.0101 0.0037 -0.0582 0.6141 0.4930
-1.7500 0.2246 0.0100 0.0037 -0.0573 0.6010 0.5285
-1.5000 0.2490 0.0100 0.0037 -0.0564 0.5873 0.5611
-1.2500 0.2736 0.0100 0.0037 -0.0555 0.5739 0.5912
-1.0000 0.2981 0.0100 0.0037 -0.0546 0.5610 0.6178
-0.7500 0.3227 0.0100 0.0038 -0.0538 0.5474 0.6436
-0.5000 0.3470 0.0100 0.0038 -0.0528 0.5337 0.6675
-0.2500 0.3714 0.0101 0.0039 -0.0519 0.5198 0.6904
0.0000 0.3958 0.0101 0.0039 -0.0510 0.5044 0.7152
0.2500 0.4196 0.0102 0.0040 -0.0500 0.4905 0.7380
0.5000 0.4436 0.0103 0.0041 -0.0490 0.4760 0.7629
0.7500 0.4666 0.0104 0.0042 -0.0478 0.4620 0.7901
1.0000 0.4896 0.0105 0.0043 -0.0466 0.4478 0.8171
1.2500 0.5123 0.0106 0.0045 -0.0453 0.4336 0.8422
1.5000 0.5346 0.0108 0.0047 -0.0439 0.4196 0.8662
1.7500 0.5567 0.0110 0.0049 -0.0425 0.4052 0.8881
2.0000 0.5789 0.0112 0.0050 -0.0410 0.3909 0.9101
2.2500 0.6022 0.0115 0.0053 -0.0398 0.3765 0.9292
2.5000 0.6282 0.0118 0.0055 -0.0393 0.3634 0.9444
2.7500 0.6581 0.0122 0.0058 -0.0397 0.3509 0.9571
3.0000 0.6907 0.0126 0.0060 -0.0408 0.3395 0.9679
3.2500 0.7299 0.0130 0.0063 -0.0433 0.3285 0.9738
3.5000 0.7679 0.0133 0.0066 -0.0456 0.3191 0.9804
3.7500 0.8079 0.0137 0.0069 -0.0484 0.3112 0.9849
4.0000 0.8490 0.0141 0.0072 -0.0515 0.3045 0.9889
4.2500 0.8899 0.0144 0.0075 -0.0544 0.2984 0.9935
4.5000 0.9296 0.0147 0.0078 -0.0572 0.2930 0.9980
4.7500 0.9546 0.0150 0.0080 -0.0571 0.2889 1.0000
5.0000 0.9608 0.0151 0.0081 -0.0532 0.2860 1.0000
