-5.0000 -0.1386 0.0333 0.0244 -0.0862 0.8317 0.1660
-4.7500 -0.0894 0.0320 0.0229 -0.0893 0.8285 0.1761
-4.5000 -0.0402 0.0307 0.0214 -0.0924 0.8253 0.1862
-4.2500 -0.0089 0.0298 0.0204 -0.0926 0.8165 0.1942
-4.0000 0.0224 0.0289 0.0195 -0.0928 0.8078 0.2022
-3.7500 0.0701 0.0276 0.0181 -0.0955 0.8043 0.2141
-3.5000 0.0894 0.0271 0.0177 -0.0937 0.7909 0.2221
-3.2500 0.1350 0.0258 0.0164 -0.0960 0.7861 0.2361
-3.0000 0.1592 0.0252 0.0159 -0.0949 0.7737 0.2479
-2.7500 0.2019 0.0240 0.0147 -0.0967 0.7674 0.2654
-2.5000 0.2270 0.0234 0.0142 -0.0958 0.7550 0.2816
-2.2500 0.2661 0.0223 0.0132 -0.0971 0.7476 0.3061
-2.0000 0.2892 0.0217 0.0129 -0.0959 0.7346 0.3322
-1.7500 0.3252 0.0207 0.0121 -0.0966 0.7266 0.3844
-1.5000 0.3430 0.0199 0.0121 -0.0943 0.7135 0.5212
-1.2500 0.3604 0.0194 0.0123 -0.0905 0.7014 0.7154
-1.0000 0.3915 0.0192 0.0121 -0.0885 0.6920 0.8216
-0.7500 0.4230 0.0193 0.0123 -0.0873 0.6782 0.8796
-0.5000 0.4677 0.0196 0.0124 -0.0891 0.6643 0.9215
-0.2500 0.5290 0.0198 0.0124 -0.0943 0.6516 0.9532
0.0000 0.6098 0.0199 0.0122 -0.1037 0.6377 0.9750
0.2500 0.6754 0.0200 0.0121 -0.1112 0.6223 0.9935
0.5000 0.7122 0.0201 0.0120 -0.1136 0.6111 1.0000
0.7500 0.7264 0.0202 0.0120 -0.1118 0.6011 1.0000
1.0000 0.7445 0.0204 0.0121 -0.1104 0.5930 1.0000
1.2500 0.7552 0.0207 0.0123 -0.1079 0.5837 1.0000
1.5000 0.7778 0.0209 0.0123 -0.1071 0.5767 1.0000
1.7500 0.7901 0.0214 0.0127 -0.1047 0.5689 1.0000
2.0000 0.8061 0.0217 0.0130 -0.1028 0.5612 1.0000
2.2500 0.8330 0.0219 0.0131 -0.1026 0.5551 1.0000
2.5000 0.8437 0.0225 0.0136 -0.0998 0.5477 1.0000
2.7500 0.8611 0.0229 0.0140 -0.0981 0.5410 1.0000
3.0000 0.8886 0.0232 0.0141 -0.0980 0.5355 1.0000
3.2500 0.9048 0.0238 0.0147 -0.0962 0.5297 1.0000
3.5000 0.9185 0.0244 0.0154 -0.0939 0.5236 1.0000
3.7500 0.9410 0.0249 0.0158 -0.0931 0.5184 1.0000
4.0000 0.9724 0.0252 0.0159 -0.0937 0.5138 1.0000
4.2500 0.9841 0.0260 0.0169 -0.0912 0.5083 1.0000
4.5000 0.9980 0.0268 0.0176 -0.0892 0.5027 1.0000
4.7500 1.0202 0.0273 0.0182 -0.0884 0.4980 1.0000
5.0000 1.0503 0.0278 0.0185 -0.0888 0.4940 1.0000
