-5.0000 -0.1462 0.0325 0.0230 -0.0784 0.7825 0.2309
-4.7500 -0.1002 0.0312 0.0218 -0.0810 0.7780 0.2415
-4.5000 -0.0520 0.0299 0.0205 -0.0838 0.7748 0.2534
-4.2500 -0.0014 0.0285 0.0190 -0.0870 0.7721 0.2673
-4.0000 0.0029 0.0285 0.0192 -0.0829 0.7564 0.2746
-3.7500 0.0506 0.0272 0.0179 -0.0856 0.7521 0.2900
-3.5000 0.0941 0.0261 0.0168 -0.0876 0.7467 0.3067
-3.2500 0.1086 0.0258 0.0167 -0.0850 0.7331 0.3199
-3.0000 0.1544 0.0246 0.0156 -0.0874 0.7278 0.3430
-2.7500 0.1719 0.0244 0.0156 -0.0853 0.7157 0.3634
-2.5000 0.2041 0.0237 0.0150 -0.0855 0.7070 0.3978
-2.2500 0.2466 0.0226 0.0143 -0.0873 0.7014 0.4629
-2.0000 0.2506 0.0228 0.0148 -0.0827 0.6869 0.5264
-1.7500 0.2842 0.0221 0.0145 -0.0823 0.6794 0.6207
-1.5000 0.3010 0.0223 0.0148 -0.0793 0.6680 0.6739
-1.2500 0.3266 0.0222 0.0148 -0.0775 0.6577 0.7193
-1.0000 0.3662 0.0220 0.0145 -0.0780 0.6504 0.7591
-0.7500 0.3730 0.0225 0.0150 -0.0735 0.6372 0.7865
-0.5000 0.4082 0.0225 0.0149 -0.0733 0.6290 0.8165
-0.2500 0.4297 0.0228 0.0152 -0.0713 0.6191 0.8421
0.0000 0.4576 0.0232 0.0155 -0.0703 0.6091 0.8654
0.2500 0.5047 0.0233 0.0155 -0.0726 0.6019 0.8879
0.5000 0.5313 0.0240 0.0162 -0.0720 0.5919 0.9098
0.7500 0.5858 0.0244 0.0165 -0.0763 0.5829 0.9274
1.0000 0.6577 0.0247 0.0164 -0.0839 0.5758 0.9420
1.2500 0.7072 0.0254 0.0172 -0.0886 0.5657 0.9564
1.5000 0.7749 0.0255 0.0172 -0.0962 0.5574 0.9687
1.7500 0.8426 0.0257 0.0172 -0.1040 0.5496 0.9826
2.0000 0.9007 0.0261 0.0176 -0.1108 0.5405 0.9977
2.2500 0.9234 0.0262 0.0176 -0.1110 0.5348 1.0000
2.5000 0.9422 0.0263 0.0176 -0.1102 0.5305 1.0000
2.7500 0.9442 0.0269 0.0181 -0.1067 0.5260 1.0000
3.0000 0.9354 0.0275 0.0189 -0.1013 0.5209 1.0000
3.2500 0.9347 0.0280 0.0194 -0.0970 0.5161 1.0000
3.5000 0.9468 0.0283 0.0196 -0.0947 0.5116 1.0000
3.7500 0.9740 0.0285 0.0196 -0.0947 0.5072 1.0000
4.0000 0.9782 0.0292 0.0203 -0.0911 0.5027 1.0000
4.2500 0.9637 0.0302 0.0214 -0.0844 0.4975 1.0000
4.5000 0.9635 0.0310 0.0222 -0.0800 0.4927 1.0000
4.7500 0.9788 0.0315 0.0227 -0.0782 0.4886 1.0000
5.0000 1.0089 0.0319 0.0229 -0.0787 0.4850 1.0000
