-5.0000 0.0233 0.0232 0.0154 -0.1366 0.7868 0.2510
-4.7500 0.0677 0.0226 0.0147 -0.1394 0.7855 0.2602
-4.5000 0.1157 0.0220 0.0141 -0.1429 0.7844 0.2690
-4.2500 0.1632 0.0214 0.0135 -0.1464 0.7832 0.2789
-4.0000 0.2098 0.0209 0.0130 -0.1497 0.7818 0.2888
-3.7500 0.2235 0.0210 0.0131 -0.1471 0.7747 0.2948
-3.5000 0.2372 0.0211 0.0133 -0.1444 0.7675 0.3008
-3.2500 0.2825 0.0206 0.0127 -0.1475 0.7655 0.3107
-3.0000 0.3292 0.0201 0.0122 -0.1509 0.7637 0.3204
-2.7500 0.3446 0.0202 0.0123 -0.1486 0.7569 0.3277
-2.5000 0.3600 0.0203 0.0125 -0.1462 0.7500 0.3351
-2.2500 0.4026 0.0199 0.0120 -0.1488 0.7471 0.3463
-2.0000 0.4502 0.0194 0.0116 -0.1523 0.7446 0.3574
-1.7500 0.4619 0.0196 0.0118 -0.1492 0.7372 0.3650
-1.5000 0.4838 0.0196 0.0118 -0.1480 0.7309 0.3731
-1.2500 0.5248 0.0192 0.0114 -0.1503 0.7273 0.3844
-1.0000 0.5716 0.0189 0.0110 -0.1537 0.7242 0.3979
-0.7500 0.5787 0.0191 0.0114 -0.1498 0.7162 0.4051
-0.5000 0.6026 0.0191 0.0113 -0.1490 0.7099 0.4161
-0.2500 0.6432 0.0188 0.0111 -0.1513 0.7059 0.4277
0.0000 0.6893 0.0185 0.0107 -0.1546 0.7024 0.4402
0.2500 0.6891 0.0189 0.0112 -0.1493 0.6938 0.4486
0.5000 0.7183 0.0188 0.0111 -0.1495 0.6883 0.4600
0.7500 0.7596 0.0186 0.0109 -0.1519 0.6840 0.4742
1.0000 0.7897 0.0185 0.0109 -0.1523 0.6784 0.4877
1.2500 0.7963 0.0188 0.0112 -0.1483 0.6698 0.4985
1.5000 0.8321 0.0186 0.0110 -0.1496 0.6641 0.5125
1.7500 0.8782 0.0183 0.0107 -0.1530 0.6596 0.5284
2.0000 0.8741 0.0187 0.0112 -0.1470 0.6511 0.5387
2.2500 0.9018 0.0186 0.0112 -0.1469 0.6448 0.5542
2.5000 0.9454 0.0185 0.0109 -0.1498 0.6397 0.5727
2.7500 0.9515 0.0187 0.0113 -0.1458 0.6321 0.5874
3.0000 0.9701 0.0188 0.0115 -0.1440 0.6250 0.6051
3.2500 1.0079 0.0186 0.0113 -0.1458 0.6196 0.6281
3.5000 1.0260 0.0188 0.0116 -0.1440 0.6130 0.6504
3.7500 1.0396 0.0190 0.0120 -0.1414 0.6058 0.6742
4.0000 1.0707 0.0189 0.0119 -0.1419 0.6001 0.7086
4.2500 1.0966 0.0189 0.0121 -0.1414 0.5942 0.7517
4.5000 1.0980 0.0191 0.0126 -0.1363 0.5864 0.8158
4.7500 1.1269 0.0189 0.0124 -0.1360 0.5798 1.0000
5.0000 1.1512 0.0191 0.0126 -0.1357 0.5727 1.0000
