-5.0000 -0.3092 0.0144 0.0073 -0.0516 0.7805 0.3511
-4.7500 -0.2855 0.0143 0.0071 -0.0507 0.7706 0.3584
-4.5000 -0.2614 0.0141 0.0069 -0.0499 0.7610 0.3670
-4.2500 -0.2368 0.0140 0.0068 -0.0492 0.7519 0.3751
-4.0000 -0.2136 0.0139 0.0067 -0.0482 0.7415 0.3837
-3.7500 -0.1897 0.0138 0.0066 -0.0474 0.7313 0.3927
-3.5000 -0.1652 0.0137 0.0065 -0.0466 0.7214 0.4013
-3.2500 -0.1403 0.0136 0.0063 -0.0460 0.7118 0.4091
-3.0000 -0.1158 0.0135 0.0062 -0.0452 0.7021 0.4181
-2.7500 -0.0913 0.0135 0.0061 -0.0445 0.6923 0.4270
-2.5000 -0.0672 0.0134 0.0061 -0.0437 0.6823 0.4357
-2.2500 -0.0429 0.0133 0.0060 -0.0429 0.6725 0.4446
-2.0000 -0.0182 0.0133 0.0060 -0.0422 0.6632 0.4541
-1.7500 0.0070 0.0132 0.0059 -0.0416 0.6545 0.4641
-1.5000 0.0312 0.0132 0.0059 -0.0407 0.6450 0.4747
-1.2500 0.0553 0.0132 0.0059 -0.0399 0.6357 0.4850
-1.0000 0.0805 0.0132 0.0058 -0.0393 0.6272 0.4959
-0.7500 0.1046 0.0131 0.0058 -0.0385 0.6178 0.5058
-0.5000 0.1286 0.0131 0.0058 -0.0377 0.6086 0.5164
-0.2500 0.1536 0.0131 0.0058 -0.0370 0.6003 0.5272
0.0000 0.1777 0.0131 0.0058 -0.0362 0.5917 0.5388
0.2500 0.2020 0.0131 0.0058 -0.0354 0.5835 0.5509
0.5000 0.2271 0.0131 0.0058 -0.0348 0.5759 0.5635
0.7500 0.2510 0.0131 0.0059 -0.0339 0.5673 0.5765
1.0000 0.2746 0.0131 0.0059 -0.0330 0.5584 0.5897
1.2500 0.2987 0.0131 0.0060 -0.0321 0.5502 0.6033
1.5000 0.3230 0.0132 0.0060 -0.0314 0.5423 0.6168
1.7500 0.3462 0.0132 0.0061 -0.0304 0.5336 0.6302
2.0000 0.3704 0.0133 0.0062 -0.0296 0.5258 0.6434
2.2500 0.3939 0.0133 0.0062 -0.0286 0.5177 0.6570
2.5000 0.4169 0.0134 0.0063 -0.0276 0.5096 0.6713
2.7500 0.4408 0.0134 0.0064 -0.0268 0.5020 0.6854
3.0000 0.4633 0.0135 0.0065 -0.0256 0.4939 0.7004
3.2500 0.4855 0.0136 0.0066 -0.0245 0.4857 0.7161
3.5000 0.5085 0.0137 0.0068 -0.0234 0.4782 0.7316
3.7500 0.5307 0.0138 0.0069 -0.0222 0.4706 0.7475
4.0000 0.5523 0.0139 0.0071 -0.0209 0.4628 0.7630
4.2500 0.5744 0.0140 0.0072 -0.0197 0.4555 0.7784
4.5000 0.5949 0.0141 0.0074 -0.0182 0.4475 0.7937
4.7500 0.6144 0.0142 0.0076 -0.0165 0.4396 0.8091
5.0000 0.6337 0.0144 0.0077 -0.0148 0.4323 0.8250
