-5.0000 -0.0607 0.0341 0.0250 -0.0885 0.8147 0.1449
-4.7500 -0.0198 0.0327 0.0234 -0.0901 0.8079 0.1527
-4.5000 0.0292 0.0311 0.0217 -0.0929 0.8045 0.1622
-4.2500 0.0546 0.0302 0.0208 -0.0920 0.7935 0.1678
-4.0000 0.0841 0.0292 0.0197 -0.0916 0.7838 0.1734
-3.7500 0.1289 0.0278 0.0181 -0.0936 0.7788 0.1817
-3.5000 0.1571 0.0270 0.0174 -0.0931 0.7682 0.1887
-3.2500 0.1881 0.0261 0.0165 -0.0930 0.7582 0.1966
-3.0000 0.2313 0.0249 0.0152 -0.0948 0.7518 0.2078
-2.7500 0.2586 0.0242 0.0146 -0.0942 0.7401 0.2202
-2.5000 0.2848 0.0235 0.0140 -0.0934 0.7279 0.2339
-2.2500 0.3121 0.0227 0.0134 -0.0927 0.7160 0.2489
-2.0000 0.3416 0.0219 0.0127 -0.0924 0.7050 0.2682
-1.7500 0.3722 0.0210 0.0120 -0.0923 0.6942 0.3052
-1.5000 0.3879 0.0198 0.0119 -0.0897 0.6810 0.5329
-1.2500 0.4055 0.0193 0.0121 -0.0857 0.6680 0.7235
-1.0000 0.4293 0.0193 0.0122 -0.0826 0.6549 0.8128
-0.7500 0.4589 0.0195 0.0123 -0.0810 0.6410 0.8661
-0.5000 0.4941 0.0198 0.0125 -0.0808 0.6254 0.9059
-0.2500 0.5439 0.0201 0.0126 -0.0837 0.6086 0.9356
0.0000 0.6107 0.0205 0.0127 -0.0902 0.5901 0.9579
0.2500 0.6786 0.0207 0.0126 -0.0976 0.5728 0.9758
0.5000 0.7495 0.0208 0.0124 -0.1059 0.5565 0.9930
0.7500 0.7855 0.0210 0.0124 -0.1082 0.5435 1.0000
1.0000 0.7962 0.0212 0.0125 -0.1059 0.5329 1.0000
1.2500 0.8084 0.0214 0.0126 -0.1037 0.5233 1.0000
1.5000 0.8266 0.0216 0.0126 -0.1023 0.5152 1.0000
1.7500 0.8366 0.0219 0.0129 -0.0995 0.5062 1.0000
2.0000 0.8543 0.0222 0.0130 -0.0980 0.4990 1.0000
2.2500 0.8693 0.0226 0.0133 -0.0959 0.4917 1.0000
2.5000 0.8903 0.0230 0.0135 -0.0949 0.4856 1.0000
2.7500 0.9039 0.0235 0.0140 -0.0926 0.4787 1.0000
3.0000 0.9304 0.0238 0.0141 -0.0924 0.4733 1.0000
3.2500 0.9412 0.0244 0.0148 -0.0896 0.4670 1.0000
3.5000 0.9644 0.0248 0.0151 -0.0889 0.4622 1.0000
3.7500 0.9842 0.0254 0.0156 -0.0877 0.4576 1.0000
4.0000 1.0002 0.0261 0.0163 -0.0859 0.4526 1.0000
4.2500 1.0261 0.0266 0.0167 -0.0857 0.4486 1.0000
4.5000 1.0453 0.0272 0.0174 -0.0845 0.4446 1.0000
4.7500 1.0597 0.0280 0.0182 -0.0824 0.4399 1.0000
5.0000 1.0853 0.0285 0.0186 -0.0823 0.4358 1.0000
