-5.0000 -0.3833 0.0164 0.0088 -0.0476 0.9540 0.2138
-4.7500 -0.3513 0.0160 0.0086 -0.0486 0.9478 0.2340
-4.5000 -0.3173 0.0157 0.0083 -0.0500 0.9411 0.2565
-4.2500 -0.2762 0.0154 0.0081 -0.0527 0.9371 0.2833
-4.0000 -0.2325 0.0150 0.0078 -0.0559 0.9344 0.3128
-3.7500 -0.2055 0.0147 0.0076 -0.0558 0.9255 0.3358
-3.5000 -0.1686 0.0143 0.0074 -0.0575 0.9200 0.3625
-3.2500 -0.1288 0.0140 0.0071 -0.0596 0.9161 0.3917
-3.0000 -0.0999 0.0137 0.0069 -0.0596 0.9077 0.4185
-2.7500 -0.0676 0.0133 0.0066 -0.0602 0.9006 0.4480
-2.5000 -0.0320 0.0129 0.0063 -0.0614 0.8959 0.4814
-2.2500 -0.0074 0.0126 0.0062 -0.0604 0.8851 0.5121
-2.0000 0.0242 0.0123 0.0060 -0.0607 0.8781 0.5465
-1.7500 0.0506 0.0120 0.0059 -0.0600 0.8683 0.5828
-1.5000 0.0790 0.0117 0.0057 -0.0595 0.8595 0.6214
-1.2500 0.1056 0.0115 0.0056 -0.0587 0.8498 0.6597
-1.0000 0.1326 0.0112 0.0055 -0.0579 0.8398 0.6995
-0.7500 0.1580 0.0111 0.0054 -0.0567 0.8287 0.7403
-0.5000 0.1848 0.0109 0.0053 -0.0556 0.8178 0.7791
-0.2500 0.2095 0.0108 0.0054 -0.0542 0.8045 0.8137
0.0000 0.2375 0.0107 0.0053 -0.0533 0.7939 0.8470
0.2500 0.2638 0.0108 0.0054 -0.0522 0.7807 0.8795
0.5000 0.2954 0.0108 0.0054 -0.0521 0.7678 0.9071
0.7500 0.3308 0.0109 0.0054 -0.0528 0.7549 0.9311
1.0000 0.3702 0.0110 0.0054 -0.0545 0.7396 0.9495
1.2500 0.4153 0.0111 0.0055 -0.0577 0.7246 0.9628
1.5000 0.4620 0.0112 0.0055 -0.0613 0.7102 0.9745
1.7500 0.5090 0.0113 0.0055 -0.0652 0.6959 0.9849
2.0000 0.5554 0.0113 0.0054 -0.0690 0.6797 0.9937
2.2500 0.5952 0.0114 0.0054 -0.0716 0.6625 1.0000
2.5000 0.6165 0.0114 0.0053 -0.0705 0.6472 1.0000
2.7500 0.6378 0.0115 0.0053 -0.0693 0.6321 1.0000
3.0000 0.6592 0.0116 0.0053 -0.0681 0.6172 1.0000
3.2500 0.6805 0.0117 0.0054 -0.0668 0.6016 1.0000
3.5000 0.7012 0.0118 0.0055 -0.0654 0.5853 1.0000
3.7500 0.7223 0.0120 0.0056 -0.0641 0.5699 1.0000
4.0000 0.7437 0.0122 0.0057 -0.0628 0.5551 1.0000
4.2500 0.7649 0.0123 0.0058 -0.0614 0.5398 1.0000
4.5000 0.7857 0.0125 0.0059 -0.0600 0.5233 1.0000
4.7500 0.8063 0.0127 0.0061 -0.0585 0.5064 1.0000
5.0000 0.8268 0.0130 0.0062 -0.0570 0.4897 1.0000
