-5.0000 -0.3034 0.0168 0.0094 -0.0615 0.8954 0.3156
-4.7500 -0.2853 0.0166 0.0092 -0.0594 0.8837 0.3280
-4.5000 -0.2512 0.0163 0.0089 -0.0604 0.8786 0.3433
-4.2500 -0.2149 0.0158 0.0085 -0.0617 0.8746 0.3590
-4.0000 -0.1953 0.0156 0.0084 -0.0599 0.8626 0.3713
-3.7500 -0.1625 0.0152 0.0080 -0.0605 0.8566 0.3867
-3.5000 -0.1365 0.0150 0.0078 -0.0598 0.8473 0.4011
-3.2500 -0.1080 0.0147 0.0075 -0.0596 0.8385 0.4165
-3.0000 -0.0782 0.0144 0.0073 -0.0596 0.8308 0.4330
-2.7500 -0.0529 0.0142 0.0071 -0.0588 0.8201 0.4490
-2.5000 -0.0255 0.0140 0.0069 -0.0585 0.8110 0.4658
-2.2500 0.0020 0.0138 0.0068 -0.0581 0.8018 0.4826
-2.0000 0.0324 0.0136 0.0066 -0.0582 0.7940 0.5012
-1.7500 0.0563 0.0135 0.0065 -0.0572 0.7820 0.5196
-1.5000 0.0859 0.0133 0.0063 -0.0571 0.7731 0.5407
-1.2500 0.1095 0.0132 0.0063 -0.0560 0.7607 0.5605
-1.0000 0.1388 0.0130 0.0062 -0.0558 0.7517 0.5832
-0.7500 0.1623 0.0130 0.0062 -0.0548 0.7395 0.6051
-0.5000 0.1912 0.0129 0.0061 -0.0545 0.7306 0.6292
-0.2500 0.2147 0.0128 0.0062 -0.0534 0.7181 0.6522
0.0000 0.2427 0.0128 0.0061 -0.0529 0.7083 0.6752
0.2500 0.2665 0.0127 0.0062 -0.0518 0.6958 0.6981
0.5000 0.2935 0.0127 0.0062 -0.0512 0.6853 0.7221
0.7500 0.3182 0.0127 0.0062 -0.0502 0.6735 0.7444
1.0000 0.3446 0.0127 0.0063 -0.0494 0.6633 0.7684
1.2500 0.3694 0.0128 0.0064 -0.0483 0.6519 0.7918
1.5000 0.3952 0.0129 0.0065 -0.0474 0.6412 0.8152
1.7500 0.4200 0.0129 0.0066 -0.0462 0.6295 0.8382
2.0000 0.4452 0.0131 0.0067 -0.0452 0.6189 0.8611
2.2500 0.4720 0.0132 0.0069 -0.0443 0.6082 0.8813
2.5000 0.4999 0.0134 0.0071 -0.0438 0.5978 0.9003
2.7500 0.5296 0.0136 0.0073 -0.0437 0.5869 0.9172
3.0000 0.5663 0.0139 0.0075 -0.0450 0.5753 0.9290
3.2500 0.6036 0.0141 0.0076 -0.0466 0.5635 0.9411
3.5000 0.6398 0.0144 0.0079 -0.0481 0.5513 0.9541
3.7500 0.6902 0.0147 0.0080 -0.0525 0.5394 0.9596
4.0000 0.7300 0.0149 0.0082 -0.0549 0.5265 0.9708
4.2500 0.7789 0.0151 0.0084 -0.0593 0.5126 0.9764
4.5000 0.8222 0.0153 0.0084 -0.0625 0.4989 0.9847
4.7500 0.8661 0.0154 0.0086 -0.0660 0.4843 0.9916
5.0000 0.9110 0.0156 0.0087 -0.0698 0.4693 0.9986
