-5.0000 -0.2908 0.0175 0.0099 -0.0603 0.8407 0.3507
-4.7500 -0.2620 0.0171 0.0096 -0.0602 0.8332 0.3607
-4.5000 -0.2356 0.0169 0.0093 -0.0597 0.8248 0.3704
-4.2500 -0.2067 0.0166 0.0091 -0.0596 0.8173 0.3804
-4.0000 -0.1814 0.0164 0.0089 -0.0589 0.8081 0.3903
-3.7500 -0.1508 0.0161 0.0086 -0.0591 0.8010 0.4014
-3.5000 -0.1275 0.0159 0.0084 -0.0581 0.7901 0.4112
-3.2500 -0.1008 0.0158 0.0082 -0.0576 0.7808 0.4223
-3.0000 -0.0718 0.0155 0.0080 -0.0576 0.7722 0.4329
-2.7500 -0.0477 0.0154 0.0079 -0.0567 0.7615 0.4446
-2.5000 -0.0205 0.0152 0.0077 -0.0563 0.7524 0.4560
-2.2500 0.0061 0.0151 0.0076 -0.0558 0.7430 0.4691
-2.0000 0.0310 0.0150 0.0076 -0.0551 0.7333 0.4816
-1.7500 0.0595 0.0149 0.0074 -0.0550 0.7251 0.4953
-1.5000 0.0831 0.0149 0.0074 -0.0540 0.7147 0.5094
-1.2500 0.1119 0.0148 0.0073 -0.0539 0.7066 0.5231
-1.0000 0.1355 0.0147 0.0073 -0.0529 0.6960 0.5370
-0.7500 0.1629 0.0147 0.0072 -0.0526 0.6873 0.5525
-0.5000 0.1873 0.0146 0.0072 -0.0517 0.6767 0.5669
-0.2500 0.2136 0.0146 0.0072 -0.0512 0.6673 0.5820
0.0000 0.2388 0.0145 0.0072 -0.0505 0.6574 0.5982
0.2500 0.2645 0.0145 0.0072 -0.0498 0.6482 0.6152
0.5000 0.2901 0.0145 0.0072 -0.0491 0.6389 0.6322
0.7500 0.3152 0.0145 0.0073 -0.0484 0.6298 0.6502
1.0000 0.3406 0.0145 0.0073 -0.0476 0.6207 0.6680
1.2500 0.3659 0.0146 0.0074 -0.0469 0.6120 0.6861
1.5000 0.3916 0.0146 0.0075 -0.0462 0.6034 0.7047
1.7500 0.4162 0.0147 0.0076 -0.0453 0.5944 0.7236
2.0000 0.4419 0.0147 0.0077 -0.0446 0.5858 0.7426
2.2500 0.4652 0.0148 0.0078 -0.0434 0.5765 0.7619
2.5000 0.4920 0.0149 0.0079 -0.0429 0.5683 0.7807
2.7500 0.5139 0.0150 0.0081 -0.0414 0.5586 0.7995
3.0000 0.5412 0.0152 0.0082 -0.0409 0.5506 0.8183
3.2500 0.5619 0.0153 0.0084 -0.0392 0.5408 0.8368
3.5000 0.5887 0.0155 0.0086 -0.0385 0.5330 0.8548
3.7500 0.6098 0.0157 0.0089 -0.0368 0.5234 0.8725
4.0000 0.6384 0.0160 0.0091 -0.0365 0.5149 0.8873
4.2500 0.6626 0.0162 0.0094 -0.0354 0.5046 0.9027
4.5000 0.6907 0.0165 0.0096 -0.0351 0.4951 0.9176
4.7500 0.7173 0.0167 0.0098 -0.0346 0.4853 0.9331
5.0000 0.7576 0.0171 0.0101 -0.0370 0.4742 0.9404
