-5.0000 -0.3829 0.0467 0.0382 -0.0931 0.8870 0.2790
-4.7500 -0.3478 0.0466 0.0381 -0.0947 0.8780 0.2883
-4.5000 -0.3128 0.0465 0.0379 -0.0963 0.8689 0.2975
-4.2500 -0.2816 0.0464 0.0378 -0.0973 0.8604 0.3068
-4.0000 -0.2503 0.0463 0.0376 -0.0984 0.8520 0.3161
-3.7500 -0.2004 0.0466 0.0379 -0.1020 0.8484 0.3266
-3.5000 -0.1924 0.0464 0.0377 -0.0997 0.8362 0.3345
-3.2500 -0.1498 0.0465 0.0379 -0.1022 0.8318 0.3458
-3.0000 -0.1251 0.0467 0.0381 -0.1021 0.8239 0.3554
-2.7500 -0.1004 0.0469 0.0383 -0.1021 0.8160 0.3650
-2.5000 -0.0534 0.0469 0.0382 -0.1052 0.8125 0.3785
-2.2500 -0.0463 0.0473 0.0388 -0.1024 0.8006 0.3843
-2.0000 -0.0050 0.0472 0.0386 -0.1046 0.7959 0.3969
-1.7500 0.0433 0.0471 0.0385 -0.1077 0.7931 0.4109
-1.5000 0.0479 0.0475 0.0390 -0.1046 0.7798 0.4175
-1.2500 0.0948 0.0472 0.0386 -0.1074 0.7762 0.4328
-1.0000 0.1203 0.0473 0.0388 -0.1072 0.7681 0.4437
-0.7500 0.1459 0.0474 0.0390 -0.1070 0.7599 0.4547
-0.5000 0.1901 0.0471 0.0387 -0.1089 0.7574 0.4676
-0.2500 0.1938 0.0480 0.0396 -0.1064 0.7444 0.4768
0.0000 0.2343 0.0477 0.0394 -0.1078 0.7412 0.4897
0.2500 0.2586 0.0479 0.0396 -0.1075 0.7332 0.5016
0.5000 0.2828 0.0481 0.0399 -0.1072 0.7253 0.5136
0.7500 0.3281 0.0474 0.0392 -0.1089 0.7228 0.5276
1.0000 0.3353 0.0484 0.0402 -0.1068 0.7096 0.5388
1.2500 0.3763 0.0477 0.0396 -0.1079 0.7067 0.5524
1.5000 0.4004 0.0479 0.0398 -0.1075 0.6987 0.5657
1.7500 0.4246 0.0482 0.0401 -0.1071 0.6907 0.5790
2.0000 0.4695 0.0470 0.0391 -0.1084 0.6886 0.5942
2.2500 0.4932 0.0471 0.0393 -0.1078 0.6805 0.6076
2.5000 0.5170 0.0473 0.0394 -0.1072 0.6725 0.6210
2.7500 0.5622 0.0461 0.0382 -0.1088 0.6709 0.6389
3.0000 0.5829 0.0463 0.0385 -0.1077 0.6629 0.6522
3.2500 0.6035 0.0465 0.0388 -0.1066 0.6549 0.6655
3.5000 0.6492 0.0449 0.0372 -0.1079 0.6536 0.6840
3.7500 0.6776 0.0444 0.0367 -0.1075 0.6473 0.7012
4.0000 0.7060 0.0439 0.0363 -0.1070 0.6410 0.7184
4.2500 0.7344 0.0434 0.0358 -0.1066 0.6347 0.7356
4.5000 0.7933 0.0404 0.0329 -0.1089 0.6360 0.7593
4.7500 0.8522 0.0374 0.0300 -0.1112 0.6373 0.7830
5.0000 0.9111 0.0344 0.0271 -0.1135 0.6386 0.8067
