-5.0000 -0.4227 0.0487 0.0398 -0.0853 0.8461 0.3041
-4.7500 -0.3740 0.0491 0.0404 -0.0883 0.8424 0.3122
-4.5000 -0.3253 0.0495 0.0410 -0.0913 0.8387 0.3203
-4.2500 -0.3215 0.0492 0.0406 -0.0888 0.8269 0.3272
-4.0000 -0.2835 0.0494 0.0409 -0.0903 0.8216 0.3346
-3.7500 -0.2326 0.0493 0.0407 -0.0943 0.8185 0.3462
-3.5000 -0.2331 0.0495 0.0411 -0.0904 0.8051 0.3502
-3.2500 -0.1894 0.0494 0.0407 -0.0934 0.8007 0.3620
-3.0000 -0.1431 0.0495 0.0410 -0.0958 0.7979 0.3703
-2.7500 -0.1447 0.0498 0.0412 -0.0924 0.7840 0.3767
-2.5000 -0.1032 0.0496 0.0411 -0.0944 0.7797 0.3860
-2.2500 -0.0539 0.0493 0.0406 -0.0979 0.7771 0.3989
-2.0000 -0.0587 0.0500 0.0415 -0.0938 0.7629 0.4028
-1.7500 -0.0169 0.0498 0.0412 -0.0959 0.7586 0.4146
-1.5000 0.0284 0.0494 0.0410 -0.0980 0.7559 0.4244
-1.2500 0.0465 0.0498 0.0413 -0.0970 0.7466 0.4330
-1.0000 0.0645 0.0501 0.0417 -0.0961 0.7372 0.4415
-0.7500 0.1105 0.0496 0.0411 -0.0986 0.7346 0.4539
-0.5000 0.1277 0.0501 0.0416 -0.0976 0.7253 0.4625
-0.2500 0.1448 0.0506 0.0421 -0.0966 0.7160 0.4710
0.0000 0.1879 0.0500 0.0417 -0.0982 0.7131 0.4827
0.2500 0.2343 0.0493 0.0410 -0.1001 0.7112 0.4948
0.5000 0.2240 0.0510 0.0427 -0.0963 0.6947 0.5019
0.7500 0.2648 0.0504 0.0422 -0.0974 0.6916 0.5131
1.0000 0.3102 0.0496 0.0414 -0.0994 0.6897 0.5265
1.2500 0.3240 0.0504 0.0422 -0.0980 0.6800 0.5358
1.5000 0.3378 0.0512 0.0431 -0.0965 0.6703 0.5451
1.7500 0.3839 0.0502 0.0420 -0.0983 0.6683 0.5594
2.0000 0.4309 0.0490 0.0408 -0.1001 0.6667 0.5736
2.2500 0.4462 0.0496 0.0415 -0.0986 0.6569 0.5833
2.5000 0.4615 0.0502 0.0422 -0.0972 0.6472 0.5930
2.7500 0.5073 0.0489 0.0408 -0.0986 0.6456 0.6080
3.0000 0.5531 0.0476 0.0394 -0.1000 0.6440 0.6230
3.2500 0.5989 0.0463 0.0380 -0.1014 0.6424 0.6380
3.5000 0.6447 0.0450 0.0366 -0.1028 0.6408 0.6530
3.7500 0.6905 0.0437 0.0352 -0.1042 0.6392 0.6680
4.0000 0.7363 0.0424 0.0338 -0.1056 0.6376 0.6830
4.2500 0.7821 0.0411 0.0324 -0.1070 0.6360 0.6980
4.5000 0.8279 0.0398 0.0310 -0.1084 0.6344 0.7130
4.7500 0.8737 0.0385 0.0296 -0.1098 0.6328 0.7280
5.0000 0.9195 0.0372 0.0282 -0.1112 0.6312 0.7430
