-5.0000 -0.2763 0.0174 0.0096 -0.0765 0.9420 0.1377
-4.7500 -0.2380 0.0170 0.0093 -0.0788 0.9385 0.1563
-4.5000 -0.1974 0.0167 0.0091 -0.0815 0.9358 0.1804
-4.2500 -0.1663 0.0165 0.0090 -0.0824 0.9296 0.2092
-4.0000 -0.1352 0.0163 0.0089 -0.0832 0.9234 0.2379
-3.7500 -0.0951 0.0159 0.0086 -0.0856 0.9199 0.2671
-3.5000 -0.0524 0.0155 0.0083 -0.0886 0.9176 0.2969
-3.2500 -0.0219 0.0152 0.0082 -0.0890 0.9112 0.3237
-3.0000 0.0086 0.0150 0.0080 -0.0895 0.9048 0.3506
-2.7500 0.0454 0.0147 0.0078 -0.0911 0.9012 0.3799
-2.5000 0.0830 0.0143 0.0075 -0.0928 0.8984 0.4109
-2.2500 0.1084 0.0141 0.0075 -0.0922 0.8905 0.4383
-2.0000 0.1396 0.0139 0.0073 -0.0926 0.8844 0.4702
-1.7500 0.1752 0.0135 0.0070 -0.0937 0.8803 0.5047
-1.5000 0.2032 0.0132 0.0068 -0.0934 0.8729 0.5374
-1.2500 0.2320 0.0129 0.0067 -0.0932 0.8653 0.5733
-1.0000 0.2652 0.0125 0.0064 -0.0936 0.8604 0.6143
-0.7500 0.2892 0.0123 0.0064 -0.0925 0.8510 0.6528
-0.5000 0.3174 0.0120 0.0062 -0.0920 0.8440 0.6974
-0.2500 0.3466 0.0117 0.0060 -0.0915 0.8382 0.7489
0.0000 0.3676 0.0115 0.0061 -0.0894 0.8273 0.8063
0.2500 0.3977 0.0112 0.0059 -0.0886 0.8207 0.8731
0.5000 0.4345 0.0111 0.0059 -0.0897 0.8103 0.9397
0.7500 0.4898 0.0109 0.0056 -0.0949 0.8025 0.9810
1.0000 0.5351 0.0109 0.0055 -0.0985 0.7914 1.0000
1.2500 0.5620 0.0108 0.0053 -0.0981 0.7810 1.0000
1.5000 0.5840 0.0108 0.0053 -0.0968 0.7676 1.0000
1.7500 0.6099 0.0109 0.0052 -0.0962 0.7562 1.0000
2.0000 0.6351 0.0109 0.0052 -0.0955 0.7435 1.0000
2.2500 0.6592 0.0109 0.0052 -0.0946 0.7301 1.0000
2.5000 0.6858 0.0110 0.0052 -0.0941 0.7183 1.0000
2.7500 0.7110 0.0111 0.0052 -0.0934 0.7050 1.0000
3.0000 0.7355 0.0112 0.0053 -0.0925 0.6905 1.0000
3.2500 0.7608 0.0113 0.0054 -0.0918 0.6759 1.0000
3.5000 0.7867 0.0115 0.0054 -0.0911 0.6613 1.0000
3.7500 0.8107 0.0116 0.0055 -0.0901 0.6441 1.0000
4.0000 0.8343 0.0117 0.0056 -0.0891 0.6257 1.0000
4.2500 0.8581 0.0119 0.0057 -0.0881 0.6078 1.0000
4.5000 0.8820 0.0121 0.0058 -0.0872 0.5902 1.0000
4.7500 0.9055 0.0123 0.0060 -0.0862 0.5718 1.0000
5.0000 0.9284 0.0125 0.0062 -0.0851 0.5519 1.0000
