-5.0000 -0.2381 0.0179 0.0103 -0.0836 0.9126 0.2284
-4.7500 -0.1950 0.0175 0.0100 -0.0866 0.9109 0.2469
-4.5000 -0.1669 0.0172 0.0098 -0.0866 0.9043 0.2638
-4.2500 -0.1389 0.0169 0.0096 -0.0866 0.8977 0.2806
-4.0000 -0.0998 0.0165 0.0092 -0.0887 0.8952 0.3006
-3.7500 -0.0597 0.0161 0.0088 -0.0908 0.8930 0.3212
-3.5000 -0.0409 0.0160 0.0087 -0.0890 0.8823 0.3371
-3.2500 -0.0042 0.0155 0.0084 -0.0904 0.8786 0.3577
-3.0000 0.0335 0.0151 0.0080 -0.0920 0.8758 0.3798
-2.7500 0.0546 0.0151 0.0080 -0.0905 0.8661 0.3984
-2.5000 0.0877 0.0147 0.0078 -0.0912 0.8613 0.4203
-2.2500 0.1234 0.0143 0.0074 -0.0924 0.8577 0.4433
-2.0000 0.1466 0.0143 0.0074 -0.0913 0.8480 0.4644
-1.7500 0.1784 0.0139 0.0072 -0.0916 0.8421 0.4876
-1.5000 0.2134 0.0136 0.0069 -0.0926 0.8379 0.5133
-1.2500 0.2353 0.0135 0.0069 -0.0912 0.8270 0.5345
-1.0000 0.2682 0.0132 0.0066 -0.0917 0.8208 0.5592
-0.7500 0.2933 0.0130 0.0066 -0.0908 0.8107 0.5838
-0.5000 0.3242 0.0127 0.0063 -0.0909 0.8032 0.6126
-0.2500 0.3495 0.0126 0.0063 -0.0900 0.7934 0.6413
0.0000 0.3782 0.0124 0.0062 -0.0897 0.7854 0.6732
0.2500 0.4034 0.0123 0.0062 -0.0888 0.7761 0.7073
0.5000 0.4313 0.0121 0.0061 -0.0882 0.7678 0.7442
0.7500 0.4550 0.0120 0.0062 -0.0868 0.7575 0.7836
1.0000 0.4827 0.0118 0.0061 -0.0859 0.7494 0.8272
1.2500 0.5064 0.0118 0.0062 -0.0844 0.7381 0.8737
1.5000 0.5398 0.0118 0.0062 -0.0847 0.7273 0.9172
1.7500 0.5823 0.0118 0.0061 -0.0870 0.7160 0.9525
2.0000 0.6293 0.0119 0.0062 -0.0908 0.7022 0.9756
2.2500 0.6805 0.0120 0.0062 -0.0955 0.6888 0.9922
2.5000 0.7198 0.0120 0.0061 -0.0980 0.6754 1.0000
2.7500 0.7407 0.0120 0.0060 -0.0966 0.6626 1.0000
3.0000 0.7597 0.0121 0.0061 -0.0949 0.6486 1.0000
3.2500 0.7800 0.0123 0.0061 -0.0934 0.6351 1.0000
3.5000 0.8019 0.0124 0.0062 -0.0921 0.6225 1.0000
3.7500 0.8244 0.0126 0.0063 -0.0910 0.6101 1.0000
4.0000 0.8450 0.0127 0.0064 -0.0895 0.5965 1.0000
4.2500 0.8667 0.0129 0.0065 -0.0882 0.5827 1.0000
4.5000 0.8890 0.0131 0.0066 -0.0870 0.5688 1.0000
4.7500 0.9113 0.0133 0.0067 -0.0858 0.5545 1.0000
5.0000 0.9320 0.0135 0.0069 -0.0843 0.5388 1.0000
