-5.0000 -0.0280 0.0116 0.0047 -0.1093 0.8952 0.0238
-4.7500 -0.0004 0.0114 0.0045 -0.1090 0.8873 0.0257
-4.5000 0.0272 0.0112 0.0043 -0.1087 0.8785 0.0278
-4.2500 0.0547 0.0110 0.0040 -0.1085 0.8698 0.0314
-4.0000 0.0823 0.0108 0.0038 -0.1082 0.8603 0.0355
-3.7500 0.1095 0.0106 0.0036 -0.1079 0.8499 0.0383
-3.5000 0.1373 0.0104 0.0034 -0.1077 0.8397 0.0427
-3.2500 0.1645 0.0103 0.0032 -0.1074 0.8286 0.0490
-3.0000 0.1922 0.0101 0.0031 -0.1072 0.8186 0.0577
-2.7500 0.2192 0.0099 0.0029 -0.1069 0.8060 0.0762
-2.5000 0.2465 0.0098 0.0028 -0.1067 0.7941 0.0892
-2.2500 0.2740 0.0097 0.0027 -0.1064 0.7828 0.1004
-2.0000 0.3011 0.0096 0.0026 -0.1062 0.7690 0.1144
-1.7500 0.3283 0.0095 0.0026 -0.1059 0.7556 0.1304
-1.5000 0.3553 0.0095 0.0025 -0.1056 0.7420 0.1539
-1.2500 0.3820 0.0094 0.0025 -0.1053 0.7266 0.1804
-1.0000 0.4087 0.0093 0.0025 -0.1051 0.7114 0.2193
-0.7500 0.4348 0.0091 0.0025 -0.1048 0.6961 0.2881
-0.5000 0.4605 0.0089 0.0025 -0.1045 0.6807 0.3598
-0.2500 0.4818 0.0082 0.0026 -0.1034 0.6655 0.6452
0.0000 0.4987 0.0076 0.0027 -0.1003 0.6494 0.8697
0.2500 0.5526 0.0076 0.0027 -0.1056 0.6300 1.0000
0.5000 0.5773 0.0078 0.0027 -0.1049 0.6125 1.0000
0.7500 0.6022 0.0080 0.0027 -0.1042 0.5964 1.0000
1.0000 0.6273 0.0081 0.0027 -0.1036 0.5814 1.0000
1.2500 0.6527 0.0083 0.0028 -0.1030 0.5674 1.0000
1.5000 0.6781 0.0085 0.0029 -0.1025 0.5544 1.0000
1.7500 0.7036 0.0087 0.0029 -0.1020 0.5432 1.0000
2.0000 0.7298 0.0088 0.0030 -0.1017 0.5324 1.0000
2.2500 0.7557 0.0090 0.0031 -0.1013 0.5230 1.0000
2.5000 0.7819 0.0092 0.0032 -0.1010 0.5138 1.0000
2.7500 0.8079 0.0094 0.0034 -0.1006 0.5056 1.0000
3.0000 0.8344 0.0095 0.0035 -0.1004 0.4974 1.0000
3.2500 0.8604 0.0098 0.0037 -0.1000 0.4906 1.0000
3.5000 0.8872 0.0099 0.0038 -0.0998 0.4840 1.0000
3.7500 0.9134 0.0101 0.0040 -0.0995 0.4770 1.0000
4.0000 0.9395 0.0103 0.0041 -0.0993 0.4705 1.0000
4.2500 0.9660 0.0105 0.0043 -0.0990 0.4641 1.0000
4.5000 0.9921 0.0107 0.0045 -0.0987 0.4580 1.0000
4.7500 1.0182 0.0109 0.0047 -0.0985 0.4519 1.0000
5.0000 1.0430 0.0111 0.0048 -0.0979 0.4408 1.0000
