-5.0000 -0.0133 0.0127 0.0055 -0.1002 0.7240 0.2044
-4.7500 0.0119 0.0126 0.0053 -0.0996 0.7146 0.2116
-4.5000 0.0378 0.0125 0.0052 -0.0991 0.7044 0.2194
-4.2500 0.0627 0.0124 0.0051 -0.0984 0.6948 0.2272
-4.0000 0.0879 0.0123 0.0050 -0.0977 0.6842 0.2355
-3.7500 0.1137 0.0122 0.0049 -0.0972 0.6743 0.2449
-3.5000 0.1382 0.0121 0.0048 -0.0964 0.6635 0.2537
-3.2500 0.1632 0.0121 0.0047 -0.0957 0.6530 0.2634
-3.0000 0.1881 0.0121 0.0047 -0.0950 0.6417 0.2742
-2.7500 0.2125 0.0120 0.0046 -0.0942 0.6308 0.2844
-2.5000 0.2369 0.0120 0.0046 -0.0934 0.6198 0.2953
-2.2500 0.2613 0.0119 0.0045 -0.0926 0.6089 0.3064
-2.0000 0.2855 0.0119 0.0045 -0.0918 0.5989 0.3183
-1.7500 0.3097 0.0118 0.0045 -0.0910 0.5885 0.3317
-1.5000 0.3336 0.0118 0.0044 -0.0902 0.5791 0.3482
-1.2500 0.3571 0.0117 0.0044 -0.0893 0.5696 0.3691
-1.0000 0.3803 0.0117 0.0044 -0.0884 0.5610 0.4017
-0.7500 0.4034 0.0115 0.0045 -0.0875 0.5522 0.4463
-0.5000 0.4263 0.0115 0.0045 -0.0865 0.5441 0.4950
-0.2500 0.4500 0.0115 0.0046 -0.0856 0.5365 0.5366
0.0000 0.4735 0.0115 0.0047 -0.0847 0.5292 0.5727
0.2500 0.4976 0.0115 0.0048 -0.0839 0.5220 0.6048
0.5000 0.5211 0.0115 0.0049 -0.0829 0.5144 0.6337
0.7500 0.5452 0.0116 0.0050 -0.0821 0.5077 0.6623
1.0000 0.5690 0.0116 0.0051 -0.0812 0.5015 0.6896
1.2500 0.5929 0.0117 0.0052 -0.0803 0.4957 0.7177
1.5000 0.6179 0.0118 0.0054 -0.0796 0.4904 0.7443
1.7500 0.6416 0.0119 0.0055 -0.0787 0.4856 0.7703
2.0000 0.6650 0.0119 0.0057 -0.0777 0.4806 0.7970
2.2500 0.6884 0.0120 0.0058 -0.0766 0.4758 0.8247
2.5000 0.7125 0.0122 0.0060 -0.0757 0.4712 0.8525
2.7500 0.7333 0.0123 0.0062 -0.0740 0.4668 0.8794
3.0000 0.7550 0.0124 0.0064 -0.0725 0.4624 0.9060
3.2500 0.7804 0.0126 0.0066 -0.0718 0.4581 0.9324
3.5000 0.8131 0.0129 0.0068 -0.0728 0.4534 0.9537
3.7500 0.8473 0.0132 0.0071 -0.0741 0.4488 0.9704
4.0000 0.8881 0.0135 0.0073 -0.0770 0.4438 0.9808
4.2500 0.9312 0.0138 0.0076 -0.0803 0.4391 0.9894
4.5000 0.9788 0.0141 0.0079 -0.0846 0.4347 0.9936
4.7500 1.0202 0.0144 0.0081 -0.0877 0.4306 0.9992
5.0000 1.0264 0.0144 0.0082 -0.0838 0.4272 1.0000
