-5.0000 -0.3722 0.0161 0.0088 -0.0425 0.9093 0.3169
-4.7500 -0.3350 0.0156 0.0084 -0.0441 0.9046 0.3359
-4.5000 -0.3105 0.0153 0.0081 -0.0432 0.8938 0.3530
-4.2500 -0.2768 0.0148 0.0077 -0.0440 0.8884 0.3731
-4.0000 -0.2531 0.0145 0.0075 -0.0429 0.8772 0.3923
-3.7500 -0.2261 0.0142 0.0072 -0.0425 0.8677 0.4135
-3.5000 -0.1981 0.0138 0.0069 -0.0421 0.8584 0.4370
-3.2500 -0.1736 0.0135 0.0067 -0.0411 0.8465 0.4605
-3.0000 -0.1477 0.0133 0.0066 -0.0403 0.8355 0.4851
-2.7500 -0.1198 0.0130 0.0063 -0.0398 0.8254 0.5109
-2.5000 -0.0956 0.0129 0.0063 -0.0387 0.8124 0.5352
-2.2500 -0.0703 0.0127 0.0062 -0.0378 0.7999 0.5604
-2.0000 -0.0443 0.0126 0.0060 -0.0370 0.7876 0.5840
-1.7500 -0.0177 0.0124 0.0060 -0.0363 0.7752 0.6065
-1.5000 0.0085 0.0123 0.0059 -0.0355 0.7622 0.6281
-1.2500 0.0339 0.0123 0.0058 -0.0346 0.7481 0.6490
-1.0000 0.0597 0.0122 0.0058 -0.0337 0.7340 0.6696
-0.7500 0.0853 0.0122 0.0058 -0.0328 0.7196 0.6908
-0.5000 0.1111 0.0122 0.0058 -0.0320 0.7061 0.7117
-0.2500 0.1376 0.0122 0.0058 -0.0313 0.6936 0.7314
0.0000 0.1639 0.0122 0.0058 -0.0304 0.6805 0.7511
0.2500 0.1895 0.0123 0.0059 -0.0295 0.6666 0.7703
0.5000 0.2150 0.0124 0.0060 -0.0285 0.6526 0.7891
0.7500 0.2408 0.0125 0.0060 -0.0276 0.6394 0.8074
1.0000 0.2669 0.0126 0.0062 -0.0268 0.6266 0.8248
1.2500 0.2934 0.0127 0.0063 -0.0260 0.6144 0.8416
1.5000 0.3198 0.0129 0.0064 -0.0252 0.6019 0.8579
1.7500 0.3466 0.0131 0.0066 -0.0245 0.5896 0.8734
2.0000 0.3748 0.0133 0.0067 -0.0241 0.5788 0.8878
2.2500 0.4022 0.0135 0.0069 -0.0236 0.5665 0.9018
2.5000 0.4349 0.0138 0.0072 -0.0241 0.5551 0.9133
2.7500 0.4714 0.0141 0.0074 -0.0253 0.5440 0.9235
3.0000 0.5052 0.0144 0.0077 -0.0262 0.5321 0.9359
3.2500 0.5511 0.0147 0.0079 -0.0296 0.5199 0.9420
3.5000 0.5875 0.0150 0.0081 -0.0312 0.5081 0.9526
3.7500 0.6359 0.0152 0.0083 -0.0353 0.4956 0.9569
4.0000 0.6786 0.0154 0.0085 -0.0384 0.4849 0.9636
4.2500 0.7157 0.0156 0.0086 -0.0404 0.4738 0.9717
4.5000 0.7598 0.0158 0.0087 -0.0439 0.4602 0.9769
4.7500 0.8008 0.0159 0.0089 -0.0468 0.4482 0.9841
5.0000 0.8427 0.0162 0.0089 -0.0498 0.4374 0.9904
