-5.0000 -0.3400 0.0133 0.0063 -0.0543 0.9592 0.1500
-4.7500 -0.2992 0.0129 0.0060 -0.0572 0.9574 0.1721
-4.5000 -0.2734 0.0126 0.0058 -0.0568 0.9491 0.1934
-4.2500 -0.2366 0.0122 0.0056 -0.0587 0.9449 0.2206
-4.0000 -0.1990 0.0118 0.0053 -0.0607 0.9414 0.2508
-3.7500 -0.1610 0.0114 0.0050 -0.0627 0.9383 0.2813
-3.5000 -0.1358 0.0112 0.0049 -0.0620 0.9288 0.3069
-3.2500 -0.1031 0.0108 0.0046 -0.0628 0.9234 0.3359
-3.0000 -0.0730 0.0105 0.0044 -0.0631 0.9169 0.3651
-2.7500 -0.0454 0.0103 0.0042 -0.0628 0.9084 0.3946
-2.5000 -0.0153 0.0100 0.0040 -0.0630 0.9021 0.4293
-2.2500 0.0107 0.0097 0.0039 -0.0624 0.8920 0.4671
-2.0000 0.0375 0.0094 0.0037 -0.0619 0.8828 0.5053
-1.7500 0.0651 0.0091 0.0036 -0.0615 0.8741 0.5465
-1.5000 0.0906 0.0089 0.0035 -0.0606 0.8629 0.5914
-1.2500 0.1161 0.0087 0.0034 -0.0598 0.8512 0.6386
-1.0000 0.1415 0.0085 0.0034 -0.0588 0.8392 0.6844
-0.7500 0.1671 0.0083 0.0033 -0.0579 0.8274 0.7278
-0.5000 0.1923 0.0082 0.0033 -0.0568 0.8147 0.7694
-0.2500 0.2174 0.0081 0.0033 -0.0557 0.8015 0.8106
0.0000 0.2423 0.0081 0.0033 -0.0544 0.7875 0.8532
0.2500 0.2686 0.0081 0.0034 -0.0534 0.7740 0.8919
0.5000 0.2983 0.0082 0.0034 -0.0531 0.7597 0.9235
0.7500 0.3326 0.0083 0.0035 -0.0540 0.7445 0.9457
1.0000 0.3687 0.0084 0.0035 -0.0554 0.7294 0.9635
1.2500 0.4110 0.0085 0.0036 -0.0582 0.7135 0.9748
1.5000 0.4558 0.0086 0.0035 -0.0616 0.6962 0.9851
1.7500 0.5020 0.0087 0.0035 -0.0655 0.6766 0.9950
2.0000 0.5379 0.0088 0.0035 -0.0673 0.6594 1.0000
2.2500 0.5611 0.0088 0.0035 -0.0664 0.6439 1.0000
2.5000 0.5844 0.0089 0.0035 -0.0656 0.6288 1.0000
2.7500 0.6073 0.0091 0.0036 -0.0646 0.6117 1.0000
3.0000 0.6299 0.0092 0.0036 -0.0635 0.5931 1.0000
3.2500 0.6525 0.0094 0.0037 -0.0625 0.5757 1.0000
3.5000 0.6749 0.0095 0.0038 -0.0614 0.5561 1.0000
3.7500 0.6973 0.0097 0.0039 -0.0603 0.5366 1.0000
4.0000 0.7198 0.0099 0.0040 -0.0592 0.5194 1.0000
4.2500 0.7425 0.0100 0.0041 -0.0581 0.5019 1.0000
4.5000 0.7650 0.0103 0.0043 -0.0570 0.4843 1.0000
4.7500 0.7875 0.0105 0.0044 -0.0560 0.4649 1.0000
5.0000 0.8098 0.0107 0.0047 -0.0549 0.4435 1.0000
