-5.0000 -0.2750 0.0132 0.0064 -0.0631 0.8587 0.3026
-4.7500 -0.2508 0.0130 0.0062 -0.0623 0.8490 0.3136
-4.5000 -0.2230 0.0128 0.0060 -0.0621 0.8416 0.3250
-4.2500 -0.1974 0.0126 0.0059 -0.0615 0.8320 0.3362
-4.0000 -0.1714 0.0124 0.0057 -0.0609 0.8222 0.3487
-3.7500 -0.1446 0.0123 0.0055 -0.0605 0.8125 0.3620
-3.5000 -0.1177 0.0121 0.0053 -0.0601 0.8029 0.3750
-3.2500 -0.0916 0.0120 0.0052 -0.0596 0.7926 0.3877
-3.0000 -0.0655 0.0119 0.0051 -0.0591 0.7819 0.4007
-2.7500 -0.0394 0.0117 0.0050 -0.0586 0.7714 0.4135
-2.5000 -0.0130 0.0116 0.0049 -0.0581 0.7611 0.4275
-2.2500 0.0137 0.0115 0.0048 -0.0577 0.7510 0.4410
-2.0000 0.0403 0.0115 0.0047 -0.0573 0.7408 0.4549
-1.7500 0.0660 0.0114 0.0046 -0.0567 0.7294 0.4691
-1.5000 0.0919 0.0113 0.0046 -0.0561 0.7182 0.4841
-1.2500 0.1181 0.0112 0.0045 -0.0556 0.7077 0.5006
-1.0000 0.1443 0.0112 0.0045 -0.0551 0.6973 0.5192
-0.7500 0.1696 0.0111 0.0045 -0.0545 0.6864 0.5383
-0.5000 0.1953 0.0111 0.0045 -0.0539 0.6756 0.5574
-0.2500 0.2209 0.0111 0.0045 -0.0533 0.6648 0.5764
0.0000 0.2466 0.0110 0.0045 -0.0526 0.6542 0.5966
0.2500 0.2722 0.0110 0.0045 -0.0520 0.6443 0.6174
0.5000 0.2979 0.0110 0.0045 -0.0514 0.6343 0.6391
0.7500 0.3233 0.0110 0.0046 -0.0507 0.6240 0.6607
1.0000 0.3484 0.0110 0.0046 -0.0499 0.6133 0.6831
1.2500 0.3732 0.0110 0.0047 -0.0491 0.6022 0.7055
1.5000 0.3979 0.0111 0.0048 -0.0482 0.5917 0.7284
1.7500 0.4232 0.0111 0.0049 -0.0475 0.5823 0.7512
2.0000 0.4484 0.0112 0.0050 -0.0467 0.5730 0.7729
2.2500 0.4732 0.0112 0.0051 -0.0458 0.5632 0.7938
2.5000 0.4980 0.0113 0.0052 -0.0450 0.5537 0.8151
2.7500 0.5228 0.0114 0.0053 -0.0440 0.5442 0.8351
3.0000 0.5471 0.0115 0.0055 -0.0430 0.5340 0.8549
3.2500 0.5713 0.0117 0.0057 -0.0419 0.5236 0.8748
3.5000 0.5963 0.0119 0.0058 -0.0410 0.5138 0.8935
3.7500 0.6206 0.0121 0.0060 -0.0399 0.5046 0.9124
4.0000 0.6520 0.0123 0.0062 -0.0404 0.4941 0.9253
4.2500 0.6771 0.0125 0.0064 -0.0396 0.4831 0.9414
4.5000 0.7161 0.0128 0.0066 -0.0419 0.4706 0.9497
4.7500 0.7535 0.0131 0.0069 -0.0438 0.4585 0.9587
5.0000 0.7874 0.0134 0.0072 -0.0451 0.4470 0.9688
