-5.0000 -0.4738 0.0247 0.0156 -0.0490 1.0000 0.1904
-4.7500 -0.4503 0.0243 0.0153 -0.0488 1.0000 0.2076
-4.5000 -0.4265 0.0241 0.0150 -0.0487 1.0000 0.2274
-4.2500 -0.4028 0.0238 0.0149 -0.0485 1.0000 0.2471
-4.0000 -0.3791 0.0236 0.0148 -0.0483 1.0000 0.2680
-3.7500 -0.3552 0.0235 0.0147 -0.0482 1.0000 0.2913
-3.5000 -0.3318 0.0234 0.0147 -0.0480 1.0000 0.3135
-3.2500 -0.3085 0.0234 0.0149 -0.0478 1.0000 0.3381
-3.0000 -0.2696 0.0237 0.0152 -0.0505 0.9953 0.3699
-2.7500 -0.2217 0.0241 0.0158 -0.0548 0.9895 0.4059
-2.5000 -0.1852 0.0243 0.0160 -0.0569 0.9817 0.4375
-2.2500 -0.1409 0.0247 0.0166 -0.0604 0.9756 0.4721
-2.0000 -0.1054 0.0249 0.0169 -0.0622 0.9669 0.5034
-1.7500 -0.0613 0.0252 0.0173 -0.0654 0.9601 0.5364
-1.5000 -0.0297 0.0254 0.0176 -0.0664 0.9503 0.5652
-1.2500 0.0137 0.0257 0.0180 -0.0693 0.9444 0.5985
-1.0000 0.0419 0.0258 0.0182 -0.0695 0.9340 0.6264
-0.7500 0.0811 0.0259 0.0184 -0.0715 0.9259 0.6573
-0.5000 0.1170 0.0259 0.0185 -0.0728 0.9164 0.6888
-0.2500 0.1463 0.0259 0.0186 -0.0728 0.9058 0.7200
0.0000 0.1875 0.0258 0.0186 -0.0747 0.8996 0.7560
0.2500 0.2110 0.0257 0.0186 -0.0736 0.8876 0.7903
0.5000 0.2387 0.0255 0.0186 -0.0728 0.8778 0.8294
0.7500 0.2692 0.0251 0.0183 -0.0720 0.8691 0.8814
1.0000 0.3158 0.0248 0.0180 -0.0756 0.8599 0.9407
1.2500 0.3625 0.0244 0.0177 -0.0792 0.8506 1.0000
1.5000 0.3947 0.0244 0.0176 -0.0805 0.8375 1.0000
1.7500 0.4490 0.0239 0.0170 -0.0849 0.8326 1.0000
2.0000 0.4771 0.0238 0.0169 -0.0849 0.8188 1.0000
2.2500 0.5305 0.0230 0.0161 -0.0886 0.8147 1.0000
2.5000 0.5573 0.0229 0.0159 -0.0881 0.8007 1.0000
2.7500 0.6119 0.0219 0.0149 -0.0917 0.7966 1.0000
3.0000 0.6398 0.0216 0.0146 -0.0911 0.7820 1.0000
3.2500 0.6819 0.0208 0.0138 -0.0924 0.7714 1.0000
3.5000 0.7240 0.0199 0.0130 -0.0937 0.7608 1.0000
3.7500 0.7551 0.0195 0.0126 -0.0935 0.7452 1.0000
4.0000 0.7907 0.0190 0.0121 -0.0939 0.7298 1.0000
4.2500 0.8267 0.0185 0.0115 -0.0943 0.7123 1.0000
4.5000 0.8597 0.0181 0.0111 -0.0943 0.6920 1.0000
4.7500 0.8921 0.0178 0.0108 -0.0942 0.6699 1.0000
5.0000 0.9245 0.0177 0.0106 -0.0942 0.6468 1.0000
