-5.0000 -0.5506 0.0275 0.0186 -0.0381 0.9960 0.2635
-4.7500 -0.5032 0.0278 0.0190 -0.0424 0.9895 0.2834
-4.5000 -0.4644 0.0279 0.0190 -0.0450 0.9815 0.3017
-4.2500 -0.4215 0.0281 0.0193 -0.0484 0.9745 0.3213
-4.0000 -0.3817 0.0283 0.0196 -0.0511 0.9672 0.3406
-3.7500 -0.3457 0.0284 0.0197 -0.0531 0.9587 0.3602
-3.5000 -0.2982 0.0287 0.0201 -0.0571 0.9532 0.3811
-3.2500 -0.2723 0.0286 0.0200 -0.0571 0.9426 0.3980
-3.0000 -0.2285 0.0288 0.0203 -0.0603 0.9363 0.4200
-2.7500 -0.2001 0.0288 0.0204 -0.0608 0.9268 0.4398
-2.5000 -0.1623 0.0290 0.0206 -0.0627 0.9196 0.4604
-2.2500 -0.1267 0.0291 0.0209 -0.0642 0.9116 0.4816
-2.0000 -0.0933 0.0291 0.0210 -0.0653 0.9018 0.5030
-1.7500 -0.0442 0.0292 0.0211 -0.0689 0.8967 0.5280
-1.5000 -0.0250 0.0293 0.0212 -0.0675 0.8839 0.5461
-1.2500 0.0194 0.0292 0.0213 -0.0701 0.8786 0.5685
-1.0000 0.0401 0.0293 0.0215 -0.0689 0.8665 0.5864
-0.7500 0.0832 0.0292 0.0214 -0.0712 0.8604 0.6091
-0.5000 0.1071 0.0292 0.0215 -0.0703 0.8486 0.6288
-0.2500 0.1481 0.0289 0.0212 -0.0721 0.8420 0.6534
0.0000 0.1736 0.0289 0.0213 -0.0714 0.8312 0.6747
0.2500 0.2095 0.0285 0.0210 -0.0720 0.8239 0.6975
0.5000 0.2504 0.0280 0.0206 -0.0734 0.8188 0.7230
0.7500 0.2704 0.0279 0.0206 -0.0716 0.8059 0.7446
1.0000 0.3146 0.0271 0.0199 -0.0731 0.8022 0.7712
1.2500 0.3296 0.0271 0.0200 -0.0704 0.7882 0.7937
1.5000 0.3710 0.0261 0.0191 -0.0711 0.7842 0.8233
1.7500 0.3991 0.0255 0.0185 -0.0696 0.7755 0.8563
2.0000 0.4271 0.0248 0.0180 -0.0680 0.7668 0.8893
2.2500 0.4868 0.0235 0.0168 -0.0718 0.7643 0.9301
2.5000 0.5398 0.0234 0.0167 -0.0766 0.7514 0.9767
2.7500 0.6219 0.0221 0.0154 -0.0858 0.7473 1.0000
3.0000 0.6354 0.0218 0.0150 -0.0840 0.7326 1.0000
3.2500 0.6783 0.0210 0.0142 -0.0863 0.7221 1.0000
3.5000 0.7252 0.0203 0.0133 -0.0890 0.7110 1.0000
3.7500 0.7557 0.0200 0.0130 -0.0891 0.6955 1.0000
4.0000 0.7883 0.0197 0.0126 -0.0895 0.6800 1.0000
4.2500 0.8209 0.0196 0.0124 -0.0899 0.6642 1.0000
4.5000 0.8539 0.0194 0.0122 -0.0904 0.6483 1.0000
4.7500 0.8871 0.0194 0.0120 -0.0909 0.6321 1.0000
5.0000 0.9169 0.0195 0.0120 -0.0908 0.6145 1.0000
