-5.0000 -0.2766 0.0113 0.0050 -0.0669 0.8901 0.2654
-4.7500 -0.2499 0.0111 0.0048 -0.0665 0.8823 0.2780
-4.5000 -0.2206 0.0109 0.0046 -0.0666 0.8761 0.2917
-4.2500 -0.1951 0.0107 0.0045 -0.0660 0.8667 0.3051
-4.0000 -0.1673 0.0105 0.0043 -0.0657 0.8588 0.3194
-3.7500 -0.1405 0.0103 0.0042 -0.0654 0.8501 0.3332
-3.5000 -0.1134 0.0102 0.0040 -0.0651 0.8411 0.3475
-3.2500 -0.0853 0.0100 0.0039 -0.0649 0.8333 0.3637
-3.0000 -0.0588 0.0099 0.0038 -0.0645 0.8238 0.3794
-2.7500 -0.0314 0.0098 0.0037 -0.0643 0.8147 0.3944
-2.5000 -0.0040 0.0097 0.0036 -0.0640 0.8056 0.4095
-2.2500 0.0242 0.0096 0.0035 -0.0638 0.7961 0.4247
-2.0000 0.0504 0.0095 0.0034 -0.0633 0.7843 0.4402
-1.7500 0.0781 0.0094 0.0034 -0.0631 0.7743 0.4569
-1.5000 0.1046 0.0093 0.0033 -0.0627 0.7631 0.4745
-1.2500 0.1321 0.0093 0.0033 -0.0624 0.7534 0.4926
-1.0000 0.1586 0.0092 0.0033 -0.0620 0.7421 0.5110
-0.7500 0.1856 0.0092 0.0032 -0.0616 0.7311 0.5300
-0.5000 0.2118 0.0091 0.0032 -0.0611 0.7180 0.5499
-0.2500 0.2386 0.0091 0.0032 -0.0607 0.7061 0.5696
0.0000 0.2652 0.0091 0.0032 -0.0602 0.6944 0.5889
0.2500 0.2915 0.0090 0.0032 -0.0597 0.6825 0.6093
0.5000 0.3177 0.0090 0.0032 -0.0592 0.6702 0.6308
0.7500 0.3436 0.0090 0.0032 -0.0586 0.6572 0.6541
1.0000 0.3693 0.0090 0.0033 -0.0579 0.6441 0.6778
1.2500 0.3947 0.0090 0.0033 -0.0572 0.6312 0.7030
1.5000 0.4203 0.0090 0.0034 -0.0566 0.6185 0.7283
1.7500 0.4455 0.0090 0.0035 -0.0558 0.6061 0.7540
2.0000 0.4705 0.0091 0.0036 -0.0549 0.5928 0.7806
2.2500 0.4950 0.0091 0.0036 -0.0540 0.5786 0.8072
2.5000 0.5192 0.0092 0.0037 -0.0529 0.5648 0.8337
2.7500 0.5433 0.0093 0.0039 -0.0519 0.5514 0.8597
3.0000 0.5677 0.0094 0.0040 -0.0508 0.5379 0.8856
3.2500 0.5919 0.0095 0.0042 -0.0497 0.5243 0.9120
3.5000 0.6190 0.0097 0.0043 -0.0492 0.5109 0.9340
3.7500 0.6491 0.0100 0.0045 -0.0494 0.4974 0.9522
4.0000 0.6860 0.0102 0.0047 -0.0512 0.4830 0.9635
4.2500 0.7222 0.0104 0.0049 -0.0529 0.4688 0.9738
4.5000 0.7628 0.0107 0.0051 -0.0557 0.4525 0.9802
4.7500 0.7995 0.0110 0.0053 -0.0576 0.4358 0.9880
5.0000 0.8408 0.0112 0.0055 -0.0606 0.4192 0.9923
