-5.0000 -0.3960 0.0129 0.0064 -0.0386 0.8991 0.3323
-4.7500 -0.3675 0.0126 0.0061 -0.0385 0.8923 0.3453
-4.5000 -0.3427 0.0124 0.0059 -0.0377 0.8824 0.3579
-4.2500 -0.3172 0.0122 0.0057 -0.0370 0.8724 0.3715
-4.0000 -0.2914 0.0120 0.0056 -0.0364 0.8619 0.3864
-3.7500 -0.2655 0.0118 0.0053 -0.0358 0.8512 0.4017
-3.5000 -0.2392 0.0116 0.0052 -0.0352 0.8409 0.4156
-3.2500 -0.2131 0.0114 0.0050 -0.0346 0.8297 0.4292
-3.0000 -0.1874 0.0113 0.0049 -0.0340 0.8173 0.4432
-2.7500 -0.1617 0.0112 0.0047 -0.0333 0.8050 0.4574
-2.5000 -0.1356 0.0110 0.0046 -0.0327 0.7928 0.4727
-2.2500 -0.1094 0.0109 0.0045 -0.0322 0.7807 0.4881
-2.0000 -0.0830 0.0108 0.0044 -0.0317 0.7691 0.5044
-1.7500 -0.0568 0.0107 0.0043 -0.0311 0.7572 0.5210
-1.5000 -0.0308 0.0106 0.0043 -0.0305 0.7450 0.5373
-1.2500 -0.0049 0.0106 0.0042 -0.0299 0.7323 0.5542
-1.0000 0.0209 0.0105 0.0042 -0.0293 0.7189 0.5719
-0.7500 0.0464 0.0105 0.0042 -0.0286 0.7051 0.5902
-0.5000 0.0721 0.0104 0.0042 -0.0279 0.6918 0.6084
-0.2500 0.0979 0.0104 0.0041 -0.0273 0.6791 0.6269
0.0000 0.1238 0.0104 0.0041 -0.0267 0.6666 0.6445
0.2500 0.1496 0.0104 0.0042 -0.0260 0.6542 0.6628
0.5000 0.1753 0.0104 0.0042 -0.0254 0.6416 0.6822
0.7500 0.2009 0.0104 0.0043 -0.0247 0.6287 0.7008
1.0000 0.2263 0.0104 0.0043 -0.0239 0.6155 0.7202
1.2500 0.2517 0.0105 0.0043 -0.0232 0.6026 0.7393
1.5000 0.2772 0.0105 0.0044 -0.0224 0.5898 0.7583
1.7500 0.3025 0.0106 0.0045 -0.0216 0.5769 0.7770
2.0000 0.3278 0.0106 0.0046 -0.0208 0.5641 0.7948
2.2500 0.3529 0.0107 0.0046 -0.0200 0.5505 0.8123
2.5000 0.3780 0.0109 0.0047 -0.0192 0.5381 0.8294
2.7500 0.4033 0.0110 0.0049 -0.0184 0.5259 0.8456
3.0000 0.4287 0.0111 0.0050 -0.0175 0.5133 0.8616
3.2500 0.4540 0.0113 0.0052 -0.0167 0.5012 0.8771
3.5000 0.4793 0.0114 0.0054 -0.0158 0.4889 0.8919
3.7500 0.5047 0.0117 0.0056 -0.0150 0.4769 0.9062
4.0000 0.5310 0.0119 0.0057 -0.0144 0.4653 0.9192
4.2500 0.5594 0.0121 0.0060 -0.0142 0.4533 0.9303
4.5000 0.5903 0.0124 0.0062 -0.0146 0.4412 0.9402
4.7500 0.6225 0.0127 0.0065 -0.0154 0.4271 0.9496
5.0000 0.6590 0.0130 0.0067 -0.0171 0.4124 0.9566
