-5.0000 -0.5854 0.0125 0.0054 0.0044 1.0000 0.1507
-4.7500 -0.5634 0.0122 0.0052 0.0052 1.0000 0.1744
-4.5000 -0.5409 0.0118 0.0050 0.0059 1.0000 0.2009
-4.2500 -0.5080 0.0115 0.0048 0.0045 0.9975 0.2358
-4.0000 -0.4714 0.0111 0.0046 0.0023 0.9930 0.2777
-3.7500 -0.4343 0.0107 0.0044 0.0000 0.9874 0.3301
-3.5000 -0.3958 0.0103 0.0043 -0.0025 0.9817 0.3877
-3.2500 -0.3556 0.0100 0.0042 -0.0053 0.9766 0.4420
-3.0000 -0.3143 0.0097 0.0041 -0.0082 0.9724 0.4939
-2.7500 -0.2794 0.0094 0.0040 -0.0097 0.9661 0.5411
-2.5000 -0.2456 0.0091 0.0039 -0.0108 0.9577 0.5834
-2.2500 -0.2074 0.0089 0.0037 -0.0127 0.9509 0.6227
-2.0000 -0.1691 0.0086 0.0036 -0.0146 0.9449 0.6581
-1.7500 -0.1394 0.0084 0.0035 -0.0145 0.9341 0.6910
-1.5000 -0.1073 0.0081 0.0034 -0.0149 0.9251 0.7267
-1.2500 -0.0804 0.0080 0.0033 -0.0141 0.9117 0.7578
-1.0000 -0.0531 0.0078 0.0033 -0.0133 0.8982 0.7848
-0.7500 -0.0265 0.0077 0.0032 -0.0123 0.8837 0.8125
-0.5000 -0.0004 0.0076 0.0032 -0.0113 0.8683 0.8386
-0.2500 0.0257 0.0076 0.0032 -0.0102 0.8508 0.8600
0.0000 0.0522 0.0077 0.0032 -0.0093 0.8329 0.8794
0.2500 0.0787 0.0077 0.0032 -0.0083 0.8134 0.8991
0.5000 0.1051 0.0078 0.0033 -0.0073 0.7922 0.9176
0.7500 0.1339 0.0080 0.0033 -0.0068 0.7685 0.9321
1.0000 0.1665 0.0081 0.0034 -0.0073 0.7425 0.9432
1.2500 0.2017 0.0083 0.0034 -0.0084 0.7165 0.9526
1.5000 0.2360 0.0085 0.0035 -0.0094 0.6902 0.9631
1.7500 0.2797 0.0087 0.0036 -0.0125 0.6596 0.9685
2.0000 0.3187 0.0089 0.0036 -0.0147 0.6252 0.9762
2.2500 0.3568 0.0091 0.0036 -0.0168 0.5892 0.9829
2.5000 0.3986 0.0092 0.0036 -0.0198 0.5545 0.9880
2.7500 0.4391 0.0094 0.0037 -0.0226 0.5242 0.9942
3.0000 0.4790 0.0096 0.0038 -0.0253 0.4962 0.9997
3.2500 0.5041 0.0097 0.0039 -0.0250 0.4714 1.0000
3.5000 0.5277 0.0099 0.0040 -0.0244 0.4487 1.0000
3.7500 0.5513 0.0100 0.0040 -0.0237 0.4260 1.0000
4.0000 0.5742 0.0102 0.0041 -0.0229 0.4027 1.0000
4.2500 0.5969 0.0104 0.0042 -0.0220 0.3770 1.0000
4.5000 0.6192 0.0106 0.0043 -0.0211 0.3503 1.0000
4.7500 0.6412 0.0109 0.0044 -0.0201 0.3249 1.0000
5.0000 0.6633 0.0112 0.0046 -0.0191 0.3001 1.0000
