-5.0000 -0.4273 0.0140 0.0071 -0.0254 0.7961 0.3828
-4.7500 -0.4047 0.0138 0.0069 -0.0243 0.7845 0.3921
-4.5000 -0.3821 0.0137 0.0067 -0.0232 0.7723 0.4020
-4.2500 -0.3593 0.0135 0.0066 -0.0221 0.7605 0.4120
-4.0000 -0.3363 0.0134 0.0064 -0.0210 0.7488 0.4224
-3.7500 -0.3130 0.0133 0.0063 -0.0200 0.7371 0.4318
-3.5000 -0.2895 0.0132 0.0062 -0.0191 0.7253 0.4415
-3.2500 -0.2657 0.0131 0.0061 -0.0182 0.7136 0.4514
-3.0000 -0.2419 0.0130 0.0060 -0.0173 0.7020 0.4615
-2.7500 -0.2181 0.0130 0.0059 -0.0164 0.6904 0.4719
-2.5000 -0.1941 0.0129 0.0059 -0.0155 0.6790 0.4825
-2.2500 -0.1700 0.0129 0.0058 -0.0147 0.6677 0.4929
-2.0000 -0.1457 0.0128 0.0057 -0.0138 0.6563 0.5031
-1.7500 -0.1217 0.0128 0.0057 -0.0129 0.6442 0.5132
-1.5000 -0.0975 0.0127 0.0056 -0.0121 0.6320 0.5226
-1.2500 -0.0731 0.0127 0.0056 -0.0113 0.6207 0.5323
-1.0000 -0.0485 0.0127 0.0056 -0.0106 0.6100 0.5424
-0.7500 -0.0240 0.0127 0.0056 -0.0098 0.5995 0.5528
-0.5000 0.0005 0.0127 0.0056 -0.0090 0.5893 0.5638
-0.2500 0.0248 0.0127 0.0055 -0.0082 0.5790 0.5752
0.0000 0.0493 0.0127 0.0056 -0.0074 0.5687 0.5859
0.2500 0.0737 0.0127 0.0056 -0.0066 0.5587 0.5972
0.5000 0.0984 0.0128 0.0056 -0.0059 0.5491 0.6082
0.7500 0.1230 0.0128 0.0056 -0.0052 0.5395 0.6193
1.0000 0.1475 0.0128 0.0057 -0.0044 0.5295 0.6298
1.2500 0.1718 0.0128 0.0057 -0.0036 0.5195 0.6408
1.5000 0.1962 0.0129 0.0058 -0.0028 0.5101 0.6520
1.7500 0.2209 0.0129 0.0058 -0.0021 0.5016 0.6634
2.0000 0.2454 0.0130 0.0059 -0.0013 0.4930 0.6754
2.2500 0.2696 0.0131 0.0060 -0.0005 0.4842 0.6879
2.5000 0.2939 0.0131 0.0061 0.0003 0.4758 0.7005
2.7500 0.3180 0.0132 0.0062 0.0011 0.4674 0.7128
3.0000 0.3421 0.0133 0.0063 0.0020 0.4593 0.7256
3.2500 0.3658 0.0134 0.0064 0.0029 0.4507 0.7382
3.5000 0.3896 0.0135 0.0065 0.0038 0.4419 0.7502
3.7500 0.4130 0.0136 0.0067 0.0047 0.4337 0.7634
4.0000 0.4361 0.0137 0.0068 0.0057 0.4257 0.7766
4.2500 0.4591 0.0139 0.0070 0.0068 0.4177 0.7894
4.5000 0.4827 0.0140 0.0071 0.0077 0.4108 0.8019
4.7500 0.5058 0.0142 0.0073 0.0087 0.4035 0.8141
5.0000 0.5287 0.0144 0.0076 0.0097 0.3964 0.8264
