-5.0000 -0.5409 0.0301 0.0218 -0.0087 0.8400 0.4662
-4.7500 -0.4913 0.0296 0.0213 -0.0119 0.8356 0.4816
-4.5000 -0.4605 0.0293 0.0210 -0.0121 0.8269 0.4938
-4.2500 -0.4296 0.0290 0.0207 -0.0122 0.8181 0.5059
-4.0000 -0.3742 0.0285 0.0204 -0.0161 0.8148 0.5183
-3.7500 -0.3646 0.0284 0.0203 -0.0128 0.8009 0.5286
-3.5000 -0.3157 0.0278 0.0198 -0.0156 0.7968 0.5419
-3.2500 -0.2977 0.0278 0.0197 -0.0136 0.7837 0.5514
-3.0000 -0.2568 0.0271 0.0189 -0.0151 0.7787 0.5650
-2.7500 -0.2338 0.0271 0.0191 -0.0138 0.7656 0.5734
-2.5000 -0.1933 0.0264 0.0183 -0.0152 0.7601 0.5867
-2.2500 -0.1727 0.0266 0.0186 -0.0135 0.7465 0.5961
-2.0000 -0.1308 0.0261 0.0181 -0.0151 0.7402 0.6084
-1.7500 -0.1205 0.0261 0.0180 -0.0119 0.7267 0.6203
-1.5000 -0.0780 0.0259 0.0179 -0.0135 0.7183 0.6301
-1.2500 -0.0559 0.0258 0.0178 -0.0120 0.7064 0.6414
-1.0000 -0.0310 0.0256 0.0176 -0.0110 0.6959 0.6538
-0.7500 0.0069 0.0256 0.0176 -0.0118 0.6857 0.6639
-0.5000 0.0275 0.0256 0.0176 -0.0102 0.6743 0.6758
-0.2500 0.0633 0.0254 0.0173 -0.0108 0.6655 0.6880
0.0000 0.0884 0.0256 0.0176 -0.0098 0.6533 0.6977
0.2500 0.1159 0.0254 0.0173 -0.0093 0.6442 0.7102
0.5000 0.1466 0.0256 0.0175 -0.0092 0.6330 0.7198
0.7500 0.1690 0.0257 0.0177 -0.0078 0.6219 0.7308
1.0000 0.2009 0.0256 0.0175 -0.0080 0.6137 0.7438
1.2500 0.2274 0.0261 0.0180 -0.0072 0.6016 0.7527
1.5000 0.2579 0.0262 0.0180 -0.0071 0.5924 0.7638
1.7500 0.2756 0.0262 0.0181 -0.0051 0.5821 0.7768
2.0000 0.3138 0.0267 0.0186 -0.0063 0.5718 0.7837
2.2500 0.3411 0.0268 0.0186 -0.0057 0.5628 0.7962
2.5000 0.3726 0.0273 0.0192 -0.0058 0.5516 0.8050
2.7500 0.4035 0.0277 0.0195 -0.0058 0.5418 0.8156
3.0000 0.4345 0.0280 0.0198 -0.0059 0.5321 0.8262
3.2500 0.4736 0.0283 0.0200 -0.0075 0.5236 0.8351
3.5000 0.5068 0.0289 0.0205 -0.0082 0.5134 0.8437
3.7500 0.5380 0.0291 0.0207 -0.0086 0.5052 0.8542
4.0000 0.5808 0.0296 0.0212 -0.0111 0.4948 0.8606
4.2500 0.6038 0.0298 0.0214 -0.0102 0.4870 0.8736
4.5000 0.6576 0.0304 0.0219 -0.0148 0.4765 0.8785
4.7500 0.6783 0.0307 0.0222 -0.0137 0.4694 0.8929
5.0000 0.7319 0.0313 0.0228 -0.0185 0.4594 0.8975
