-5.0000 -0.3521 0.0272 0.0182 -0.0430 0.8738 0.2668
-4.7500 -0.3065 0.0263 0.0175 -0.0460 0.8677 0.2910
-4.5000 -0.2735 0.0256 0.0170 -0.0467 0.8591 0.3175
-4.2500 -0.2448 0.0249 0.0166 -0.0466 0.8485 0.3553
-4.0000 -0.2015 0.0238 0.0160 -0.0487 0.8435 0.4269
-3.7500 -0.1846 0.0235 0.0160 -0.0461 0.8305 0.4876
-3.5000 -0.1488 0.0230 0.0157 -0.0462 0.8230 0.5462
-3.2500 -0.1051 0.0225 0.0152 -0.0474 0.8184 0.5922
-3.0000 -0.0901 0.0225 0.0154 -0.0444 0.8031 0.6201
-2.7500 -0.0473 0.0220 0.0149 -0.0453 0.7971 0.6507
-2.5000 -0.0256 0.0220 0.0149 -0.0432 0.7838 0.6735
-2.2500 0.0119 0.0216 0.0145 -0.0434 0.7759 0.6977
-2.0000 0.0380 0.0215 0.0144 -0.0421 0.7643 0.7188
-1.7500 0.0709 0.0213 0.0142 -0.0417 0.7545 0.7404
-1.5000 0.1001 0.0212 0.0141 -0.0407 0.7432 0.7594
-1.2500 0.1335 0.0210 0.0139 -0.0402 0.7321 0.7780
-1.0000 0.1607 0.0211 0.0140 -0.0389 0.7189 0.7962
-0.7500 0.1989 0.0210 0.0138 -0.0391 0.7082 0.8147
-0.5000 0.2264 0.0213 0.0140 -0.0377 0.6933 0.8323
-0.2500 0.2639 0.0214 0.0141 -0.0381 0.6803 0.8487
0.0000 0.3077 0.0215 0.0141 -0.0396 0.6678 0.8639
0.2500 0.3420 0.0217 0.0142 -0.0399 0.6524 0.8797
0.5000 0.3857 0.0220 0.0143 -0.0421 0.6366 0.8920
0.7500 0.4302 0.0221 0.0143 -0.0448 0.6210 0.9030
1.0000 0.4661 0.0222 0.0143 -0.0462 0.6064 0.9177
1.2500 0.5247 0.0224 0.0143 -0.0518 0.5900 0.9246
1.5000 0.5659 0.0225 0.0142 -0.0543 0.5767 0.9380
1.7500 0.6185 0.0226 0.0142 -0.0591 0.5619 0.9472
2.0000 0.6609 0.0228 0.0144 -0.0623 0.5480 0.9594
2.2500 0.7063 0.0230 0.0144 -0.0661 0.5358 0.9714
2.5000 0.7591 0.0230 0.0143 -0.0713 0.5239 0.9805
2.7500 0.8041 0.0232 0.0144 -0.0755 0.5114 0.9915
3.0000 0.8529 0.0233 0.0144 -0.0802 0.5011 1.0000
3.2500 0.8671 0.0234 0.0145 -0.0787 0.4929 1.0000
3.5000 0.8862 0.0236 0.0146 -0.0777 0.4863 1.0000
3.7500 0.8969 0.0239 0.0150 -0.0755 0.4786 1.0000
4.0000 0.9148 0.0242 0.0151 -0.0742 0.4724 1.0000
4.2500 0.9286 0.0246 0.0155 -0.0723 0.4662 1.0000
4.5000 0.9406 0.0250 0.0159 -0.0700 0.4595 1.0000
4.7500 0.9613 0.0253 0.0161 -0.0690 0.4541 1.0000
5.0000 0.9712 0.0258 0.0167 -0.0664 0.4483 1.0000
