-5.0000 -0.2603 0.0120 0.0056 -0.0705 0.8437 0.3107
-4.7500 -0.2317 0.0118 0.0054 -0.0705 0.8372 0.3197
-4.5000 -0.2070 0.0116 0.0053 -0.0697 0.8282 0.3291
-4.2500 -0.1793 0.0115 0.0051 -0.0696 0.8210 0.3385
-4.0000 -0.1524 0.0113 0.0049 -0.0693 0.8130 0.3486
-3.7500 -0.1256 0.0112 0.0048 -0.0689 0.8050 0.3586
-3.5000 -0.0999 0.0111 0.0047 -0.0683 0.7960 0.3691
-3.2500 -0.0712 0.0110 0.0046 -0.0683 0.7886 0.3802
-3.0000 -0.0462 0.0109 0.0045 -0.0676 0.7791 0.3901
-2.7500 -0.0188 0.0108 0.0044 -0.0674 0.7709 0.4001
-2.5000 0.0077 0.0107 0.0043 -0.0670 0.7613 0.4107
-2.2500 0.0339 0.0106 0.0043 -0.0665 0.7512 0.4218
-2.0000 0.0611 0.0106 0.0042 -0.0662 0.7415 0.4324
-1.7500 0.0862 0.0105 0.0042 -0.0655 0.7299 0.4430
-1.5000 0.1130 0.0105 0.0041 -0.0651 0.7199 0.4543
-1.2500 0.1391 0.0104 0.0041 -0.0646 0.7092 0.4651
-1.0000 0.1649 0.0104 0.0040 -0.0640 0.6980 0.4766
-0.7500 0.1912 0.0104 0.0040 -0.0635 0.6868 0.4884
-0.5000 0.2165 0.0104 0.0040 -0.0629 0.6743 0.5004
-0.2500 0.2418 0.0103 0.0040 -0.0622 0.6623 0.5127
0.0000 0.2675 0.0104 0.0040 -0.0616 0.6504 0.5256
0.2500 0.2927 0.0104 0.0040 -0.0609 0.6387 0.5381
0.5000 0.3182 0.0104 0.0040 -0.0603 0.6275 0.5497
0.7500 0.3432 0.0105 0.0040 -0.0596 0.6157 0.5615
1.0000 0.3683 0.0105 0.0041 -0.0589 0.6038 0.5734
1.2500 0.3935 0.0106 0.0042 -0.0583 0.5921 0.5862
1.5000 0.4174 0.0106 0.0042 -0.0573 0.5791 0.5987
1.7500 0.4416 0.0106 0.0043 -0.0565 0.5667 0.6124
2.0000 0.4654 0.0107 0.0043 -0.0555 0.5545 0.6275
2.2500 0.4889 0.0108 0.0044 -0.0546 0.5418 0.6429
2.5000 0.5126 0.0109 0.0045 -0.0536 0.5304 0.6569
2.7500 0.5361 0.0110 0.0046 -0.0527 0.5197 0.6710
3.0000 0.5603 0.0111 0.0047 -0.0519 0.5091 0.6862
3.2500 0.5832 0.0112 0.0049 -0.0508 0.4987 0.7015
3.5000 0.6064 0.0113 0.0050 -0.0498 0.4878 0.7174
3.7500 0.6287 0.0114 0.0051 -0.0486 0.4776 0.7348
4.0000 0.6510 0.0115 0.0053 -0.0474 0.4668 0.7532
4.2500 0.6724 0.0116 0.0054 -0.0460 0.4563 0.7728
4.5000 0.6922 0.0117 0.0056 -0.0443 0.4449 0.7940
4.7500 0.7112 0.0118 0.0058 -0.0424 0.4339 0.8174
5.0000 0.7283 0.0120 0.0060 -0.0402 0.4230 0.8434
