-5.0000 -0.1282 0.0175 0.0108 -0.1155 0.8657 0.2568
-4.7500 -0.0901 0.0171 0.0104 -0.1173 0.8640 0.2681
-4.5000 -0.0485 0.0166 0.0100 -0.1198 0.8628 0.2805
-4.2500 -0.0068 0.0162 0.0095 -0.1223 0.8616 0.2930
-4.0000 0.0330 0.0158 0.0092 -0.1245 0.8604 0.3057
-3.7500 0.0728 0.0154 0.0088 -0.1267 0.8593 0.3191
-3.5000 0.1123 0.0150 0.0085 -0.1288 0.8581 0.3319
-3.2500 0.1325 0.0150 0.0084 -0.1272 0.8518 0.3417
-3.0000 0.1527 0.0150 0.0084 -0.1256 0.8454 0.3516
-2.7500 0.1912 0.0146 0.0081 -0.1275 0.8433 0.3639
-2.5000 0.2319 0.0141 0.0077 -0.1297 0.8412 0.3778
-2.2500 0.2744 0.0137 0.0073 -0.1324 0.8393 0.3933
-2.0000 0.2877 0.0137 0.0074 -0.1293 0.8301 0.4039
-1.7500 0.3229 0.0134 0.0071 -0.1305 0.8261 0.4176
-1.5000 0.3632 0.0130 0.0067 -0.1327 0.8230 0.4320
-1.2500 0.3906 0.0129 0.0066 -0.1324 0.8169 0.4448
-1.0000 0.4173 0.0128 0.0065 -0.1319 0.8102 0.4565
-0.7500 0.4549 0.0125 0.0062 -0.1336 0.8058 0.4699
-0.5000 0.4803 0.0124 0.0062 -0.1328 0.7980 0.4825
-0.2500 0.5124 0.0121 0.0060 -0.1334 0.7906 0.4956
0.0000 0.5403 0.0120 0.0058 -0.1331 0.7819 0.5086
0.2500 0.5703 0.0118 0.0057 -0.1332 0.7729 0.5223
0.5000 0.5944 0.0118 0.0057 -0.1322 0.7623 0.5356
0.7500 0.6268 0.0117 0.0055 -0.1328 0.7534 0.5504
1.0000 0.6482 0.0117 0.0056 -0.1313 0.7411 0.5632
1.2500 0.6757 0.0116 0.0055 -0.1309 0.7294 0.5767
1.5000 0.7043 0.0116 0.0055 -0.1308 0.7167 0.5908
1.7500 0.7248 0.0116 0.0055 -0.1291 0.7011 0.6041
2.0000 0.7478 0.0117 0.0056 -0.1278 0.6859 0.6176
2.2500 0.7709 0.0118 0.0056 -0.1267 0.6703 0.6304
2.5000 0.7932 0.0118 0.0057 -0.1254 0.6544 0.6425
2.7500 0.8156 0.0120 0.0057 -0.1241 0.6388 0.6546
3.0000 0.8382 0.0121 0.0058 -0.1229 0.6236 0.6677
3.2500 0.8579 0.0123 0.0060 -0.1212 0.6087 0.6808
3.5000 0.8775 0.0124 0.0061 -0.1194 0.5938 0.6940
3.7500 0.8974 0.0126 0.0063 -0.1177 0.5805 0.7084
4.0000 0.9177 0.0128 0.0065 -0.1162 0.5676 0.7238
4.2500 0.9377 0.0130 0.0067 -0.1145 0.5551 0.7395
4.5000 0.9571 0.0132 0.0070 -0.1129 0.5425 0.7567
4.7500 0.9765 0.0135 0.0072 -0.1112 0.5301 0.7768
5.0000 0.9955 0.0137 0.0075 -0.1094 0.5183 0.8007
