-5.0000 -0.3024 0.0119 0.0051 -0.0424 0.8949 0.1344
-4.7500 -0.2769 0.0116 0.0049 -0.0417 0.8842 0.1487
-4.5000 -0.2522 0.0113 0.0046 -0.0410 0.8727 0.1673
-4.2500 -0.2286 0.0108 0.0043 -0.0401 0.8604 0.1942
-4.0000 -0.2081 0.0101 0.0039 -0.0387 0.8463 0.2800
-3.7500 -0.1858 0.0096 0.0037 -0.0376 0.8321 0.3601
-3.5000 -0.1614 0.0093 0.0035 -0.0367 0.8180 0.4065
-3.2500 -0.1361 0.0092 0.0034 -0.0360 0.8034 0.4414
-3.0000 -0.1103 0.0090 0.0033 -0.0354 0.7886 0.4700
-2.7500 -0.0841 0.0089 0.0032 -0.0348 0.7747 0.4962
-2.5000 -0.0580 0.0088 0.0032 -0.0342 0.7604 0.5203
-2.2500 -0.0319 0.0087 0.0031 -0.0336 0.7461 0.5445
-2.0000 -0.0059 0.0087 0.0030 -0.0329 0.7312 0.5688
-1.7500 0.0202 0.0086 0.0030 -0.0324 0.7147 0.5919
-1.5000 0.0461 0.0086 0.0030 -0.0317 0.6995 0.6158
-1.2500 0.0721 0.0085 0.0029 -0.0311 0.6841 0.6415
-1.0000 0.0980 0.0085 0.0029 -0.0304 0.6682 0.6644
-0.7500 0.1241 0.0085 0.0029 -0.0298 0.6523 0.6855
-0.5000 0.1500 0.0085 0.0029 -0.0291 0.6366 0.7075
-0.2500 0.1759 0.0085 0.0030 -0.0285 0.6197 0.7296
0.0000 0.2012 0.0085 0.0030 -0.0277 0.6027 0.7561
0.2500 0.2262 0.0086 0.0031 -0.0267 0.5858 0.7835
0.5000 0.2517 0.0086 0.0031 -0.0259 0.5687 0.8061
0.7500 0.2772 0.0087 0.0032 -0.0252 0.5520 0.8270
1.0000 0.3025 0.0088 0.0033 -0.0244 0.5357 0.8464
1.2500 0.3278 0.0089 0.0034 -0.0235 0.5190 0.8648
1.5000 0.3531 0.0091 0.0035 -0.0227 0.5016 0.8817
1.7500 0.3783 0.0092 0.0036 -0.0218 0.4841 0.8981
2.0000 0.4046 0.0094 0.0037 -0.0212 0.4649 0.9119
2.2500 0.4313 0.0097 0.0039 -0.0207 0.4467 0.9242
2.5000 0.4574 0.0099 0.0040 -0.0202 0.4296 0.9370
2.7500 0.4888 0.0101 0.0042 -0.0208 0.4109 0.9458
3.0000 0.5185 0.0104 0.0044 -0.0210 0.3937 0.9559
3.2500 0.5557 0.0107 0.0046 -0.0230 0.3768 0.9620
3.5000 0.5878 0.0110 0.0048 -0.0238 0.3625 0.9712
3.7500 0.6313 0.0113 0.0050 -0.0272 0.3484 0.9740
4.0000 0.6717 0.0116 0.0052 -0.0300 0.3359 0.9775
4.2500 0.7105 0.0118 0.0054 -0.0324 0.3249 0.9818
4.5000 0.7457 0.0121 0.0056 -0.0341 0.3159 0.9871
4.7500 0.7839 0.0124 0.0058 -0.0364 0.3072 0.9904
5.0000 0.8230 0.0127 0.0060 -0.0391 0.2986 0.9937
