-5.0000 -0.3052 0.0115 0.0049 -0.0409 0.8655 0.1959
-4.7500 -0.2845 0.0109 0.0046 -0.0395 0.8518 0.2463
-4.5000 -0.2634 0.0104 0.0043 -0.0382 0.8381 0.3175
-4.2500 -0.2393 0.0100 0.0041 -0.0373 0.8254 0.3626
-4.0000 -0.2147 0.0098 0.0040 -0.0365 0.8117 0.3949
-3.7500 -0.1889 0.0097 0.0038 -0.0358 0.7986 0.4214
-3.5000 -0.1631 0.0096 0.0037 -0.0352 0.7855 0.4437
-3.2500 -0.1372 0.0095 0.0036 -0.0345 0.7707 0.4643
-3.0000 -0.1111 0.0094 0.0035 -0.0339 0.7559 0.4831
-2.7500 -0.0850 0.0093 0.0034 -0.0333 0.7408 0.5019
-2.5000 -0.0588 0.0092 0.0034 -0.0328 0.7262 0.5206
-2.2500 -0.0328 0.0092 0.0033 -0.0322 0.7122 0.5404
-2.0000 -0.0066 0.0091 0.0033 -0.0316 0.6984 0.5602
-1.7500 0.0196 0.0091 0.0033 -0.0310 0.6833 0.5786
-1.5000 0.0459 0.0091 0.0032 -0.0305 0.6689 0.5969
-1.2500 0.0721 0.0091 0.0032 -0.0299 0.6548 0.6155
-1.0000 0.0980 0.0091 0.0032 -0.0293 0.6403 0.6360
-0.7500 0.1238 0.0091 0.0032 -0.0287 0.6256 0.6571
-0.5000 0.1499 0.0091 0.0032 -0.0281 0.6108 0.6761
-0.2500 0.1759 0.0091 0.0032 -0.0275 0.5962 0.6956
0.0000 0.2015 0.0091 0.0033 -0.0268 0.5810 0.7151
0.2500 0.2270 0.0091 0.0033 -0.0261 0.5655 0.7356
0.5000 0.2528 0.0092 0.0034 -0.0254 0.5507 0.7559
0.7500 0.2784 0.0092 0.0034 -0.0248 0.5363 0.7742
1.0000 0.3037 0.0093 0.0035 -0.0240 0.5209 0.7929
1.2500 0.3292 0.0094 0.0036 -0.0233 0.5054 0.8112
1.5000 0.3547 0.0095 0.0037 -0.0226 0.4907 0.8288
1.7500 0.3797 0.0096 0.0038 -0.0218 0.4761 0.8461
2.0000 0.4046 0.0097 0.0039 -0.0209 0.4607 0.8624
2.2500 0.4295 0.0099 0.0040 -0.0200 0.4453 0.8787
2.5000 0.4549 0.0101 0.0042 -0.0193 0.4300 0.8929
2.7500 0.4797 0.0103 0.0043 -0.0184 0.4148 0.9074
3.0000 0.5037 0.0106 0.0045 -0.0174 0.4004 0.9222
3.2500 0.5306 0.0108 0.0047 -0.0170 0.3862 0.9341
3.5000 0.5598 0.0111 0.0049 -0.0171 0.3720 0.9437
3.7500 0.5861 0.0114 0.0051 -0.0167 0.3591 0.9553
4.0000 0.6225 0.0117 0.0054 -0.0186 0.3462 0.9605
4.2500 0.6590 0.0120 0.0056 -0.0204 0.3334 0.9657
4.5000 0.6920 0.0123 0.0059 -0.0215 0.3238 0.9728
4.7500 0.7348 0.0126 0.0061 -0.0248 0.3143 0.9753
5.0000 0.7748 0.0130 0.0064 -0.0276 0.3060 0.9789
