-5.0000 0.0397 0.0121 0.0058 -0.1452 0.8763 0.1904
-4.7500 0.0699 0.0119 0.0056 -0.1456 0.8726 0.2019
-4.5000 0.1025 0.0117 0.0053 -0.1465 0.8698 0.2144
-4.2500 0.1316 0.0115 0.0052 -0.1467 0.8662 0.2274
-4.0000 0.1564 0.0114 0.0051 -0.1461 0.8607 0.2400
-3.7500 0.1864 0.0112 0.0050 -0.1465 0.8569 0.2542
-3.5000 0.2187 0.0110 0.0048 -0.1472 0.8537 0.2686
-3.2500 0.2455 0.0109 0.0047 -0.1469 0.8484 0.2822
-3.0000 0.2734 0.0108 0.0046 -0.1468 0.8426 0.2963
-2.7500 0.3048 0.0106 0.0044 -0.1474 0.8384 0.3108
-2.5000 0.3337 0.0105 0.0043 -0.1475 0.8336 0.3256
-2.2500 0.3603 0.0104 0.0043 -0.1471 0.8275 0.3400
-2.0000 0.3907 0.0103 0.0042 -0.1475 0.8229 0.3554
-1.7500 0.4214 0.0102 0.0041 -0.1480 0.8186 0.3719
-1.5000 0.4467 0.0101 0.0041 -0.1473 0.8121 0.3873
-1.2500 0.4762 0.0100 0.0041 -0.1475 0.8067 0.4040
-1.0000 0.5059 0.0100 0.0040 -0.1478 0.8013 0.4213
-0.7500 0.5318 0.0099 0.0040 -0.1472 0.7941 0.4373
-0.5000 0.5618 0.0098 0.0039 -0.1475 0.7884 0.4546
-0.2500 0.5892 0.0098 0.0039 -0.1473 0.7819 0.4712
0.0000 0.6168 0.0097 0.0039 -0.1471 0.7745 0.4887
0.2500 0.6450 0.0097 0.0039 -0.1470 0.7663 0.5061
0.5000 0.6710 0.0096 0.0039 -0.1464 0.7562 0.5243
0.7500 0.6975 0.0096 0.0039 -0.1459 0.7470 0.5424
1.0000 0.7249 0.0096 0.0039 -0.1457 0.7386 0.5613
1.2500 0.7515 0.0096 0.0040 -0.1453 0.7302 0.5789
1.5000 0.7780 0.0096 0.0040 -0.1449 0.7209 0.5977
1.7500 0.8041 0.0096 0.0040 -0.1444 0.7117 0.6169
2.0000 0.8307 0.0096 0.0041 -0.1440 0.7017 0.6378
2.2500 0.8547 0.0097 0.0042 -0.1430 0.6896 0.6602
2.5000 0.8792 0.0097 0.0042 -0.1422 0.6771 0.6847
2.7500 0.9030 0.0097 0.0043 -0.1412 0.6644 0.7130
3.0000 0.9257 0.0097 0.0044 -0.1400 0.6511 0.7473
3.2500 0.9466 0.0097 0.0045 -0.1383 0.6375 0.7976
3.5000 0.9633 0.0096 0.0047 -0.1354 0.6240 0.9183
3.7500 0.9919 0.0097 0.0047 -0.1356 0.6090 1.0000
4.0000 1.0139 0.0099 0.0049 -0.1344 0.5945 1.0000
4.2500 1.0351 0.0102 0.0050 -0.1330 0.5798 1.0000
4.5000 1.0556 0.0104 0.0052 -0.1316 0.5642 1.0000
4.7500 1.0754 0.0107 0.0054 -0.1299 0.5490 1.0000
5.0000 1.0927 0.0110 0.0056 -0.1278 0.5330 1.0000
