-5.0000 -0.3562 0.0113 0.0049 -0.0437 0.9359 0.1996
-4.7500 -0.3283 0.0110 0.0046 -0.0436 0.9281 0.2166
-4.5000 -0.3011 0.0107 0.0044 -0.0433 0.9192 0.2345
-4.2500 -0.2733 0.0104 0.0042 -0.0431 0.9111 0.2532
-4.0000 -0.2469 0.0102 0.0040 -0.0426 0.9017 0.2735
-3.7500 -0.2203 0.0099 0.0038 -0.0422 0.8920 0.2947
-3.5000 -0.1940 0.0097 0.0037 -0.0417 0.8815 0.3187
-3.2500 -0.1676 0.0094 0.0035 -0.0412 0.8709 0.3427
-3.0000 -0.1419 0.0092 0.0033 -0.0406 0.8589 0.3728
-2.7500 -0.1165 0.0089 0.0032 -0.0400 0.8463 0.4125
-2.5000 -0.0911 0.0087 0.0030 -0.0393 0.8336 0.4568
-2.2500 -0.0659 0.0085 0.0029 -0.0386 0.8192 0.4988
-2.0000 -0.0403 0.0083 0.0029 -0.0379 0.8047 0.5370
-1.7500 -0.0145 0.0082 0.0028 -0.0372 0.7897 0.5685
-1.5000 0.0117 0.0081 0.0027 -0.0366 0.7761 0.5980
-1.2500 0.0376 0.0080 0.0027 -0.0360 0.7600 0.6269
-1.0000 0.0635 0.0079 0.0027 -0.0353 0.7438 0.6550
-0.7500 0.0893 0.0079 0.0027 -0.0346 0.7273 0.6828
-0.5000 0.1151 0.0079 0.0027 -0.0339 0.7105 0.7105
-0.2500 0.1407 0.0079 0.0027 -0.0331 0.6926 0.7384
0.0000 0.1664 0.0079 0.0027 -0.0324 0.6740 0.7637
0.2500 0.1921 0.0079 0.0027 -0.0316 0.6560 0.7874
0.5000 0.2177 0.0079 0.0028 -0.0308 0.6388 0.8128
0.7500 0.2432 0.0080 0.0029 -0.0300 0.6226 0.8377
1.0000 0.2689 0.0081 0.0029 -0.0292 0.6076 0.8602
1.2500 0.2948 0.0082 0.0030 -0.0284 0.5924 0.8806
1.5000 0.3210 0.0083 0.0031 -0.0277 0.5775 0.8984
1.7500 0.3477 0.0085 0.0032 -0.0271 0.5630 0.9151
2.0000 0.3752 0.0086 0.0033 -0.0267 0.5485 0.9301
2.2500 0.4051 0.0088 0.0035 -0.0269 0.5340 0.9425
2.5000 0.4364 0.0090 0.0036 -0.0274 0.5188 0.9541
2.7500 0.4718 0.0092 0.0037 -0.0288 0.5039 0.9627
3.0000 0.5114 0.0095 0.0039 -0.0312 0.4897 0.9692
3.2500 0.5541 0.0097 0.0040 -0.0342 0.4765 0.9746
3.5000 0.5903 0.0099 0.0042 -0.0360 0.4626 0.9818
3.7500 0.6319 0.0100 0.0043 -0.0390 0.4465 0.9848
4.0000 0.6724 0.0102 0.0044 -0.0418 0.4305 0.9888
4.2500 0.7120 0.0104 0.0045 -0.0444 0.4157 0.9934
4.5000 0.7512 0.0105 0.0047 -0.0469 0.4022 0.9977
4.7500 0.7841 0.0107 0.0048 -0.0482 0.3897 1.0000
5.0000 0.8045 0.0108 0.0049 -0.0469 0.3771 1.0000
