-5.0000 -0.0879 0.0119 0.0055 -0.1164 0.9044 0.1670
-4.7500 -0.0561 0.0116 0.0052 -0.1172 0.9014 0.1872
-4.5000 -0.0239 0.0113 0.0050 -0.1180 0.8987 0.2103
-4.2500 0.0022 0.0111 0.0049 -0.1176 0.8934 0.2306
-4.0000 0.0291 0.0109 0.0048 -0.1173 0.8875 0.2474
-3.7500 0.0597 0.0107 0.0045 -0.1177 0.8831 0.2653
-3.5000 0.0913 0.0104 0.0043 -0.1183 0.8793 0.2842
-3.2500 0.1183 0.0103 0.0042 -0.1180 0.8737 0.3026
-3.0000 0.1456 0.0101 0.0041 -0.1178 0.8676 0.3205
-2.7500 0.1755 0.0099 0.0040 -0.1181 0.8627 0.3397
-2.5000 0.2065 0.0098 0.0039 -0.1186 0.8587 0.3585
-2.2500 0.2328 0.0097 0.0038 -0.1182 0.8525 0.3756
-2.0000 0.2610 0.0096 0.0037 -0.1181 0.8464 0.3940
-1.7500 0.2910 0.0094 0.0036 -0.1183 0.8411 0.4143
-1.5000 0.3194 0.0093 0.0036 -0.1183 0.8347 0.4347
-1.2500 0.3466 0.0092 0.0035 -0.1180 0.8267 0.4540
-1.0000 0.3765 0.0091 0.0034 -0.1181 0.8200 0.4743
-0.7500 0.4032 0.0090 0.0034 -0.1177 0.8112 0.4940
-0.5000 0.4316 0.0089 0.0033 -0.1176 0.8031 0.5146
-0.2500 0.4600 0.0089 0.0033 -0.1175 0.7955 0.5355
0.0000 0.4870 0.0088 0.0033 -0.1172 0.7865 0.5556
0.2500 0.5167 0.0088 0.0033 -0.1173 0.7792 0.5766
0.5000 0.5423 0.0087 0.0033 -0.1167 0.7692 0.5988
0.7500 0.5707 0.0087 0.0033 -0.1166 0.7607 0.6225
1.0000 0.5968 0.0087 0.0034 -0.1161 0.7502 0.6457
1.2500 0.6243 0.0086 0.0033 -0.1158 0.7396 0.6688
1.5000 0.6497 0.0086 0.0034 -0.1151 0.7258 0.6946
1.7500 0.6751 0.0085 0.0034 -0.1143 0.7117 0.7240
2.0000 0.7001 0.0085 0.0034 -0.1135 0.6983 0.7589
2.2500 0.7236 0.0085 0.0035 -0.1122 0.6845 0.8056
2.5000 0.7436 0.0084 0.0036 -0.1100 0.6705 0.8819
2.7500 0.7819 0.0084 0.0037 -0.1119 0.6549 0.9859
3.0000 0.8099 0.0085 0.0037 -0.1119 0.6367 1.0000
3.2500 0.8331 0.0087 0.0038 -0.1109 0.6174 1.0000
3.5000 0.8564 0.0089 0.0039 -0.1099 0.5985 1.0000
3.7500 0.8795 0.0091 0.0040 -0.1089 0.5811 1.0000
4.0000 0.9024 0.0094 0.0042 -0.1079 0.5623 1.0000
4.2500 0.9243 0.0096 0.0043 -0.1066 0.5425 1.0000
4.5000 0.9460 0.0099 0.0045 -0.1054 0.5221 1.0000
4.7500 0.9677 0.0102 0.0047 -0.1041 0.5023 1.0000
5.0000 0.9895 0.0105 0.0049 -0.1029 0.4839 1.0000
