-5.0000 -0.5935 0.0298 0.0210 -0.0087 0.8756 0.4214
-4.7500 -0.5474 0.0295 0.0210 -0.0118 0.8695 0.4334
-4.5000 -0.4961 0.0291 0.0206 -0.0158 0.8658 0.4474
-4.2500 -0.4908 0.0290 0.0204 -0.0120 0.8507 0.4574
-4.0000 -0.4405 0.0286 0.0201 -0.0156 0.8462 0.4711
-3.7500 -0.3899 0.0281 0.0197 -0.0193 0.8422 0.4857
-3.5000 -0.3802 0.0280 0.0196 -0.0161 0.8274 0.4959
-3.2500 -0.3324 0.0274 0.0190 -0.0191 0.8234 0.5102
-3.0000 -0.3035 0.0272 0.0189 -0.0189 0.8143 0.5226
-2.7500 -0.2746 0.0270 0.0188 -0.0187 0.8052 0.5350
-2.5000 -0.2280 0.0265 0.0183 -0.0212 0.8012 0.5498
-2.2500 -0.2134 0.0265 0.0183 -0.0188 0.7880 0.5616
-2.0000 -0.1718 0.0258 0.0177 -0.0204 0.7825 0.5767
-1.7500 -0.1468 0.0258 0.0177 -0.0195 0.7721 0.5890
-1.5000 -0.1117 0.0254 0.0174 -0.0200 0.7640 0.6030
-1.2500 -0.0667 0.0248 0.0168 -0.0220 0.7594 0.6190
-1.0000 -0.0542 0.0250 0.0171 -0.0191 0.7456 0.6321
-0.7500 -0.0120 0.0245 0.0166 -0.0206 0.7397 0.6477
-0.5000 0.0050 0.0246 0.0168 -0.0185 0.7275 0.6616
-0.2500 0.0433 0.0242 0.0164 -0.0194 0.7200 0.6768
0.0000 0.0644 0.0243 0.0164 -0.0177 0.7086 0.6918
0.2500 0.1020 0.0240 0.0163 -0.0184 0.7002 0.7064
0.5000 0.1269 0.0242 0.0164 -0.0172 0.6892 0.7202
0.7500 0.1629 0.0240 0.0163 -0.0177 0.6806 0.7350
1.0000 0.1855 0.0242 0.0165 -0.0162 0.6696 0.7496
1.2500 0.2213 0.0240 0.0163 -0.0167 0.6613 0.7646
1.5000 0.2409 0.0243 0.0166 -0.0148 0.6500 0.7796
1.7500 0.2848 0.0243 0.0166 -0.0164 0.6418 0.7921
2.0000 0.3081 0.0247 0.0170 -0.0150 0.6297 0.8052
2.2500 0.3396 0.0249 0.0172 -0.0149 0.6197 0.8191
2.5000 0.3733 0.0250 0.0172 -0.0150 0.6101 0.8338
2.7500 0.4127 0.0255 0.0177 -0.0163 0.5979 0.8429
3.0000 0.4434 0.0257 0.0179 -0.0163 0.5867 0.8559
3.2500 0.4869 0.0260 0.0181 -0.0184 0.5752 0.8656
3.5000 0.5283 0.0261 0.0181 -0.0203 0.5648 0.8764
3.7500 0.5758 0.0265 0.0184 -0.0235 0.5533 0.8851
4.0000 0.6106 0.0268 0.0188 -0.0248 0.5416 0.8967
4.2500 0.6605 0.0271 0.0191 -0.0287 0.5286 0.9050
4.5000 0.6970 0.0273 0.0192 -0.0303 0.5168 0.9169
4.7500 0.7495 0.0274 0.0192 -0.0347 0.5048 0.9251
5.0000 0.7832 0.0277 0.0194 -0.0361 0.4927 0.9369
