-5.0000 -0.2190 0.0176 0.0097 -0.0902 0.9529 0.0768
-4.7500 -0.1936 0.0173 0.0095 -0.0900 0.9453 0.0887
-4.5000 -0.1560 0.0170 0.0092 -0.0921 0.9413 0.1037
-4.2500 -0.1154 0.0167 0.0089 -0.0948 0.9385 0.1214
-4.0000 -0.0738 0.0163 0.0086 -0.0978 0.9365 0.1433
-3.7500 -0.0531 0.0162 0.0086 -0.0966 0.9275 0.1632
-3.5000 -0.0156 0.0159 0.0084 -0.0986 0.9238 0.1930
-3.2500 0.0249 0.0156 0.0082 -0.1013 0.9212 0.2326
-3.0000 0.0669 0.0152 0.0081 -0.1043 0.9193 0.2854
-2.7500 0.0887 0.0151 0.0081 -0.1031 0.9102 0.3168
-2.5000 0.1250 0.0148 0.0079 -0.1048 0.9063 0.3531
-2.2500 0.1631 0.0144 0.0076 -0.1066 0.9033 0.3919
-2.0000 0.2022 0.0140 0.0073 -0.1086 0.9009 0.4314
-1.7500 0.2236 0.0139 0.0073 -0.1072 0.8906 0.4651
-1.5000 0.2579 0.0135 0.0071 -0.1081 0.8864 0.5087
-1.2500 0.2931 0.0131 0.0069 -0.1092 0.8833 0.5557
-1.0000 0.3159 0.0130 0.0069 -0.1080 0.8744 0.6017
-0.7500 0.3459 0.0126 0.0067 -0.1080 0.8687 0.6591
-0.5000 0.3770 0.0120 0.0065 -0.1078 0.8647 0.7312
-0.2500 0.3957 0.0118 0.0065 -0.1051 0.8548 0.8239
0.0000 0.4480 0.0113 0.0062 -0.1090 0.8500 0.9869
0.2500 0.4832 0.0111 0.0059 -0.1103 0.8435 1.0000
0.5000 0.5085 0.0111 0.0058 -0.1096 0.8334 1.0000
0.7500 0.5417 0.0110 0.0056 -0.1103 0.8277 1.0000
1.0000 0.5654 0.0111 0.0056 -0.1094 0.8165 1.0000
1.2500 0.5979 0.0109 0.0054 -0.1099 0.8093 1.0000
1.5000 0.6217 0.0110 0.0054 -0.1089 0.7966 1.0000
1.7500 0.6503 0.0109 0.0053 -0.1087 0.7859 1.0000
2.0000 0.6780 0.0109 0.0052 -0.1083 0.7740 1.0000
2.2500 0.7042 0.0109 0.0052 -0.1077 0.7614 1.0000
2.5000 0.7334 0.0109 0.0051 -0.1076 0.7507 1.0000
2.7500 0.7589 0.0110 0.0052 -0.1069 0.7372 1.0000
3.0000 0.7849 0.0111 0.0052 -0.1063 0.7229 1.0000
3.2500 0.8113 0.0111 0.0053 -0.1057 0.7084 1.0000
3.5000 0.8376 0.0112 0.0053 -0.1051 0.6937 1.0000
3.7500 0.8631 0.0113 0.0054 -0.1044 0.6779 1.0000
4.0000 0.8885 0.0115 0.0055 -0.1037 0.6618 1.0000
4.2500 0.9137 0.0116 0.0056 -0.1029 0.6450 1.0000
4.5000 0.9383 0.0118 0.0057 -0.1021 0.6269 1.0000
4.7500 0.9627 0.0120 0.0059 -0.1012 0.6080 1.0000
5.0000 0.9859 0.0122 0.0060 -0.1001 0.5867 1.0000
