-5.0000 -0.2065 0.0177 0.0099 -0.0928 0.9386 0.1120
-4.7500 -0.1656 0.0174 0.0096 -0.0955 0.9366 0.1281
-4.5000 -0.1467 0.0172 0.0095 -0.0940 0.9277 0.1404
-4.2500 -0.1099 0.0169 0.0093 -0.0959 0.9241 0.1601
-4.0000 -0.0694 0.0166 0.0091 -0.0986 0.9214 0.1921
-3.7500 -0.0267 0.0163 0.0089 -0.1017 0.9195 0.2284
-3.5000 -0.0056 0.0162 0.0089 -0.1005 0.9103 0.2529
-3.2500 0.0318 0.0158 0.0087 -0.1024 0.9066 0.2824
-3.0000 0.0707 0.0155 0.0084 -0.1045 0.9039 0.3129
-2.7500 0.1098 0.0151 0.0081 -0.1065 0.9017 0.3441
-2.5000 0.1325 0.0150 0.0081 -0.1055 0.8930 0.3695
-2.2500 0.1664 0.0146 0.0078 -0.1065 0.8882 0.3996
-2.0000 0.2031 0.0143 0.0075 -0.1079 0.8850 0.4326
-1.7500 0.2333 0.0140 0.0074 -0.1081 0.8791 0.4648
-1.5000 0.2609 0.0137 0.0072 -0.1077 0.8713 0.4994
-1.2500 0.2951 0.0133 0.0069 -0.1085 0.8670 0.5401
-1.0000 0.3234 0.0131 0.0068 -0.1082 0.8602 0.5790
-0.7500 0.3503 0.0128 0.0067 -0.1077 0.8525 0.6204
-0.5000 0.3817 0.0123 0.0065 -0.1078 0.8477 0.6734
-0.2500 0.4045 0.0121 0.0065 -0.1062 0.8387 0.7317
0.0000 0.4297 0.0117 0.0063 -0.1047 0.8317 0.8068
0.2500 0.4630 0.0114 0.0062 -0.1046 0.8260 0.9106
0.5000 0.5151 0.0113 0.0060 -0.1095 0.8176 1.0000
0.7500 0.5471 0.0111 0.0058 -0.1100 0.8107 1.0000
1.0000 0.5708 0.0112 0.0057 -0.1091 0.7990 1.0000
1.2500 0.6002 0.0111 0.0056 -0.1091 0.7898 1.0000
1.5000 0.6273 0.0111 0.0055 -0.1087 0.7792 1.0000
1.7500 0.6539 0.0111 0.0055 -0.1083 0.7688 1.0000
2.0000 0.6835 0.0111 0.0054 -0.1083 0.7596 1.0000
2.2500 0.7083 0.0112 0.0054 -0.1075 0.7466 1.0000
2.5000 0.7348 0.0112 0.0054 -0.1070 0.7341 1.0000
2.7500 0.7621 0.0113 0.0054 -0.1066 0.7217 1.0000
3.0000 0.7892 0.0114 0.0054 -0.1061 0.7087 1.0000
3.2500 0.8146 0.0115 0.0055 -0.1055 0.6950 1.0000
3.5000 0.8400 0.0116 0.0056 -0.1048 0.6808 1.0000
3.7500 0.8657 0.0117 0.0057 -0.1041 0.6665 1.0000
4.0000 0.8910 0.0118 0.0058 -0.1034 0.6511 1.0000
4.2500 0.9160 0.0120 0.0059 -0.1026 0.6351 1.0000
4.5000 0.9409 0.0122 0.0060 -0.1018 0.6185 1.0000
4.7500 0.9646 0.0124 0.0061 -0.1008 0.6000 1.0000
5.0000 0.9879 0.0126 0.0063 -0.0998 0.5811 1.0000
