-5.0000 -0.4258 0.0126 0.0060 -0.0260 0.7712 0.3585
-4.7500 -0.4031 0.0125 0.0059 -0.0249 0.7589 0.3670
-4.5000 -0.3800 0.0123 0.0057 -0.0239 0.7466 0.3757
-4.2500 -0.3568 0.0122 0.0055 -0.0230 0.7347 0.3851
-4.0000 -0.3337 0.0121 0.0054 -0.0220 0.7225 0.3934
-3.7500 -0.3102 0.0120 0.0053 -0.0211 0.7107 0.4021
-3.5000 -0.2864 0.0120 0.0052 -0.0202 0.6990 0.4114
-3.2500 -0.2625 0.0119 0.0051 -0.0194 0.6871 0.4208
-3.0000 -0.2388 0.0118 0.0050 -0.0185 0.6756 0.4305
-2.7500 -0.2150 0.0117 0.0049 -0.0176 0.6640 0.4403
-2.5000 -0.1914 0.0117 0.0049 -0.0167 0.6527 0.4506
-2.2500 -0.1676 0.0116 0.0048 -0.0158 0.6409 0.4608
-2.0000 -0.1434 0.0116 0.0048 -0.0150 0.6300 0.4711
-1.7500 -0.1192 0.0115 0.0047 -0.0142 0.6194 0.4819
-1.5000 -0.0949 0.0115 0.0047 -0.0134 0.6089 0.4923
-1.2500 -0.0705 0.0115 0.0047 -0.0127 0.5988 0.5025
-1.0000 -0.0458 0.0115 0.0046 -0.0120 0.5892 0.5128
-0.7500 -0.0212 0.0115 0.0046 -0.0112 0.5797 0.5229
-0.5000 0.0034 0.0115 0.0046 -0.0105 0.5697 0.5336
-0.2500 0.0278 0.0115 0.0046 -0.0097 0.5594 0.5437
0.0000 0.0521 0.0115 0.0046 -0.0090 0.5489 0.5537
0.2500 0.0766 0.0115 0.0046 -0.0082 0.5388 0.5641
0.5000 0.1010 0.0115 0.0047 -0.0074 0.5296 0.5749
0.7500 0.1255 0.0115 0.0047 -0.0067 0.5202 0.5861
1.0000 0.1499 0.0115 0.0047 -0.0059 0.5110 0.5980
1.2500 0.1742 0.0115 0.0048 -0.0051 0.5026 0.6106
1.5000 0.1985 0.0116 0.0048 -0.0043 0.4944 0.6227
1.7500 0.2229 0.0116 0.0049 -0.0036 0.4856 0.6347
2.0000 0.2472 0.0117 0.0049 -0.0028 0.4770 0.6466
2.2500 0.2713 0.0117 0.0050 -0.0020 0.4686 0.6590
2.5000 0.2953 0.0118 0.0050 -0.0012 0.4605 0.6710
2.7500 0.3198 0.0118 0.0051 -0.0004 0.4521 0.6827
3.0000 0.3438 0.0119 0.0052 0.0004 0.4440 0.6949
3.2500 0.3672 0.0120 0.0053 0.0013 0.4358 0.7070
3.5000 0.3910 0.0121 0.0054 0.0022 0.4275 0.7196
3.7500 0.4145 0.0122 0.0055 0.0031 0.4202 0.7326
4.0000 0.4380 0.0123 0.0057 0.0040 0.4126 0.7456
4.2500 0.4615 0.0123 0.0058 0.0049 0.4053 0.7588
4.5000 0.4842 0.0125 0.0059 0.0059 0.3987 0.7721
4.7500 0.5071 0.0126 0.0061 0.0069 0.3909 0.7856
5.0000 0.5293 0.0127 0.0063 0.0081 0.3836 0.7988
