-5.0000 -0.0478 0.0119 0.0048 -0.0887 0.8412 0.0394
-4.7500 -0.0204 0.0117 0.0046 -0.0883 0.8308 0.0415
-4.5000 0.0066 0.0115 0.0044 -0.0879 0.8187 0.0439
-4.2500 0.0338 0.0114 0.0042 -0.0876 0.8071 0.0468
-4.0000 0.0612 0.0112 0.0040 -0.0872 0.7954 0.0499
-3.7500 0.0880 0.0111 0.0039 -0.0868 0.7820 0.0543
-3.5000 0.1150 0.0110 0.0038 -0.0864 0.7685 0.0607
-3.2500 0.1419 0.0109 0.0037 -0.0860 0.7538 0.0658
-3.0000 0.1687 0.0108 0.0035 -0.0856 0.7391 0.0709
-2.7500 0.1955 0.0107 0.0034 -0.0852 0.7243 0.0772
-2.5000 0.2223 0.0107 0.0033 -0.0848 0.7090 0.0849
-2.2500 0.2489 0.0107 0.0032 -0.0844 0.6932 0.0931
-2.0000 0.2756 0.0106 0.0032 -0.0840 0.6764 0.1018
-1.7500 0.3021 0.0106 0.0031 -0.0835 0.6594 0.1112
-1.5000 0.3284 0.0106 0.0031 -0.0831 0.6418 0.1215
-1.2500 0.3545 0.0106 0.0031 -0.0826 0.6231 0.1339
-1.0000 0.3804 0.0106 0.0031 -0.0821 0.6029 0.1553
-0.7500 0.4059 0.0106 0.0031 -0.0816 0.5827 0.1799
-0.5000 0.4312 0.0106 0.0031 -0.0811 0.5619 0.2032
-0.2500 0.4540 0.0101 0.0030 -0.0804 0.5415 0.3438
0.0000 0.4718 0.0093 0.0031 -0.0787 0.5224 0.6535
0.2500 0.4910 0.0091 0.0032 -0.0765 0.5020 0.7897
0.5000 0.5112 0.0091 0.0034 -0.0742 0.4820 0.8905
0.7500 0.5456 0.0093 0.0035 -0.0751 0.4606 0.9532
1.0000 0.5930 0.0096 0.0037 -0.0791 0.4389 0.9838
1.2500 0.6440 0.0099 0.0038 -0.0841 0.4208 0.9969
1.5000 0.6697 0.0101 0.0039 -0.0838 0.4092 0.9985
1.7500 0.6954 0.0103 0.0040 -0.0835 0.3976 1.0000
2.0000 0.7160 0.0106 0.0041 -0.0821 0.3888 1.0000
2.2500 0.7384 0.0107 0.0042 -0.0810 0.3817 1.0000
2.5000 0.7606 0.0109 0.0043 -0.0799 0.3754 1.0000
2.7500 0.7824 0.0112 0.0045 -0.0787 0.3697 1.0000
3.0000 0.8062 0.0113 0.0046 -0.0779 0.3651 1.0000
3.2500 0.8302 0.0115 0.0047 -0.0772 0.3605 1.0000
3.5000 0.8540 0.0117 0.0049 -0.0764 0.3564 1.0000
3.7500 0.8777 0.0120 0.0051 -0.0757 0.3525 1.0000
4.0000 0.9024 0.0122 0.0053 -0.0751 0.3491 1.0000
4.2500 0.9275 0.0124 0.0055 -0.0746 0.3458 1.0000
4.5000 0.9525 0.0126 0.0056 -0.0741 0.3424 1.0000
4.7500 0.9772 0.0128 0.0059 -0.0736 0.3392 1.0000
5.0000 1.0019 0.0131 0.0061 -0.0731 0.3359 1.0000
