-5.0000 -0.1674 0.0309 0.0215 -0.0795 0.8379 0.2030
-4.7500 -0.1450 0.0304 0.0211 -0.0784 0.8266 0.2110
-4.5000 -0.0976 0.0292 0.0199 -0.0814 0.8226 0.2235
-4.2500 -0.0645 0.0284 0.0191 -0.0819 0.8145 0.2352
-4.0000 -0.0314 0.0277 0.0183 -0.0823 0.8065 0.2469
-3.7500 0.0163 0.0264 0.0170 -0.0851 0.8029 0.2622
-3.5000 0.0356 0.0260 0.0167 -0.0833 0.7896 0.2741
-3.2500 0.0807 0.0247 0.0155 -0.0855 0.7848 0.2932
-3.0000 0.1027 0.0242 0.0151 -0.0841 0.7723 0.3099
-2.7500 0.1429 0.0230 0.0142 -0.0855 0.7655 0.3370
-2.5000 0.1668 0.0225 0.0138 -0.0844 0.7538 0.3666
-2.2500 0.2001 0.0215 0.0132 -0.0846 0.7452 0.4249
-2.0000 0.2198 0.0208 0.0132 -0.0823 0.7332 0.5341
-1.7500 0.2480 0.0202 0.0129 -0.0806 0.7243 0.6570
-1.5000 0.2677 0.0201 0.0131 -0.0776 0.7114 0.7231
-1.2500 0.3021 0.0199 0.0128 -0.0768 0.7030 0.7769
-1.0000 0.3238 0.0201 0.0130 -0.0743 0.6896 0.8146
-0.7500 0.3530 0.0202 0.0131 -0.0731 0.6784 0.8501
-0.5000 0.3947 0.0203 0.0130 -0.0739 0.6679 0.8794
-0.2500 0.4278 0.0206 0.0133 -0.0739 0.6544 0.9068
0.0000 0.4795 0.0209 0.0134 -0.0775 0.6415 0.9262
0.2500 0.5432 0.0211 0.0132 -0.0834 0.6304 0.9424
0.5000 0.6041 0.0214 0.0135 -0.0896 0.6162 0.9594
0.7500 0.6700 0.0216 0.0135 -0.0970 0.6038 0.9763
1.0000 0.7401 0.0216 0.0132 -0.1052 0.5926 0.9922
1.2500 0.7772 0.0218 0.0134 -0.1081 0.5815 1.0000
1.5000 0.7948 0.0218 0.0133 -0.1070 0.5741 1.0000
1.7500 0.8079 0.0221 0.0135 -0.1051 0.5670 1.0000
2.0000 0.8177 0.0224 0.0138 -0.1026 0.5595 1.0000
2.2500 0.8368 0.0226 0.0138 -0.1015 0.5535 1.0000
2.5000 0.8500 0.0229 0.0142 -0.0993 0.5473 1.0000
2.7500 0.8586 0.0234 0.0146 -0.0964 0.5402 1.0000
3.0000 0.8786 0.0236 0.0148 -0.0951 0.5344 1.0000
3.2500 0.8998 0.0240 0.0150 -0.0942 0.5292 1.0000
3.5000 0.9048 0.0246 0.0158 -0.0905 0.5226 1.0000
3.7500 0.9218 0.0251 0.0161 -0.0887 0.5169 1.0000
4.0000 0.9496 0.0254 0.0163 -0.0888 0.5123 1.0000
4.2500 0.9610 0.0261 0.0170 -0.0862 0.5071 1.0000
4.5000 0.9698 0.0268 0.0178 -0.0832 0.5013 1.0000
4.7500 0.9909 0.0272 0.0182 -0.0821 0.4961 1.0000
5.0000 1.0242 0.0275 0.0183 -0.0830 0.4917 1.0000
