-5.0000 -0.4983 0.0129 0.0064 -0.0192 0.9512 0.3235
-4.7500 -0.4568 0.0125 0.0061 -0.0221 0.9482 0.3427
-4.5000 -0.4301 0.0123 0.0059 -0.0217 0.9390 0.3599
-4.2500 -0.3957 0.0119 0.0057 -0.0229 0.9331 0.3799
-4.0000 -0.3602 0.0116 0.0054 -0.0244 0.9286 0.4003
-3.7500 -0.3337 0.0114 0.0053 -0.0239 0.9190 0.4195
-3.5000 -0.3022 0.0111 0.0050 -0.0243 0.9119 0.4375
-3.2500 -0.2759 0.0108 0.0048 -0.0237 0.9008 0.4551
-3.0000 -0.2490 0.0106 0.0046 -0.0231 0.8899 0.4729
-2.7500 -0.2222 0.0104 0.0044 -0.0226 0.8789 0.4908
-2.5000 -0.1951 0.0102 0.0043 -0.0221 0.8680 0.5093
-2.2500 -0.1689 0.0100 0.0042 -0.0214 0.8558 0.5273
-2.0000 -0.1427 0.0099 0.0041 -0.0207 0.8430 0.5465
-1.7500 -0.1164 0.0098 0.0039 -0.0201 0.8298 0.5656
-1.5000 -0.0904 0.0097 0.0039 -0.0194 0.8153 0.5847
-1.2500 -0.0641 0.0096 0.0038 -0.0188 0.8015 0.6029
-1.0000 -0.0379 0.0095 0.0037 -0.0181 0.7873 0.6232
-0.7500 -0.0118 0.0094 0.0037 -0.0174 0.7726 0.6434
-0.5000 0.0141 0.0094 0.0037 -0.0167 0.7565 0.6637
-0.2500 0.0398 0.0093 0.0036 -0.0159 0.7391 0.6825
0.0000 0.0658 0.0093 0.0036 -0.0152 0.7228 0.7018
0.2500 0.0917 0.0093 0.0036 -0.0145 0.7065 0.7211
0.5000 0.1176 0.0093 0.0037 -0.0138 0.6903 0.7407
0.7500 0.1434 0.0093 0.0037 -0.0130 0.6742 0.7611
1.0000 0.1692 0.0094 0.0037 -0.0122 0.6577 0.7802
1.2500 0.1948 0.0094 0.0038 -0.0114 0.6398 0.7990
1.5000 0.2203 0.0095 0.0039 -0.0105 0.6220 0.8182
1.7500 0.2458 0.0096 0.0039 -0.0096 0.6044 0.8373
2.0000 0.2717 0.0097 0.0040 -0.0089 0.5868 0.8541
2.2500 0.2977 0.0098 0.0042 -0.0081 0.5700 0.8703
2.5000 0.3237 0.0100 0.0043 -0.0073 0.5530 0.8860
2.7500 0.3493 0.0102 0.0044 -0.0065 0.5364 0.9011
3.0000 0.3771 0.0104 0.0046 -0.0061 0.5186 0.9142
3.2500 0.4065 0.0106 0.0048 -0.0061 0.5007 0.9252
3.5000 0.4335 0.0109 0.0049 -0.0056 0.4842 0.9376
3.7500 0.4705 0.0112 0.0052 -0.0073 0.4659 0.9436
4.0000 0.5043 0.0114 0.0054 -0.0084 0.4483 0.9523
4.2500 0.5413 0.0117 0.0056 -0.0102 0.4296 0.9591
4.5000 0.5842 0.0120 0.0058 -0.0134 0.4084 0.9631
4.7500 0.6230 0.0123 0.0060 -0.0157 0.3879 0.9686
5.0000 0.6566 0.0126 0.0062 -0.0170 0.3686 0.9762
