-5.0000 -0.5123 0.0158 0.0077 -0.0116 0.9940 0.1082
-4.7500 -0.4692 0.0155 0.0075 -0.0151 0.9896 0.1252
-4.5000 -0.4302 0.0151 0.0072 -0.0176 0.9829 0.1446
-4.2500 -0.3885 0.0148 0.0070 -0.0208 0.9771 0.1693
-4.0000 -0.3454 0.0144 0.0069 -0.0243 0.9723 0.2075
-3.7500 -0.3091 0.0139 0.0066 -0.0263 0.9639 0.2564
-3.5000 -0.2664 0.0132 0.0063 -0.0297 0.9591 0.3239
-3.2500 -0.2333 0.0126 0.0061 -0.0310 0.9505 0.4057
-3.0000 -0.1942 0.0120 0.0059 -0.0333 0.9450 0.5001
-2.7500 -0.1606 0.0116 0.0058 -0.0342 0.9376 0.5736
-2.5000 -0.1267 0.0113 0.0057 -0.0349 0.9299 0.6306
-2.2500 -0.0947 0.0110 0.0056 -0.0350 0.9207 0.6734
-2.0000 -0.0627 0.0107 0.0054 -0.0352 0.9116 0.7162
-1.7500 -0.0349 0.0105 0.0053 -0.0344 0.8999 0.7529
-1.5000 -0.0037 0.0103 0.0052 -0.0341 0.8913 0.7874
-1.2500 0.0214 0.0102 0.0051 -0.0326 0.8774 0.8194
-1.0000 0.0479 0.0102 0.0051 -0.0314 0.8639 0.8482
-0.7500 0.0758 0.0101 0.0051 -0.0303 0.8501 0.8742
-0.5000 0.1055 0.0101 0.0050 -0.0296 0.8351 0.8960
-0.2500 0.1363 0.0102 0.0050 -0.0293 0.8178 0.9156
0.0000 0.1710 0.0103 0.0050 -0.0299 0.8003 0.9312
0.2500 0.2089 0.0104 0.0050 -0.0312 0.7815 0.9451
0.5000 0.2520 0.0105 0.0050 -0.0338 0.7615 0.9587
0.7500 0.2985 0.0106 0.0051 -0.0371 0.7395 0.9721
1.0000 0.3501 0.0107 0.0050 -0.0417 0.7149 0.9811
1.2500 0.3943 0.0108 0.0049 -0.0449 0.6881 0.9909
1.5000 0.4408 0.0109 0.0048 -0.0489 0.6617 0.9989
1.7500 0.4668 0.0109 0.0048 -0.0488 0.6391 1.0000
2.0000 0.4895 0.0110 0.0047 -0.0480 0.6177 1.0000
2.2500 0.5121 0.0111 0.0047 -0.0472 0.5965 1.0000
2.5000 0.5345 0.0112 0.0047 -0.0463 0.5763 1.0000
2.7500 0.5569 0.0113 0.0047 -0.0454 0.5573 1.0000
3.0000 0.5794 0.0115 0.0048 -0.0444 0.5404 1.0000
3.2500 0.6019 0.0117 0.0049 -0.0435 0.5252 1.0000
3.5000 0.6242 0.0118 0.0050 -0.0425 0.5096 1.0000
3.7500 0.6465 0.0120 0.0052 -0.0414 0.4941 1.0000
4.0000 0.6685 0.0122 0.0053 -0.0403 0.4779 1.0000
4.2500 0.6906 0.0124 0.0054 -0.0392 0.4628 1.0000
4.5000 0.7127 0.0127 0.0056 -0.0381 0.4489 1.0000
4.7500 0.7349 0.0129 0.0058 -0.0370 0.4355 1.0000
5.0000 0.7571 0.0131 0.0060 -0.0359 0.4212 1.0000
