-5.0000 -0.3998 0.0279 0.0189 -0.0725 1.0000 0.1285
-4.7500 -0.3742 0.0273 0.0182 -0.0726 1.0000 0.1391
-4.5000 -0.3489 0.0268 0.0177 -0.0728 1.0000 0.1524
-4.2500 -0.3237 0.0265 0.0174 -0.0729 1.0000 0.1681
-4.0000 -0.2983 0.0262 0.0171 -0.0731 1.0000 0.1865
-3.7500 -0.2738 0.0261 0.0171 -0.0733 1.0000 0.2054
-3.5000 -0.2490 0.0260 0.0171 -0.0734 1.0000 0.2280
-3.2500 -0.2243 0.0260 0.0172 -0.0736 1.0000 0.2493
-3.0000 -0.1941 0.0261 0.0174 -0.0747 0.9985 0.2756
-2.7500 -0.1640 0.0262 0.0175 -0.0758 0.9970 0.3018
-2.5000 -0.1154 0.0267 0.0181 -0.0803 0.9909 0.3390
-2.2500 -0.0744 0.0270 0.0186 -0.0833 0.9832 0.3755
-2.0000 -0.0314 0.0274 0.0191 -0.0866 0.9765 0.4129
-1.7500 0.0096 0.0278 0.0196 -0.0895 0.9696 0.4498
-1.5000 0.0438 0.0280 0.0200 -0.0911 0.9613 0.4834
-1.2500 0.0907 0.0286 0.0207 -0.0948 0.9561 0.5224
-1.0000 0.1162 0.0287 0.0209 -0.0947 0.9451 0.5526
-0.7500 0.1636 0.0291 0.0214 -0.0983 0.9392 0.5910
-0.5000 0.1875 0.0292 0.0216 -0.0977 0.9277 0.6208
-0.2500 0.2208 0.0294 0.0218 -0.0988 0.9193 0.6544
0.0000 0.2542 0.0295 0.0220 -0.0998 0.9109 0.6881
0.2500 0.2965 0.0295 0.0222 -0.1022 0.9052 0.7284
0.5000 0.3183 0.0295 0.0223 -0.1009 0.8936 0.7649
0.7500 0.3586 0.0292 0.0222 -0.1024 0.8877 0.8144
1.0000 0.3727 0.0288 0.0220 -0.0991 0.8750 0.8861
1.2500 0.4145 0.0287 0.0219 -0.1021 0.8657 0.9430
1.5000 0.4564 0.0287 0.0217 -0.1052 0.8564 1.0000
1.7500 0.4884 0.0289 0.0218 -0.1064 0.8458 1.0000
2.0000 0.5347 0.0287 0.0216 -0.1095 0.8396 1.0000
2.2500 0.5683 0.0286 0.0215 -0.1103 0.8289 1.0000
2.5000 0.6019 0.0285 0.0213 -0.1111 0.8181 1.0000
2.7500 0.6457 0.0279 0.0208 -0.1132 0.8108 1.0000
3.0000 0.6766 0.0277 0.0205 -0.1134 0.7992 1.0000
3.2500 0.7214 0.0269 0.0198 -0.1153 0.7930 1.0000
3.5000 0.7572 0.0263 0.0192 -0.1158 0.7831 1.0000
3.7500 0.7995 0.0253 0.0182 -0.1170 0.7754 1.0000
4.0000 0.8419 0.0242 0.0172 -0.1182 0.7677 1.0000
4.2500 0.8747 0.0235 0.0166 -0.1180 0.7554 1.0000
4.5000 0.9114 0.0227 0.0158 -0.1184 0.7431 1.0000
4.7500 0.9516 0.0217 0.0149 -0.1191 0.7297 1.0000
5.0000 0.9897 0.0207 0.0140 -0.1195 0.7134 1.0000
