-5.0000 -0.5468 0.0160 0.0088 -0.0162 0.9745 0.3032
-4.7500 -0.5047 0.0158 0.0087 -0.0194 0.9713 0.3269
-4.5000 -0.4756 0.0156 0.0085 -0.0198 0.9636 0.3477
-4.2500 -0.4365 0.0154 0.0083 -0.0222 0.9580 0.3718
-4.0000 -0.3920 0.0152 0.0082 -0.0256 0.9542 0.3972
-3.7500 -0.3620 0.0149 0.0081 -0.0261 0.9455 0.4187
-3.5000 -0.3229 0.0147 0.0079 -0.0283 0.9403 0.4429
-3.2500 -0.2803 0.0145 0.0078 -0.0312 0.9371 0.4689
-3.0000 -0.2505 0.0143 0.0077 -0.0315 0.9286 0.4907
-2.7500 -0.2103 0.0140 0.0075 -0.0337 0.9234 0.5140
-2.5000 -0.1675 0.0137 0.0073 -0.0364 0.9200 0.5377
-2.2500 -0.1392 0.0135 0.0072 -0.0362 0.9105 0.5584
-2.0000 -0.1018 0.0132 0.0069 -0.0377 0.9050 0.5808
-1.7500 -0.0699 0.0129 0.0067 -0.0380 0.8970 0.6014
-1.5000 -0.0375 0.0127 0.0066 -0.0383 0.8892 0.6229
-1.2500 -0.0065 0.0124 0.0064 -0.0384 0.8811 0.6438
-1.0000 0.0235 0.0121 0.0062 -0.0381 0.8711 0.6639
-0.7500 0.0512 0.0119 0.0060 -0.0375 0.8595 0.6836
-0.5000 0.0826 0.0117 0.0058 -0.0374 0.8499 0.7042
-0.2500 0.1080 0.0115 0.0057 -0.0364 0.8359 0.7236
0.0000 0.1358 0.0113 0.0056 -0.0357 0.8236 0.7438
0.2500 0.1643 0.0112 0.0055 -0.0350 0.8110 0.7647
0.5000 0.1897 0.0111 0.0054 -0.0339 0.7946 0.7847
0.7500 0.2160 0.0110 0.0054 -0.0329 0.7780 0.8047
1.0000 0.2422 0.0109 0.0053 -0.0318 0.7608 0.8250
1.2500 0.2683 0.0109 0.0054 -0.0307 0.7434 0.8451
1.5000 0.2944 0.0110 0.0054 -0.0296 0.7251 0.8656
1.7500 0.3208 0.0111 0.0054 -0.0286 0.7052 0.8847
2.0000 0.3488 0.0112 0.0055 -0.0280 0.6853 0.9023
2.2500 0.3789 0.0113 0.0055 -0.0278 0.6644 0.9184
2.5000 0.4130 0.0115 0.0056 -0.0285 0.6430 0.9323
2.7500 0.4497 0.0117 0.0058 -0.0299 0.6193 0.9454
3.0000 0.4882 0.0120 0.0059 -0.0318 0.5962 0.9577
3.2500 0.5333 0.0122 0.0060 -0.0352 0.5724 0.9654
3.5000 0.5758 0.0125 0.0062 -0.0381 0.5463 0.9748
3.7500 0.6204 0.0127 0.0063 -0.0416 0.5210 0.9833
4.0000 0.6632 0.0129 0.0064 -0.0449 0.4958 0.9915
4.2500 0.7086 0.0131 0.0065 -0.0487 0.4688 0.9989
4.5000 0.7295 0.0133 0.0066 -0.0478 0.4486 1.0000
4.7500 0.7457 0.0135 0.0067 -0.0459 0.4300 1.0000
5.0000 0.7615 0.0137 0.0068 -0.0438 0.4104 1.0000
