-5.0000 -0.4097 0.0534 0.0450 -0.0899 0.8315 0.3014
-4.7500 -0.3710 0.0534 0.0451 -0.0920 0.8264 0.3084
-4.5000 -0.3173 0.0534 0.0448 -0.0967 0.8233 0.3193
-4.2500 -0.3179 0.0533 0.0449 -0.0928 0.8098 0.3225
-4.0000 -0.2706 0.0533 0.0449 -0.0958 0.8054 0.3316
-3.7500 -0.2481 0.0534 0.0450 -0.0955 0.7972 0.3382
-3.5000 -0.2256 0.0535 0.0451 -0.0952 0.7890 0.3449
-3.2500 -0.1796 0.0534 0.0449 -0.0982 0.7858 0.3542
-3.0000 -0.1757 0.0539 0.0454 -0.0954 0.7742 0.3595
-2.7500 -0.1357 0.0537 0.0452 -0.0976 0.7694 0.3688
-2.5000 -0.0879 0.0535 0.0449 -0.1007 0.7665 0.3798
-2.2500 -0.0904 0.0543 0.0458 -0.0971 0.7541 0.3836
-2.0000 -0.0501 0.0542 0.0457 -0.0990 0.7498 0.3934
-1.7500 -0.0043 0.0539 0.0454 -0.1012 0.7473 0.4025
-1.5000 0.0156 0.0542 0.0457 -0.1006 0.7388 0.4103
-1.2500 0.0355 0.0544 0.0460 -0.1000 0.7302 0.4180
-1.0000 0.0828 0.0540 0.0455 -0.1026 0.7279 0.4298
-0.7500 0.0774 0.0552 0.0468 -0.0992 0.7142 0.4348
-0.5000 0.1163 0.0550 0.0467 -0.1003 0.7110 0.4442
-0.2500 0.1631 0.0544 0.0460 -0.1029 0.7089 0.4557
0.0000 0.1568 0.0559 0.0476 -0.0992 0.6949 0.4602
0.2500 0.2033 0.0552 0.0468 -0.1019 0.6921 0.4733
0.5000 0.2469 0.0545 0.0462 -0.1031 0.6902 0.4825
0.7500 0.2405 0.0563 0.0480 -0.0999 0.6757 0.4893
1.0000 0.2831 0.0556 0.0473 -0.1014 0.6732 0.5005
1.2500 0.3006 0.0563 0.0481 -0.1006 0.6649 0.5096
1.5000 0.3181 0.0570 0.0488 -0.0998 0.6567 0.5187
1.7500 0.3626 0.0560 0.0478 -0.1014 0.6545 0.5317
2.0000 0.3808 0.0566 0.0485 -0.1004 0.6461 0.5411
2.2500 0.3990 0.0572 0.0491 -0.0994 0.6376 0.5505
2.5000 0.4427 0.0561 0.0480 -0.1006 0.6358 0.5619
2.7500 0.4639 0.0566 0.0485 -0.1001 0.6286 0.5725
3.0000 0.4850 0.0572 0.0491 -0.0996 0.6214 0.5832
3.2500 0.5062 0.0577 0.0496 -0.0991 0.6142 0.5938
3.5000 0.5412 0.0569 0.0488 -0.0994 0.6102 0.6066
3.7500 0.5762 0.0561 0.0480 -0.0998 0.6063 0.6195
4.0000 0.6112 0.0552 0.0473 -0.1001 0.6024 0.6323
4.2500 0.6462 0.0544 0.0465 -0.1004 0.5984 0.6451
4.5000 0.6812 0.0536 0.0457 -0.1007 0.5945 0.6579
4.7500 0.7162 0.0527 0.0450 -0.1011 0.5905 0.6707
5.0000 0.7512 0.0519 0.0442 -0.1014 0.5866 0.6836
