-5.0000 0.1582 0.0167 0.0097 -0.1795 0.8763 0.1139
-4.7500 0.1950 0.0163 0.0094 -0.1813 0.8753 0.1248
-4.5000 0.2328 0.0159 0.0090 -0.1833 0.8743 0.1372
-4.2500 0.2712 0.0155 0.0087 -0.1853 0.8733 0.1542
-4.0000 0.2928 0.0155 0.0088 -0.1841 0.8678 0.1710
-3.7500 0.3143 0.0156 0.0088 -0.1830 0.8622 0.1878
-3.5000 0.3497 0.0153 0.0085 -0.1845 0.8606 0.2048
-3.2500 0.3862 0.0149 0.0082 -0.1861 0.8592 0.2214
-3.0000 0.4229 0.0146 0.0079 -0.1878 0.8579 0.2384
-2.7500 0.4465 0.0146 0.0080 -0.1870 0.8528 0.2531
-2.5000 0.4700 0.0145 0.0080 -0.1862 0.8477 0.2679
-2.2500 0.5046 0.0142 0.0077 -0.1874 0.8452 0.2859
-2.0000 0.5401 0.0139 0.0074 -0.1888 0.8432 0.3050
-1.7500 0.5762 0.0136 0.0072 -0.1903 0.8414 0.3261
-1.5000 0.6018 0.0136 0.0072 -0.1899 0.8368 0.3441
-1.2500 0.6266 0.0136 0.0072 -0.1892 0.8312 0.3621
-1.0000 0.6597 0.0133 0.0070 -0.1901 0.8279 0.3821
-0.7500 0.6951 0.0131 0.0068 -0.1914 0.8254 0.4041
-0.5000 0.7315 0.0129 0.0066 -0.1930 0.8232 0.4272
-0.2500 0.7483 0.0131 0.0069 -0.1908 0.8160 0.4458
0.0000 0.7773 0.0129 0.0069 -0.1909 0.8115 0.4670
0.2500 0.8115 0.0127 0.0067 -0.1920 0.8082 0.4906
0.5000 0.8483 0.0125 0.0065 -0.1936 0.8052 0.5139
0.7500 0.8654 0.0126 0.0067 -0.1914 0.7972 0.5338
1.0000 0.8963 0.0125 0.0066 -0.1918 0.7922 0.5580
1.2500 0.9312 0.0122 0.0064 -0.1930 0.7882 0.5832
1.5000 0.9530 0.0123 0.0065 -0.1917 0.7808 0.6047
1.7500 0.9808 0.0121 0.0065 -0.1915 0.7742 0.6287
2.0000 1.0143 0.0119 0.0063 -0.1924 0.7692 0.6569
2.2500 1.0381 0.0118 0.0063 -0.1915 0.7616 0.6929
2.5000 1.0618 0.0118 0.0064 -0.1905 0.7541 0.7290
2.7500 1.0867 0.0114 0.0064 -0.1894 0.7469 0.8110
3.0000 1.1069 0.0112 0.0063 -0.1875 0.7372 1.0000
3.2500 1.1412 0.0112 0.0062 -0.1887 0.7304 1.0000
3.5000 1.1600 0.0114 0.0064 -0.1868 0.7200 1.0000
3.7500 1.1909 0.0114 0.0063 -0.1873 0.7120 1.0000
4.0000 1.2096 0.0116 0.0065 -0.1854 0.7005 1.0000
4.2500 1.2357 0.0116 0.0065 -0.1849 0.6897 1.0000
4.5000 1.2581 0.0118 0.0066 -0.1837 0.6769 1.0000
4.7500 1.2774 0.0119 0.0067 -0.1818 0.6619 1.0000
5.0000 1.2963 0.0121 0.0069 -0.1799 0.6460 1.0000
