-5.0000 -0.4590 0.0159 0.0087 -0.0265 0.9386 0.3300
-4.7500 -0.4278 0.0156 0.0084 -0.0271 0.9302 0.3488
-4.5000 -0.3906 0.0151 0.0081 -0.0289 0.9245 0.3702
-4.2500 -0.3510 0.0147 0.0078 -0.0311 0.9207 0.3942
-4.0000 -0.3255 0.0144 0.0076 -0.0304 0.9097 0.4159
-3.7500 -0.2893 0.0140 0.0072 -0.0317 0.9044 0.4407
-3.5000 -0.2639 0.0137 0.0070 -0.0308 0.8930 0.4630
-3.2500 -0.2355 0.0134 0.0068 -0.0305 0.8834 0.4858
-3.0000 -0.2063 0.0131 0.0066 -0.0303 0.8741 0.5093
-2.7500 -0.1812 0.0129 0.0064 -0.0293 0.8620 0.5329
-2.5000 -0.1542 0.0126 0.0063 -0.0287 0.8512 0.5577
-2.2500 -0.1268 0.0124 0.0061 -0.0280 0.8399 0.5818
-2.0000 -0.1016 0.0122 0.0060 -0.0270 0.8260 0.6030
-1.7500 -0.0755 0.0121 0.0059 -0.0261 0.8123 0.6240
-1.5000 -0.0489 0.0120 0.0057 -0.0253 0.7988 0.6456
-1.2500 -0.0222 0.0119 0.0056 -0.0246 0.7854 0.6669
-1.0000 0.0044 0.0118 0.0056 -0.0238 0.7718 0.6873
-0.7500 0.0300 0.0118 0.0056 -0.0229 0.7570 0.7079
-0.5000 0.0561 0.0117 0.0056 -0.0220 0.7420 0.7268
-0.2500 0.0819 0.0117 0.0056 -0.0211 0.7265 0.7464
0.0000 0.1079 0.0117 0.0056 -0.0202 0.7113 0.7652
0.2500 0.1341 0.0118 0.0056 -0.0194 0.6967 0.7843
0.5000 0.1605 0.0118 0.0057 -0.0185 0.6824 0.8029
0.7500 0.1868 0.0120 0.0057 -0.0176 0.6675 0.8208
1.0000 0.2125 0.0121 0.0058 -0.0166 0.6521 0.8386
1.2500 0.2391 0.0122 0.0060 -0.0157 0.6366 0.8543
1.5000 0.2664 0.0124 0.0061 -0.0151 0.6221 0.8690
1.7500 0.2949 0.0126 0.0063 -0.0146 0.6085 0.8827
2.0000 0.3240 0.0128 0.0064 -0.0143 0.5945 0.8960
2.2500 0.3534 0.0131 0.0066 -0.0142 0.5802 0.9089
2.5000 0.3839 0.0133 0.0068 -0.0143 0.5663 0.9212
2.7500 0.4212 0.0135 0.0070 -0.0158 0.5510 0.9301
3.0000 0.4585 0.0138 0.0072 -0.0174 0.5357 0.9390
3.2500 0.5043 0.0141 0.0075 -0.0208 0.5205 0.9448
3.5000 0.5417 0.0144 0.0076 -0.0226 0.5074 0.9544
3.7500 0.5880 0.0146 0.0078 -0.0263 0.4924 0.9590
4.0000 0.6277 0.0148 0.0080 -0.0288 0.4789 0.9661
4.2500 0.6660 0.0150 0.0081 -0.0310 0.4651 0.9732
4.5000 0.7106 0.0152 0.0082 -0.0346 0.4488 0.9789
4.7500 0.7510 0.0153 0.0083 -0.0373 0.4341 0.9869
5.0000 0.7941 0.0155 0.0084 -0.0407 0.4195 0.9923
