-5.0000 -0.2679 0.0118 0.0056 -0.0753 0.9164 0.2741
-4.7500 -0.2404 0.0115 0.0054 -0.0751 0.9115 0.2888
-4.5000 -0.2128 0.0113 0.0053 -0.0750 0.9067 0.3034
-4.2500 -0.1846 0.0111 0.0051 -0.0750 0.9016 0.3181
-4.0000 -0.1537 0.0108 0.0049 -0.0754 0.8978 0.3332
-3.7500 -0.1220 0.0106 0.0046 -0.0760 0.8943 0.3484
-3.5000 -0.0970 0.0105 0.0046 -0.0753 0.8872 0.3630
-3.2500 -0.0686 0.0102 0.0044 -0.0752 0.8803 0.3784
-3.0000 -0.0376 0.0100 0.0042 -0.0755 0.8747 0.3944
-2.7500 -0.0112 0.0098 0.0041 -0.0750 0.8670 0.4089
-2.5000 0.0169 0.0097 0.0039 -0.0748 0.8594 0.4236
-2.2500 0.0450 0.0095 0.0038 -0.0746 0.8515 0.4391
-2.0000 0.0732 0.0094 0.0037 -0.0745 0.8435 0.4546
-1.7500 0.1017 0.0093 0.0036 -0.0744 0.8354 0.4713
-1.5000 0.1298 0.0092 0.0035 -0.0742 0.8272 0.4883
-1.2500 0.1572 0.0091 0.0035 -0.0739 0.8175 0.5064
-1.0000 0.1859 0.0090 0.0034 -0.0738 0.8084 0.5227
-0.7500 0.2128 0.0089 0.0034 -0.0734 0.7973 0.5391
-0.5000 0.2406 0.0088 0.0033 -0.0731 0.7862 0.5549
-0.2500 0.2685 0.0088 0.0032 -0.0729 0.7740 0.5707
0.0000 0.2950 0.0088 0.0032 -0.0723 0.7587 0.5873
0.2500 0.3216 0.0087 0.0032 -0.0718 0.7424 0.6041
0.5000 0.3477 0.0087 0.0032 -0.0711 0.7242 0.6207
0.7500 0.3738 0.0088 0.0032 -0.0705 0.7054 0.6362
1.0000 0.3996 0.0088 0.0032 -0.0699 0.6867 0.6514
1.2500 0.4252 0.0089 0.0032 -0.0692 0.6677 0.6665
1.5000 0.4506 0.0089 0.0033 -0.0685 0.6494 0.6818
1.7500 0.4759 0.0090 0.0033 -0.0678 0.6316 0.6971
2.0000 0.5009 0.0091 0.0034 -0.0670 0.6139 0.7125
2.2500 0.5255 0.0092 0.0035 -0.0662 0.5966 0.7291
2.5000 0.5500 0.0093 0.0036 -0.0653 0.5789 0.7476
2.7500 0.5741 0.0094 0.0037 -0.0643 0.5606 0.7676
3.0000 0.5976 0.0095 0.0038 -0.0633 0.5439 0.7900
3.2500 0.6207 0.0096 0.0040 -0.0621 0.5275 0.8137
3.5000 0.6437 0.0097 0.0041 -0.0609 0.5120 0.8413
3.7500 0.6656 0.0098 0.0043 -0.0594 0.4961 0.8716
4.0000 0.6875 0.0100 0.0045 -0.0578 0.4790 0.9053
4.2500 0.7130 0.0102 0.0046 -0.0570 0.4620 0.9394
4.5000 0.7476 0.0104 0.0049 -0.0584 0.4439 0.9641
4.7500 0.7864 0.0107 0.0051 -0.0607 0.4251 0.9823
5.0000 0.8267 0.0111 0.0053 -0.0635 0.4065 0.9946
