-5.0000 -0.2575 0.0120 0.0057 -0.0750 0.8753 0.3086
-4.7500 -0.2262 0.0118 0.0055 -0.0755 0.8708 0.3201
-4.5000 -0.2035 0.0116 0.0054 -0.0744 0.8632 0.3306
-4.2500 -0.1759 0.0114 0.0052 -0.0742 0.8569 0.3410
-4.0000 -0.1453 0.0112 0.0050 -0.0746 0.8514 0.3523
-3.7500 -0.1204 0.0111 0.0049 -0.0738 0.8430 0.3635
-3.5000 -0.0927 0.0109 0.0047 -0.0736 0.8351 0.3747
-3.2500 -0.0633 0.0107 0.0046 -0.0737 0.8281 0.3859
-3.0000 -0.0382 0.0106 0.0045 -0.0730 0.8188 0.3964
-2.7500 -0.0105 0.0105 0.0044 -0.0728 0.8104 0.4077
-2.5000 0.0171 0.0103 0.0043 -0.0726 0.8020 0.4190
-2.2500 0.0450 0.0102 0.0042 -0.0724 0.7928 0.4301
-2.0000 0.0722 0.0102 0.0041 -0.0721 0.7830 0.4418
-1.7500 0.0994 0.0101 0.0040 -0.0717 0.7717 0.4533
-1.5000 0.1257 0.0100 0.0040 -0.0712 0.7592 0.4651
-1.2500 0.1530 0.0100 0.0039 -0.0709 0.7469 0.4768
-1.0000 0.1785 0.0099 0.0038 -0.0702 0.7335 0.4884
-0.7500 0.2051 0.0099 0.0038 -0.0697 0.7206 0.5015
-0.5000 0.2312 0.0099 0.0038 -0.0692 0.7066 0.5144
-0.2500 0.2565 0.0099 0.0038 -0.0685 0.6917 0.5269
0.0000 0.2822 0.0099 0.0038 -0.0678 0.6775 0.5394
0.2500 0.3078 0.0099 0.0038 -0.0672 0.6636 0.5507
0.5000 0.3332 0.0100 0.0038 -0.0666 0.6495 0.5631
0.7500 0.3583 0.0100 0.0038 -0.0658 0.6351 0.5750
1.0000 0.3834 0.0101 0.0039 -0.0651 0.6205 0.5875
1.2500 0.4077 0.0102 0.0039 -0.0643 0.6064 0.6002
1.5000 0.4320 0.0103 0.0040 -0.0634 0.5919 0.6134
1.7500 0.4567 0.0104 0.0041 -0.0626 0.5786 0.6270
2.0000 0.4812 0.0105 0.0042 -0.0618 0.5658 0.6397
2.2500 0.5052 0.0106 0.0043 -0.0610 0.5526 0.6513
2.5000 0.5292 0.0107 0.0044 -0.0601 0.5403 0.6636
2.7500 0.5533 0.0108 0.0045 -0.0592 0.5276 0.6773
3.0000 0.5767 0.0109 0.0046 -0.0582 0.5152 0.6902
3.2500 0.5998 0.0110 0.0047 -0.0572 0.5028 0.7037
3.5000 0.6231 0.0111 0.0048 -0.0562 0.4905 0.7179
3.7500 0.6458 0.0112 0.0050 -0.0551 0.4785 0.7332
4.0000 0.6677 0.0114 0.0051 -0.0538 0.4668 0.7494
4.2500 0.6890 0.0115 0.0053 -0.0524 0.4545 0.7678
4.5000 0.7103 0.0116 0.0054 -0.0510 0.4422 0.7862
4.7500 0.7302 0.0118 0.0056 -0.0493 0.4304 0.8066
5.0000 0.7487 0.0119 0.0058 -0.0473 0.4191 0.8294
