-5.0000 -0.4945 0.0241 0.0149 -0.0274 1.0000 0.1460
-4.7500 -0.4737 0.0236 0.0144 -0.0268 1.0000 0.1582
-4.5000 -0.4475 0.0232 0.0140 -0.0272 0.9985 0.1736
-4.2500 -0.4030 0.0228 0.0137 -0.0310 0.9918 0.1968
-4.0000 -0.3597 0.0226 0.0135 -0.0345 0.9843 0.2239
-3.7500 -0.3164 0.0223 0.0133 -0.0381 0.9761 0.2530
-3.5000 -0.2721 0.0219 0.0131 -0.0416 0.9690 0.2851
-3.2500 -0.2339 0.0215 0.0129 -0.0440 0.9596 0.3179
-3.0000 -0.1863 0.0212 0.0127 -0.0482 0.9536 0.3618
-2.7500 -0.1557 0.0208 0.0126 -0.0490 0.9420 0.4028
-2.5000 -0.1101 0.0203 0.0124 -0.0525 0.9357 0.4638
-2.2500 -0.0815 0.0199 0.0124 -0.0526 0.9236 0.5248
-2.0000 -0.0383 0.0194 0.0123 -0.0549 0.9168 0.6180
-1.7500 -0.0136 0.0191 0.0124 -0.0534 0.9044 0.7055
-1.5000 0.0248 0.0189 0.0124 -0.0536 0.8979 0.8033
-1.2500 0.0564 0.0189 0.0126 -0.0527 0.8877 0.8826
-1.0000 0.1276 0.0190 0.0126 -0.0595 0.8830 0.9453
-0.7500 0.2218 0.0187 0.0122 -0.0714 0.8805 0.9779
-0.5000 0.3164 0.0181 0.0115 -0.0839 0.8776 0.9983
-0.2500 0.3414 0.0179 0.0112 -0.0839 0.8623 1.0000
0.0000 0.3698 0.0176 0.0108 -0.0840 0.8503 1.0000
0.2500 0.3976 0.0174 0.0104 -0.0839 0.8381 1.0000
0.5000 0.4178 0.0173 0.0103 -0.0825 0.8232 1.0000
0.7500 0.4476 0.0170 0.0099 -0.0823 0.8120 1.0000
1.0000 0.4713 0.0169 0.0097 -0.0812 0.7978 1.0000
1.2500 0.4929 0.0169 0.0097 -0.0798 0.7831 1.0000
1.5000 0.5196 0.0168 0.0095 -0.0791 0.7710 1.0000
1.7500 0.5451 0.0168 0.0094 -0.0782 0.7582 1.0000
2.0000 0.5670 0.0169 0.0095 -0.0768 0.7437 1.0000
2.2500 0.5912 0.0170 0.0095 -0.0758 0.7303 1.0000
2.5000 0.6179 0.0170 0.0094 -0.0750 0.7181 1.0000
2.7500 0.6429 0.0170 0.0094 -0.0741 0.7047 1.0000
3.0000 0.6653 0.0173 0.0096 -0.0728 0.6905 1.0000
3.2500 0.6886 0.0175 0.0097 -0.0717 0.6770 1.0000
3.5000 0.7129 0.0176 0.0099 -0.0707 0.6638 1.0000
3.7500 0.7380 0.0178 0.0100 -0.0698 0.6501 1.0000
4.0000 0.7636 0.0179 0.0100 -0.0689 0.6366 1.0000
4.2500 0.7885 0.0181 0.0102 -0.0680 0.6232 1.0000
4.5000 0.8113 0.0184 0.0105 -0.0669 0.6091 1.0000
4.7500 0.8346 0.0187 0.0107 -0.0658 0.5943 1.0000
5.0000 0.8578 0.0189 0.0110 -0.0646 0.5789 1.0000
