-5.0000 -0.4065 0.0295 0.0205 -0.0458 0.8719 0.3436
-4.7500 -0.3942 0.0293 0.0204 -0.0432 0.8579 0.3524
-4.5000 -0.3470 0.0286 0.0198 -0.0464 0.8537 0.3689
-4.2500 -0.3164 0.0283 0.0195 -0.0467 0.8448 0.3834
-4.0000 -0.2858 0.0279 0.0192 -0.0471 0.8359 0.3979
-3.7500 -0.2357 0.0272 0.0186 -0.0506 0.8329 0.4170
-3.5000 -0.2079 0.0269 0.0183 -0.0504 0.8239 0.4331
-3.2500 -0.1802 0.0266 0.0181 -0.0502 0.8150 0.4493
-3.0000 -0.1332 0.0259 0.0174 -0.0528 0.8120 0.4693
-2.7500 -0.1226 0.0260 0.0176 -0.0499 0.7978 0.4842
-2.5000 -0.0794 0.0254 0.0170 -0.0518 0.7938 0.5054
-2.2500 -0.0521 0.0251 0.0169 -0.0513 0.7850 0.5255
-2.0000 -0.0248 0.0249 0.0168 -0.0507 0.7762 0.5456
-1.7500 0.0189 0.0242 0.0161 -0.0525 0.7723 0.5713
-1.5000 0.0324 0.0244 0.0164 -0.0499 0.7595 0.5908
-1.2500 0.0717 0.0238 0.0160 -0.0508 0.7542 0.6176
-1.0000 0.0980 0.0237 0.0159 -0.0498 0.7453 0.6423
-0.7500 0.1244 0.0236 0.0159 -0.0489 0.7364 0.6670
-0.5000 0.1660 0.0230 0.0154 -0.0500 0.7317 0.6959
-0.2500 0.1784 0.0234 0.0159 -0.0469 0.7194 0.7194
0.0000 0.2153 0.0231 0.0156 -0.0472 0.7135 0.7468
0.2500 0.2368 0.0233 0.0160 -0.0453 0.7044 0.7710
0.5000 0.2641 0.0234 0.0161 -0.0443 0.6962 0.7954
0.7500 0.3084 0.0232 0.0158 -0.0456 0.6910 0.8177
1.0000 0.3215 0.0238 0.0164 -0.0425 0.6789 0.8395
1.2500 0.3649 0.0236 0.0161 -0.0438 0.6724 0.8616
1.5000 0.3928 0.0241 0.0167 -0.0432 0.6615 0.8798
1.7500 0.4444 0.0240 0.0166 -0.0464 0.6542 0.8964
2.0000 0.4969 0.0243 0.0168 -0.0505 0.6448 0.9086
2.2500 0.5493 0.0246 0.0170 -0.0546 0.6354 0.9209
2.5000 0.5984 0.0250 0.0174 -0.0586 0.6249 0.9351
2.7500 0.6616 0.0249 0.0171 -0.0648 0.6152 0.9463
3.0000 0.7111 0.0251 0.0174 -0.0693 0.6043 0.9581
3.2500 0.7616 0.0250 0.0172 -0.0736 0.5949 0.9708
3.5000 0.8172 0.0252 0.0173 -0.0795 0.5837 0.9820
3.7500 0.8763 0.0250 0.0171 -0.0857 0.5736 0.9935
4.0000 0.9114 0.0251 0.0172 -0.0880 0.5631 1.0000
4.2500 0.9253 0.0251 0.0171 -0.0861 0.5544 1.0000
4.5000 0.9429 0.0252 0.0171 -0.0847 0.5464 1.0000
4.7500 0.9461 0.0255 0.0175 -0.0811 0.5367 1.0000
5.0000 0.9706 0.0254 0.0172 -0.0805 0.5294 1.0000
