-5.0000 -0.4225 0.0304 0.0215 -0.0422 0.8498 0.3525
-4.7500 -0.3739 0.0299 0.0210 -0.0457 0.8467 0.3671
-4.5000 -0.3451 0.0295 0.0207 -0.0457 0.8380 0.3804
-4.2500 -0.3163 0.0291 0.0203 -0.0458 0.8293 0.3938
-4.0000 -0.2971 0.0290 0.0202 -0.0443 0.8177 0.4044
-3.7500 -0.2529 0.0283 0.0196 -0.0467 0.8129 0.4205
-3.5000 -0.2052 0.0275 0.0189 -0.0496 0.8100 0.4383
-3.2500 -0.1759 0.0272 0.0186 -0.0495 0.8020 0.4544
-3.0000 -0.1466 0.0268 0.0182 -0.0495 0.7940 0.4705
-2.7500 -0.1157 0.0265 0.0180 -0.0495 0.7863 0.4874
-2.5000 -0.0848 0.0261 0.0177 -0.0496 0.7786 0.5044
-2.2500 -0.0537 0.0258 0.0175 -0.0496 0.7711 0.5227
-2.0000 -0.0226 0.0254 0.0172 -0.0497 0.7636 0.5410
-1.7500 0.0208 0.0248 0.0166 -0.0515 0.7597 0.5629
-1.5000 0.0374 0.0249 0.0168 -0.0493 0.7483 0.5807
-1.2500 0.0663 0.0246 0.0166 -0.0489 0.7404 0.6025
-1.0000 0.0952 0.0244 0.0165 -0.0485 0.7325 0.6244
-0.7500 0.1231 0.0243 0.0164 -0.0478 0.7244 0.6467
-0.5000 0.1509 0.0242 0.0164 -0.0471 0.7163 0.6691
-0.2500 0.1943 0.0237 0.0159 -0.0485 0.7120 0.6949
0.0000 0.2044 0.0241 0.0165 -0.0451 0.7000 0.7161
0.2500 0.2445 0.0238 0.0161 -0.0461 0.6952 0.7422
0.5000 0.2556 0.0243 0.0168 -0.0427 0.6839 0.7628
0.7500 0.2948 0.0240 0.0165 -0.0434 0.6782 0.7866
1.0000 0.3109 0.0245 0.0170 -0.0408 0.6681 0.8073
1.2500 0.3521 0.0244 0.0169 -0.0418 0.6618 0.8278
1.5000 0.3747 0.0249 0.0174 -0.0402 0.6520 0.8470
1.7500 0.4222 0.0248 0.0172 -0.0424 0.6447 0.8640
2.0000 0.4497 0.0253 0.0178 -0.0419 0.6345 0.8815
2.2500 0.5042 0.0254 0.0177 -0.0458 0.6275 0.8959
2.5000 0.5395 0.0260 0.0184 -0.0472 0.6175 0.9115
2.7500 0.5976 0.0259 0.0182 -0.0520 0.6097 0.9249
3.0000 0.6535 0.0264 0.0186 -0.0575 0.5980 0.9335
3.2500 0.7136 0.0262 0.0182 -0.0631 0.5900 0.9438
3.5000 0.7531 0.0266 0.0188 -0.0659 0.5786 0.9576
3.7500 0.8224 0.0263 0.0183 -0.0734 0.5704 0.9667
4.0000 0.8666 0.0267 0.0187 -0.0774 0.5583 0.9797
4.2500 0.9239 0.0265 0.0184 -0.0832 0.5496 0.9902
4.5000 0.9709 0.0267 0.0186 -0.0878 0.5383 1.0000
4.7500 0.9932 0.0266 0.0184 -0.0872 0.5320 1.0000
5.0000 0.9891 0.0271 0.0191 -0.0827 0.5232 1.0000
