-5.0000 -0.4358 0.0290 0.0200 -0.0531 0.9388 0.2721
-4.7500 -0.3910 0.0290 0.0200 -0.0566 0.9345 0.2906
-4.5000 -0.3716 0.0288 0.0199 -0.0555 0.9239 0.3038
-4.2500 -0.3295 0.0286 0.0198 -0.0583 0.9179 0.3232
-4.0000 -0.3018 0.0285 0.0197 -0.0586 0.9096 0.3388
-3.7500 -0.2698 0.0284 0.0196 -0.0596 0.9021 0.3560
-3.5000 -0.2267 0.0283 0.0195 -0.0625 0.8974 0.3778
-3.2500 -0.2064 0.0283 0.0196 -0.0614 0.8869 0.3942
-3.0000 -0.1680 0.0281 0.0195 -0.0633 0.8801 0.4150
-2.7500 -0.1210 0.0278 0.0194 -0.0664 0.8760 0.4379
-2.5000 -0.1075 0.0279 0.0195 -0.0642 0.8633 0.4537
-2.2500 -0.0671 0.0277 0.0194 -0.0662 0.8582 0.4770
-2.0000 -0.0399 0.0277 0.0195 -0.0662 0.8498 0.4984
-1.7500 -0.0126 0.0277 0.0195 -0.0661 0.8413 0.5197
-1.5000 0.0304 0.0273 0.0192 -0.0682 0.8368 0.5445
-1.2500 0.0585 0.0272 0.0192 -0.0680 0.8279 0.5685
-1.0000 0.0866 0.0271 0.0192 -0.0678 0.8190 0.5924
-0.7500 0.1332 0.0264 0.0186 -0.0702 0.8157 0.6227
-0.5000 0.1598 0.0263 0.0186 -0.0694 0.8068 0.6496
-0.2500 0.1863 0.0261 0.0186 -0.0687 0.7979 0.6765
0.0000 0.2316 0.0254 0.0180 -0.0705 0.7953 0.7111
0.2500 0.2553 0.0253 0.0180 -0.0690 0.7864 0.7449
0.5000 0.2790 0.0251 0.0180 -0.0675 0.7775 0.7787
0.7500 0.3208 0.0243 0.0173 -0.0680 0.7746 0.8221
1.0000 0.3283 0.0248 0.0179 -0.0638 0.7607 0.8652
1.2500 0.3834 0.0240 0.0173 -0.0668 0.7572 0.9151
1.5000 0.4636 0.0232 0.0164 -0.0749 0.7547 0.9517
1.7500 0.5315 0.0233 0.0164 -0.0827 0.7432 0.9783
2.0000 0.6213 0.0223 0.0154 -0.0936 0.7379 0.9942
2.2500 0.6421 0.0222 0.0152 -0.0933 0.7264 1.0000
2.5000 0.6687 0.0217 0.0146 -0.0930 0.7181 1.0000
2.7500 0.6768 0.0219 0.0147 -0.0896 0.7058 1.0000
3.0000 0.7181 0.0213 0.0140 -0.0914 0.6981 1.0000
3.2500 0.7291 0.0215 0.0142 -0.0883 0.6849 1.0000
3.5000 0.7556 0.0214 0.0140 -0.0876 0.6738 1.0000
3.7500 0.7922 0.0210 0.0135 -0.0885 0.6637 1.0000
4.0000 0.8085 0.0212 0.0136 -0.0862 0.6502 1.0000
4.2500 0.8314 0.0213 0.0137 -0.0850 0.6380 1.0000
4.5000 0.8680 0.0210 0.0134 -0.0860 0.6279 1.0000
4.7500 0.8834 0.0214 0.0137 -0.0836 0.6141 1.0000
5.0000 0.9068 0.0215 0.0138 -0.0825 0.6011 1.0000
