-5.0000 -0.1334 0.0387 0.0306 -0.0745 0.8651 0.1226
-4.7500 -0.1072 0.0376 0.0290 -0.0740 0.8549 0.1268
-4.5000 -0.0544 0.0351 0.0264 -0.0779 0.8516 0.1284
-4.2500 -0.0204 0.0334 0.0245 -0.0782 0.8415 0.1286
-4.0000 0.0186 0.0316 0.0226 -0.0790 0.8319 0.1310
-3.7500 0.0622 0.0299 0.0206 -0.0804 0.8237 0.1352
-3.5000 0.1057 0.0281 0.0186 -0.0817 0.8156 0.1394
-3.2500 0.1378 0.0269 0.0174 -0.0815 0.8039 0.1441
-3.0000 0.1691 0.0260 0.0163 -0.0812 0.7924 0.1503
-2.7500 0.2039 0.0250 0.0153 -0.0816 0.7828 0.1599
-2.5000 0.2392 0.0237 0.0141 -0.0820 0.7729 0.1675
-2.2500 0.2673 0.0228 0.0133 -0.0813 0.7604 0.1743
-2.0000 0.2954 0.0220 0.0126 -0.0805 0.7482 0.1832
-1.7500 0.3223 0.0212 0.0119 -0.0796 0.7358 0.1944
-1.5000 0.3484 0.0204 0.0112 -0.0786 0.7227 0.2103
-1.2500 0.3730 0.0196 0.0106 -0.0777 0.7089 0.2583
-1.0000 0.3866 0.0180 0.0107 -0.0740 0.6956 0.6680
-0.7500 0.4101 0.0178 0.0109 -0.0704 0.6807 0.8180
-0.5000 0.4516 0.0179 0.0111 -0.0702 0.6636 0.9069
-0.2500 0.5134 0.0181 0.0109 -0.0747 0.6437 0.9486
0.0000 0.5891 0.0183 0.0108 -0.0829 0.6175 0.9784
0.2500 0.6677 0.0183 0.0104 -0.0924 0.5890 0.9996
0.5000 0.6836 0.0183 0.0103 -0.0906 0.5695 1.0000
0.7500 0.6976 0.0185 0.0102 -0.0884 0.5498 1.0000
1.0000 0.7123 0.0186 0.0102 -0.0862 0.5308 1.0000
1.2500 0.7278 0.0188 0.0102 -0.0841 0.5131 1.0000
1.5000 0.7449 0.0191 0.0102 -0.0822 0.4969 1.0000
1.7500 0.7606 0.0195 0.0104 -0.0801 0.4809 1.0000
2.0000 0.7790 0.0198 0.0105 -0.0784 0.4671 1.0000
2.2500 0.7963 0.0202 0.0108 -0.0766 0.4541 1.0000
2.5000 0.8148 0.0207 0.0111 -0.0750 0.4428 1.0000
2.7500 0.8354 0.0211 0.0114 -0.0737 0.4334 1.0000
3.0000 0.8583 0.0216 0.0117 -0.0729 0.4252 1.0000
3.2500 0.8770 0.0221 0.0121 -0.0714 0.4170 1.0000
3.5000 0.9025 0.0226 0.0124 -0.0710 0.4104 1.0000
3.7500 0.9201 0.0231 0.0130 -0.0693 0.4033 1.0000
4.0000 0.9451 0.0237 0.0133 -0.0689 0.3977 1.0000
4.2500 0.9662 0.0243 0.0139 -0.0678 0.3924 1.0000
4.5000 0.9882 0.0249 0.0146 -0.0669 0.3875 1.0000
4.7500 1.0157 0.0254 0.0150 -0.0670 0.3835 1.0000
5.0000 1.0360 0.0262 0.0158 -0.0660 0.3793 1.0000
