-5.0000 -0.1236 0.0343 0.0247 -0.0721 0.8356 0.1406
-4.7500 -0.0941 0.0332 0.0237 -0.0720 0.8257 0.1447
-4.5000 -0.0409 0.0315 0.0218 -0.0753 0.8225 0.1491
-4.2500 -0.0103 0.0304 0.0207 -0.0750 0.8123 0.1526
-4.0000 0.0320 0.0290 0.0193 -0.0765 0.8053 0.1587
-3.7500 0.0743 0.0276 0.0179 -0.0780 0.7982 0.1647
-3.5000 0.1082 0.0264 0.0168 -0.0780 0.7876 0.1718
-3.2500 0.1413 0.0253 0.0157 -0.0779 0.7771 0.1807
-3.0000 0.1709 0.0241 0.0147 -0.0774 0.7664 0.1930
-2.7500 0.1990 0.0232 0.0139 -0.0766 0.7558 0.2074
-2.5000 0.2277 0.0221 0.0131 -0.0761 0.7458 0.2266
-2.2500 0.2538 0.0208 0.0123 -0.0754 0.7362 0.3306
-2.0000 0.2679 0.0198 0.0125 -0.0718 0.7244 0.5869
-1.7500 0.2890 0.0195 0.0125 -0.0687 0.7125 0.6902
-1.5000 0.3131 0.0194 0.0125 -0.0661 0.7003 0.7514
-1.2500 0.3387 0.0194 0.0125 -0.0639 0.6878 0.7968
-1.0000 0.3682 0.0194 0.0125 -0.0623 0.6754 0.8326
-0.7500 0.3975 0.0196 0.0126 -0.0611 0.6613 0.8619
-0.5000 0.4313 0.0198 0.0126 -0.0607 0.6462 0.8895
-0.2500 0.4725 0.0200 0.0127 -0.0618 0.6303 0.9147
0.0000 0.5330 0.0203 0.0127 -0.0666 0.6137 0.9331
0.2500 0.5960 0.0205 0.0127 -0.0726 0.5922 0.9509
0.5000 0.6597 0.0207 0.0126 -0.0791 0.5700 0.9682
0.7500 0.7248 0.0208 0.0125 -0.0862 0.5468 0.9859
1.0000 0.7840 0.0208 0.0123 -0.0926 0.5236 1.0000
1.2500 0.7968 0.0209 0.0122 -0.0907 0.5092 1.0000
1.5000 0.8096 0.0210 0.0121 -0.0886 0.4954 1.0000
1.7500 0.8211 0.0212 0.0122 -0.0863 0.4818 1.0000
2.0000 0.8337 0.0215 0.0123 -0.0840 0.4697 1.0000
2.2500 0.8482 0.0218 0.0124 -0.0819 0.4587 1.0000
2.5000 0.8614 0.0221 0.0126 -0.0796 0.4481 1.0000
2.7500 0.8742 0.0225 0.0129 -0.0772 0.4381 1.0000
3.0000 0.8901 0.0228 0.0131 -0.0753 0.4294 1.0000
3.2500 0.9096 0.0232 0.0133 -0.0739 0.4217 1.0000
3.5000 0.9234 0.0237 0.0138 -0.0716 0.4141 1.0000
3.7500 0.9477 0.0242 0.0140 -0.0711 0.4082 1.0000
4.0000 0.9602 0.0247 0.0147 -0.0686 0.4016 1.0000
4.2500 0.9844 0.0252 0.0150 -0.0681 0.3965 1.0000
4.5000 0.9994 0.0258 0.0157 -0.0660 0.3912 1.0000
4.7500 1.0196 0.0264 0.0162 -0.0649 0.3865 1.0000
5.0000 1.0480 0.0270 0.0166 -0.0651 0.3826 1.0000
