-5.0000 -0.0282 0.0116 0.0047 -0.1087 0.8869 0.0292
-4.7500 -0.0001 0.0114 0.0044 -0.1085 0.8793 0.0333
-4.5000 0.0275 0.0112 0.0042 -0.1083 0.8710 0.0374
-4.2500 0.0549 0.0110 0.0040 -0.1080 0.8615 0.0402
-4.0000 0.0826 0.0108 0.0038 -0.1078 0.8521 0.0437
-3.7500 0.1102 0.0106 0.0036 -0.1075 0.8418 0.0479
-3.5000 0.1376 0.0104 0.0034 -0.1072 0.8314 0.0538
-3.2500 0.1655 0.0103 0.0032 -0.1071 0.8217 0.0642
-3.0000 0.1925 0.0101 0.0031 -0.1068 0.8100 0.0793
-2.7500 0.2200 0.0100 0.0030 -0.1066 0.7986 0.0890
-2.5000 0.2475 0.0099 0.0029 -0.1063 0.7864 0.1001
-2.2500 0.2747 0.0098 0.0028 -0.1061 0.7735 0.1127
-2.0000 0.3017 0.0097 0.0027 -0.1058 0.7595 0.1293
-1.7500 0.3287 0.0096 0.0027 -0.1055 0.7449 0.1487
-1.5000 0.3556 0.0096 0.0026 -0.1052 0.7302 0.1708
-1.2500 0.3824 0.0095 0.0026 -0.1049 0.7156 0.1987
-1.0000 0.4087 0.0094 0.0026 -0.1047 0.7010 0.2567
-0.7500 0.4350 0.0092 0.0026 -0.1044 0.6854 0.2994
-0.5000 0.4605 0.0089 0.0025 -0.1040 0.6696 0.3877
-0.2500 0.4820 0.0083 0.0026 -0.1029 0.6544 0.6555
0.0000 0.5006 0.0079 0.0027 -0.1004 0.6392 0.8340
0.2500 0.5409 0.0078 0.0028 -0.1024 0.6221 0.9743
0.5000 0.5804 0.0080 0.0028 -0.1049 0.6046 1.0000
0.7500 0.6048 0.0081 0.0028 -0.1042 0.5897 1.0000
1.0000 0.6297 0.0083 0.0029 -0.1035 0.5757 1.0000
1.2500 0.6550 0.0084 0.0029 -0.1030 0.5631 1.0000
1.5000 0.6805 0.0086 0.0030 -0.1025 0.5518 1.0000
1.7500 0.7058 0.0088 0.0031 -0.1019 0.5411 1.0000
2.0000 0.7318 0.0090 0.0032 -0.1015 0.5304 1.0000
2.2500 0.7576 0.0091 0.0032 -0.1011 0.5209 1.0000
2.5000 0.7835 0.0093 0.0034 -0.1007 0.5116 1.0000
2.7500 0.8097 0.0095 0.0035 -0.1004 0.5038 1.0000
3.0000 0.8359 0.0097 0.0036 -0.1001 0.4959 1.0000
3.2500 0.8618 0.0099 0.0038 -0.0997 0.4886 1.0000
3.5000 0.8884 0.0100 0.0039 -0.0995 0.4815 1.0000
3.7500 0.9145 0.0102 0.0041 -0.0992 0.4748 1.0000
4.0000 0.9407 0.0104 0.0042 -0.0989 0.4687 1.0000
4.2500 0.9672 0.0106 0.0044 -0.0987 0.4626 1.0000
4.5000 0.9934 0.0108 0.0046 -0.0984 0.4569 1.0000
4.7500 1.0193 0.0111 0.0048 -0.0981 0.4508 1.0000
5.0000 1.0454 0.0112 0.0050 -0.0978 0.4447 1.0000
