-5.0000 -0.2822 0.0133 0.0063 -0.0495 0.7931 0.3176
-4.7500 -0.2593 0.0131 0.0062 -0.0484 0.7818 0.3318
-4.5000 -0.2359 0.0129 0.0060 -0.0474 0.7705 0.3486
-4.2500 -0.2124 0.0127 0.0058 -0.0465 0.7592 0.3654
-4.0000 -0.1893 0.0125 0.0057 -0.0454 0.7473 0.3837
-3.7500 -0.1656 0.0124 0.0055 -0.0444 0.7359 0.4036
-3.5000 -0.1418 0.0122 0.0054 -0.0435 0.7246 0.4230
-3.2500 -0.1183 0.0121 0.0053 -0.0425 0.7126 0.4428
-3.0000 -0.0941 0.0120 0.0053 -0.0416 0.7012 0.4612
-2.7500 -0.0694 0.0120 0.0052 -0.0408 0.6901 0.4785
-2.5000 -0.0450 0.0119 0.0051 -0.0399 0.6782 0.4951
-2.2500 -0.0201 0.0119 0.0051 -0.0391 0.6666 0.5111
-2.0000 0.0049 0.0119 0.0051 -0.0384 0.6555 0.5269
-1.7500 0.0297 0.0119 0.0050 -0.0376 0.6440 0.5417
-1.5000 0.0544 0.0118 0.0050 -0.0368 0.6319 0.5560
-1.2500 0.0793 0.0118 0.0050 -0.0360 0.6199 0.5701
-1.0000 0.1041 0.0119 0.0050 -0.0352 0.6079 0.5841
-0.7500 0.1290 0.0119 0.0050 -0.0345 0.5962 0.5979
-0.5000 0.1538 0.0119 0.0050 -0.0337 0.5845 0.6117
-0.2500 0.1786 0.0119 0.0051 -0.0329 0.5728 0.6250
0.0000 0.2035 0.0120 0.0051 -0.0321 0.5620 0.6389
0.2500 0.2284 0.0120 0.0051 -0.0314 0.5518 0.6535
0.5000 0.2533 0.0121 0.0052 -0.0307 0.5414 0.6670
0.7500 0.2786 0.0122 0.0053 -0.0300 0.5320 0.6802
1.0000 0.3035 0.0122 0.0053 -0.0293 0.5220 0.6941
1.2500 0.3285 0.0123 0.0054 -0.0286 0.5131 0.7087
1.5000 0.3530 0.0124 0.0055 -0.0278 0.5036 0.7246
1.7500 0.3774 0.0125 0.0056 -0.0269 0.4944 0.7398
2.0000 0.4017 0.0125 0.0057 -0.0261 0.4851 0.7548
2.2500 0.4261 0.0126 0.0059 -0.0252 0.4767 0.7704
2.5000 0.4507 0.0128 0.0060 -0.0244 0.4693 0.7870
2.7500 0.4749 0.0129 0.0062 -0.0235 0.4618 0.8036
3.0000 0.4994 0.0130 0.0063 -0.0226 0.4550 0.8193
3.2500 0.5239 0.0132 0.0065 -0.0218 0.4483 0.8350
3.5000 0.5478 0.0134 0.0067 -0.0209 0.4415 0.8502
3.7500 0.5721 0.0136 0.0069 -0.0200 0.4350 0.8658
4.0000 0.5946 0.0138 0.0071 -0.0186 0.4279 0.8807
4.2500 0.6185 0.0140 0.0073 -0.0176 0.4211 0.8939
4.5000 0.6431 0.0143 0.0076 -0.0168 0.4146 0.9065
4.7500 0.6662 0.0144 0.0078 -0.0156 0.4082 0.9200
5.0000 0.6934 0.0148 0.0081 -0.0154 0.4021 0.9311
