-5.0000 -0.2755 0.0137 0.0066 -0.0494 0.7653 0.3387
-4.7500 -0.2520 0.0135 0.0064 -0.0484 0.7549 0.3521
-4.5000 -0.2303 0.0133 0.0062 -0.0471 0.7430 0.3662
-4.2500 -0.2078 0.0131 0.0061 -0.0460 0.7322 0.3814
-4.0000 -0.1848 0.0130 0.0060 -0.0449 0.7216 0.3979
-3.7500 -0.1625 0.0129 0.0059 -0.0437 0.7101 0.4140
-3.5000 -0.1392 0.0128 0.0058 -0.0427 0.6995 0.4297
-3.2500 -0.1155 0.0127 0.0057 -0.0417 0.6887 0.4447
-3.0000 -0.0922 0.0126 0.0056 -0.0407 0.6769 0.4593
-2.7500 -0.0683 0.0126 0.0056 -0.0397 0.6659 0.4742
-2.5000 -0.0447 0.0125 0.0055 -0.0387 0.6544 0.4880
-2.2500 -0.0207 0.0125 0.0055 -0.0378 0.6433 0.5018
-2.0000 0.0037 0.0125 0.0055 -0.0370 0.6326 0.5161
-1.7500 0.0273 0.0124 0.0055 -0.0360 0.6210 0.5289
-1.5000 0.0521 0.0125 0.0054 -0.0352 0.6103 0.5421
-1.2500 0.0755 0.0124 0.0054 -0.0342 0.5984 0.5545
-1.0000 0.1001 0.0125 0.0054 -0.0334 0.5880 0.5672
-0.7500 0.1241 0.0125 0.0055 -0.0324 0.5771 0.5800
-0.5000 0.1490 0.0126 0.0055 -0.0317 0.5676 0.5922
-0.2500 0.1731 0.0126 0.0055 -0.0308 0.5571 0.6048
0.0000 0.1980 0.0126 0.0056 -0.0301 0.5479 0.6164
0.2500 0.2222 0.0126 0.0056 -0.0292 0.5381 0.6291
0.5000 0.2463 0.0127 0.0056 -0.0284 0.5282 0.6419
0.7500 0.2702 0.0128 0.0057 -0.0275 0.5185 0.6541
1.0000 0.2949 0.0129 0.0057 -0.0268 0.5100 0.6666
1.2500 0.3192 0.0129 0.0059 -0.0260 0.5016 0.6786
1.5000 0.3435 0.0130 0.0059 -0.0252 0.4934 0.6916
1.7500 0.3680 0.0131 0.0060 -0.0244 0.4861 0.7059
2.0000 0.3918 0.0132 0.0061 -0.0235 0.4783 0.7204
2.2500 0.4167 0.0133 0.0063 -0.0228 0.4714 0.7344
2.5000 0.4407 0.0134 0.0064 -0.0220 0.4645 0.7487
2.7500 0.4646 0.0135 0.0065 -0.0211 0.4578 0.7638
3.0000 0.4898 0.0137 0.0067 -0.0205 0.4516 0.7803
3.2500 0.5122 0.0138 0.0069 -0.0192 0.4449 0.7960
3.5000 0.5358 0.0139 0.0071 -0.0183 0.4386 0.8110
3.7500 0.5595 0.0141 0.0073 -0.0173 0.4325 0.8256
4.0000 0.5816 0.0142 0.0074 -0.0161 0.4262 0.8402
4.2500 0.6060 0.0144 0.0076 -0.0153 0.4206 0.8543
4.5000 0.6275 0.0146 0.0078 -0.0139 0.4149 0.8690
4.7500 0.6493 0.0148 0.0081 -0.0126 0.4095 0.8831
5.0000 0.6746 0.0151 0.0083 -0.0120 0.4046 0.8960
