-5.0000 0.1193 0.0136 0.0063 -0.1098 0.7245 0.0784
-4.7500 0.1454 0.0135 0.0061 -0.1092 0.7130 0.0810
-4.5000 0.1713 0.0133 0.0059 -0.1086 0.7007 0.0839
-4.2500 0.1975 0.0133 0.0057 -0.1079 0.6884 0.0863
-4.0000 0.2219 0.0130 0.0054 -0.1071 0.6753 0.0907
-3.7500 0.2478 0.0129 0.0054 -0.1065 0.6625 0.0948
-3.5000 0.2729 0.0128 0.0052 -0.1057 0.6491 0.0985
-3.2500 0.2980 0.0127 0.0050 -0.1050 0.6357 0.1022
-3.0000 0.3232 0.0127 0.0049 -0.1042 0.6220 0.1063
-2.7500 0.3483 0.0126 0.0048 -0.1035 0.6082 0.1106
-2.5000 0.3727 0.0125 0.0047 -0.1026 0.5942 0.1160
-2.2500 0.3977 0.0126 0.0047 -0.1018 0.5798 0.1216
-2.0000 0.4216 0.0125 0.0046 -0.1010 0.5658 0.1276
-1.7500 0.4464 0.0126 0.0046 -0.1002 0.5510 0.1340
-1.5000 0.4702 0.0126 0.0046 -0.0993 0.5359 0.1409
-1.2500 0.4940 0.0126 0.0045 -0.0983 0.5208 0.1478
-1.0000 0.5178 0.0127 0.0045 -0.0974 0.5050 0.1558
-0.7500 0.5411 0.0127 0.0046 -0.0965 0.4891 0.1642
-0.5000 0.5641 0.0128 0.0046 -0.0955 0.4733 0.1730
-0.2500 0.5867 0.0129 0.0046 -0.0944 0.4583 0.1825
0.0000 0.6097 0.0130 0.0046 -0.0934 0.4430 0.1936
0.2500 0.6322 0.0131 0.0047 -0.0924 0.4288 0.2081
0.5000 0.6544 0.0131 0.0047 -0.0914 0.4164 0.2357
0.7500 0.6717 0.0122 0.0049 -0.0900 0.4063 0.5919
1.0000 0.6900 0.0120 0.0052 -0.0880 0.3976 0.7377
1.2500 0.7065 0.0120 0.0054 -0.0852 0.3904 0.8466
1.5000 0.7329 0.0121 0.0057 -0.0843 0.3829 0.9394
1.7500 0.7800 0.0124 0.0060 -0.0884 0.3759 0.9697
2.0000 0.8271 0.0128 0.0062 -0.0925 0.3689 1.0000
2.2500 0.8434 0.0130 0.0063 -0.0903 0.3646 1.0000
2.5000 0.8606 0.0132 0.0064 -0.0883 0.3605 1.0000
2.7500 0.8777 0.0134 0.0066 -0.0863 0.3571 1.0000
3.0000 0.8977 0.0136 0.0067 -0.0848 0.3538 1.0000
3.2500 0.9185 0.0138 0.0069 -0.0835 0.3505 1.0000
3.5000 0.9396 0.0141 0.0071 -0.0823 0.3475 1.0000
3.7500 0.9616 0.0144 0.0073 -0.0814 0.3445 1.0000
4.0000 0.9838 0.0146 0.0075 -0.0804 0.3416 1.0000
4.2500 1.0062 0.0149 0.0077 -0.0795 0.3387 1.0000
4.5000 1.0289 0.0151 0.0080 -0.0788 0.3361 1.0000
4.7500 1.0528 0.0155 0.0083 -0.0782 0.3338 1.0000
5.0000 1.0767 0.0158 0.0085 -0.0777 0.3317 1.0000
