-5.0000 -0.0298 0.0174 0.0095 -0.1067 0.8559 0.1534
-4.7500 -0.0054 0.0171 0.0092 -0.1058 0.8458 0.1612
-4.5000 0.0269 0.0167 0.0087 -0.1063 0.8391 0.1705
-4.2500 0.0524 0.0163 0.0084 -0.1056 0.8290 0.1788
-4.0000 0.0836 0.0159 0.0080 -0.1059 0.8216 0.1891
-3.7500 0.1091 0.0157 0.0077 -0.1052 0.8105 0.1997
-3.5000 0.1381 0.0153 0.0074 -0.1051 0.8016 0.2116
-3.2500 0.1648 0.0150 0.0071 -0.1046 0.7906 0.2242
-3.0000 0.1914 0.0147 0.0069 -0.1041 0.7792 0.2379
-2.7500 0.2202 0.0145 0.0066 -0.1040 0.7692 0.2531
-2.5000 0.2463 0.0143 0.0064 -0.1035 0.7574 0.2691
-2.2500 0.2727 0.0140 0.0062 -0.1030 0.7454 0.2869
-2.0000 0.2992 0.0138 0.0060 -0.1025 0.7338 0.3066
-1.7500 0.3262 0.0135 0.0057 -0.1022 0.7227 0.3315
-1.5000 0.3511 0.0132 0.0056 -0.1015 0.7102 0.3659
-1.2500 0.3744 0.0129 0.0055 -0.1006 0.6973 0.4345
-1.0000 0.3958 0.0124 0.0056 -0.0991 0.6848 0.5659
-0.7500 0.4174 0.0122 0.0056 -0.0974 0.6725 0.6741
-0.5000 0.4395 0.0121 0.0057 -0.0955 0.6607 0.7555
-0.2500 0.4630 0.0121 0.0058 -0.0938 0.6500 0.8252
0.0000 0.4891 0.0122 0.0060 -0.0925 0.6379 0.8808
0.2500 0.5232 0.0123 0.0061 -0.0931 0.6257 0.9220
0.5000 0.5636 0.0126 0.0062 -0.0952 0.6141 0.9526
0.7500 0.6120 0.0128 0.0062 -0.0991 0.6033 0.9736
1.0000 0.6625 0.0130 0.0063 -0.1037 0.5921 0.9881
1.2500 0.7184 0.0132 0.0064 -0.1097 0.5805 0.9998
1.5000 0.7386 0.0133 0.0064 -0.1085 0.5725 1.0000
1.7500 0.7579 0.0135 0.0065 -0.1070 0.5644 1.0000
2.0000 0.7784 0.0136 0.0066 -0.1057 0.5568 1.0000
2.2500 0.7984 0.0138 0.0066 -0.1043 0.5487 1.0000
2.5000 0.8209 0.0140 0.0068 -0.1034 0.5419 1.0000
2.7500 0.8413 0.0142 0.0069 -0.1020 0.5346 1.0000
3.0000 0.8650 0.0144 0.0071 -0.1012 0.5286 1.0000
3.2500 0.8875 0.0147 0.0073 -0.1003 0.5227 1.0000
3.5000 0.9096 0.0149 0.0075 -0.0992 0.5165 1.0000
3.7500 0.9344 0.0152 0.0077 -0.0987 0.5109 1.0000
4.0000 0.9584 0.0155 0.0079 -0.0980 0.5052 1.0000
4.2500 0.9804 0.0157 0.0082 -0.0970 0.4988 1.0000
4.5000 1.0050 0.0160 0.0084 -0.0964 0.4929 1.0000
4.7500 1.0309 0.0163 0.0086 -0.0961 0.4873 1.0000
5.0000 1.0523 0.0165 0.0089 -0.0949 0.4812 1.0000
