-5.0000 -0.4639 0.0112 0.0052 -0.0257 0.9348 0.3141
-4.7500 -0.4318 0.0109 0.0049 -0.0264 0.9295 0.3301
-4.5000 -0.4065 0.0107 0.0047 -0.0257 0.9198 0.3455
-4.2500 -0.3787 0.0104 0.0045 -0.0255 0.9118 0.3613
-4.0000 -0.3522 0.0102 0.0043 -0.0250 0.9027 0.3796
-3.7500 -0.3252 0.0100 0.0041 -0.0246 0.8936 0.3979
-3.5000 -0.2993 0.0098 0.0040 -0.0240 0.8831 0.4140
-3.2500 -0.2725 0.0096 0.0039 -0.0236 0.8729 0.4304
-3.0000 -0.2458 0.0095 0.0037 -0.0231 0.8626 0.4467
-2.7500 -0.2191 0.0093 0.0036 -0.0226 0.8511 0.4623
-2.5000 -0.1930 0.0092 0.0035 -0.0220 0.8377 0.4773
-2.2500 -0.1666 0.0091 0.0034 -0.0215 0.8238 0.4929
-2.0000 -0.1401 0.0090 0.0033 -0.0210 0.8091 0.5091
-1.7500 -0.1137 0.0089 0.0032 -0.0204 0.7956 0.5260
-1.5000 -0.0874 0.0088 0.0031 -0.0199 0.7807 0.5441
-1.2500 -0.0611 0.0088 0.0031 -0.0194 0.7655 0.5614
-1.0000 -0.0349 0.0087 0.0030 -0.0188 0.7497 0.5795
-0.7500 -0.0086 0.0087 0.0030 -0.0182 0.7346 0.5978
-0.5000 0.0175 0.0086 0.0030 -0.0177 0.7179 0.6159
-0.2500 0.0439 0.0086 0.0030 -0.0172 0.7020 0.6329
0.0000 0.0701 0.0086 0.0029 -0.0166 0.6849 0.6492
0.2500 0.0962 0.0086 0.0030 -0.0160 0.6686 0.6661
0.5000 0.1222 0.0086 0.0030 -0.0154 0.6524 0.6844
0.7500 0.1483 0.0086 0.0030 -0.0149 0.6360 0.7023
1.0000 0.1743 0.0086 0.0030 -0.0143 0.6208 0.7204
1.2500 0.2002 0.0087 0.0031 -0.0137 0.6044 0.7393
1.5000 0.2258 0.0087 0.0031 -0.0130 0.5871 0.7582
1.7500 0.2513 0.0088 0.0032 -0.0122 0.5688 0.7775
2.0000 0.2767 0.0089 0.0033 -0.0115 0.5515 0.7965
2.2500 0.3024 0.0089 0.0034 -0.0108 0.5339 0.8145
2.5000 0.3280 0.0091 0.0035 -0.0101 0.5182 0.8320
2.7500 0.3538 0.0092 0.0036 -0.0094 0.5020 0.8483
3.0000 0.3793 0.0093 0.0037 -0.0087 0.4865 0.8642
3.2500 0.4047 0.0095 0.0038 -0.0080 0.4707 0.8798
3.5000 0.4297 0.0096 0.0040 -0.0071 0.4546 0.8955
3.7500 0.4554 0.0098 0.0041 -0.0064 0.4379 0.9096
4.0000 0.4820 0.0101 0.0044 -0.0059 0.4226 0.9221
4.2500 0.5097 0.0103 0.0046 -0.0056 0.4072 0.9336
4.5000 0.5368 0.0105 0.0048 -0.0053 0.3906 0.9450
4.7500 0.5682 0.0108 0.0050 -0.0060 0.3730 0.9532
5.0000 0.5996 0.0111 0.0052 -0.0066 0.3555 0.9614
