-5.0000 -0.4212 0.0126 0.0060 -0.0302 0.7897 0.3599
-4.7500 -0.3977 0.0125 0.0059 -0.0293 0.7783 0.3681
-4.5000 -0.3746 0.0123 0.0057 -0.0283 0.7674 0.3761
-4.2500 -0.3507 0.0122 0.0056 -0.0275 0.7563 0.3841
-4.0000 -0.3263 0.0121 0.0055 -0.0267 0.7453 0.3922
-3.7500 -0.3024 0.0120 0.0054 -0.0259 0.7342 0.3999
-3.5000 -0.2782 0.0119 0.0053 -0.0251 0.7226 0.4078
-3.2500 -0.2537 0.0119 0.0052 -0.0244 0.7109 0.4163
-3.0000 -0.2298 0.0118 0.0051 -0.0235 0.6989 0.4247
-2.7500 -0.2056 0.0117 0.0050 -0.0227 0.6873 0.4332
-2.5000 -0.1811 0.0117 0.0049 -0.0220 0.6762 0.4424
-2.2500 -0.1567 0.0116 0.0049 -0.0212 0.6647 0.4524
-2.0000 -0.1328 0.0116 0.0048 -0.0203 0.6532 0.4620
-1.7500 -0.1085 0.0115 0.0048 -0.0195 0.6422 0.4715
-1.5000 -0.0839 0.0115 0.0047 -0.0188 0.6315 0.4806
-1.2500 -0.0592 0.0115 0.0047 -0.0181 0.6206 0.4898
-1.0000 -0.0347 0.0115 0.0046 -0.0174 0.6100 0.4995
-0.7500 -0.0101 0.0115 0.0046 -0.0166 0.5994 0.5093
-0.5000 0.0143 0.0114 0.0046 -0.0158 0.5889 0.5188
-0.2500 0.0387 0.0114 0.0046 -0.0151 0.5782 0.5283
0.0000 0.0632 0.0114 0.0046 -0.0143 0.5670 0.5383
0.2500 0.0876 0.0114 0.0046 -0.0135 0.5568 0.5485
0.5000 0.1119 0.0115 0.0046 -0.0127 0.5468 0.5583
0.7500 0.1361 0.0115 0.0047 -0.0119 0.5370 0.5688
1.0000 0.1602 0.0115 0.0047 -0.0111 0.5257 0.5800
1.2500 0.1843 0.0116 0.0047 -0.0103 0.5162 0.5911
1.5000 0.2084 0.0116 0.0048 -0.0094 0.5061 0.6027
1.7500 0.2325 0.0116 0.0048 -0.0086 0.4967 0.6141
2.0000 0.2565 0.0117 0.0049 -0.0078 0.4872 0.6254
2.2500 0.2804 0.0117 0.0049 -0.0069 0.4778 0.6367
2.5000 0.3044 0.0118 0.0050 -0.0061 0.4689 0.6480
2.7500 0.3282 0.0119 0.0051 -0.0053 0.4606 0.6591
3.0000 0.3521 0.0119 0.0052 -0.0044 0.4517 0.6709
3.2500 0.3759 0.0120 0.0053 -0.0036 0.4432 0.6828
3.5000 0.3993 0.0121 0.0054 -0.0026 0.4351 0.6954
3.7500 0.4223 0.0122 0.0055 -0.0016 0.4269 0.7084
4.0000 0.4454 0.0122 0.0056 -0.0006 0.4186 0.7219
4.2500 0.4678 0.0124 0.0057 0.0005 0.4102 0.7354
4.5000 0.4894 0.0125 0.0059 0.0017 0.4019 0.7492
4.7500 0.5113 0.0126 0.0061 0.0029 0.3925 0.7633
5.0000 0.5321 0.0127 0.0062 0.0043 0.3843 0.7771
