-5.0000 -0.1561 0.0134 0.0064 -0.0521 0.7175 0.4315
-4.7500 -0.1317 0.0133 0.0063 -0.0512 0.7065 0.4398
-4.5000 -0.1071 0.0132 0.0063 -0.0503 0.6957 0.4479
-4.2500 -0.0821 0.0132 0.0062 -0.0495 0.6855 0.4569
-4.0000 -0.0582 0.0131 0.0061 -0.0484 0.6748 0.4667
-3.7500 -0.0341 0.0131 0.0061 -0.0475 0.6642 0.4758
-3.5000 -0.0094 0.0131 0.0060 -0.0466 0.6541 0.4848
-3.2500 0.0157 0.0131 0.0059 -0.0459 0.6444 0.4942
-3.0000 0.0399 0.0130 0.0059 -0.0449 0.6337 0.5030
-2.7500 0.0639 0.0130 0.0059 -0.0440 0.6231 0.5125
-2.5000 0.0881 0.0130 0.0058 -0.0430 0.6130 0.5228
-2.2500 0.1123 0.0130 0.0058 -0.0421 0.6031 0.5337
-2.0000 0.1366 0.0130 0.0058 -0.0412 0.5932 0.5437
-1.7500 0.1604 0.0130 0.0058 -0.0402 0.5831 0.5539
-1.5000 0.1843 0.0130 0.0058 -0.0393 0.5735 0.5648
-1.2500 0.2083 0.0130 0.0058 -0.0384 0.5646 0.5768
-1.0000 0.2319 0.0131 0.0058 -0.0374 0.5551 0.5889
-0.7500 0.2553 0.0131 0.0059 -0.0364 0.5454 0.6009
-0.5000 0.2791 0.0131 0.0059 -0.0354 0.5361 0.6117
-0.2500 0.3026 0.0132 0.0059 -0.0344 0.5270 0.6231
0.0000 0.3256 0.0132 0.0060 -0.0333 0.5174 0.6342
0.2500 0.3485 0.0132 0.0061 -0.0323 0.5082 0.6462
0.5000 0.3714 0.0133 0.0061 -0.0312 0.4994 0.6587
0.7500 0.3938 0.0134 0.0062 -0.0300 0.4901 0.6713
1.0000 0.4161 0.0134 0.0063 -0.0289 0.4808 0.6840
1.2500 0.4380 0.0135 0.0064 -0.0276 0.4718 0.6972
1.5000 0.4592 0.0136 0.0065 -0.0263 0.4625 0.7112
1.7500 0.4801 0.0137 0.0066 -0.0249 0.4534 0.7257
2.0000 0.5000 0.0138 0.0067 -0.0233 0.4446 0.7398
2.2500 0.5180 0.0140 0.0069 -0.0213 0.4352 0.7550
2.5000 0.5364 0.0141 0.0070 -0.0194 0.4259 0.7706
2.7500 0.5551 0.0143 0.0072 -0.0177 0.4171 0.7862
3.0000 0.5737 0.0145 0.0074 -0.0159 0.4083 0.8034
3.2500 0.5925 0.0147 0.0077 -0.0141 0.3989 0.8200
3.5000 0.6109 0.0149 0.0080 -0.0124 0.3903 0.8378
3.7500 0.6283 0.0152 0.0083 -0.0104 0.3819 0.8553
4.0000 0.6457 0.0155 0.0086 -0.0085 0.3725 0.8722
4.2500 0.6627 0.0159 0.0090 -0.0065 0.3640 0.8897
4.5000 0.6789 0.0163 0.0093 -0.0043 0.3564 0.9078
4.7500 0.6977 0.0167 0.0098 -0.0027 0.3481 0.9244
5.0000 0.7193 0.0172 0.0102 -0.0018 0.3409 0.9398
