-5.0000 -0.3312 0.0173 0.0094 -0.0383 0.9761 0.0344
-4.7500 -0.2872 0.0171 0.0092 -0.0417 0.9714 0.0381
-4.5000 -0.2461 0.0168 0.0088 -0.0443 0.9663 0.0401
-4.2500 -0.2104 0.0165 0.0085 -0.0459 0.9581 0.0421
-4.0000 -0.1643 0.0162 0.0083 -0.0495 0.9526 0.0470
-3.7500 -0.1192 0.0157 0.0077 -0.0527 0.9456 0.0503
-3.5000 -0.0780 0.0152 0.0072 -0.0551 0.9365 0.0537
-3.2500 -0.0343 0.0147 0.0067 -0.0579 0.9309 0.0581
-3.0000 -0.0042 0.0144 0.0064 -0.0579 0.9185 0.0657
-2.7500 0.0304 0.0140 0.0061 -0.0589 0.9095 0.0747
-2.5000 0.0592 0.0136 0.0057 -0.0587 0.8976 0.0833
-2.2500 0.0871 0.0132 0.0054 -0.0583 0.8850 0.0942
-2.0000 0.1164 0.0129 0.0051 -0.0582 0.8735 0.1088
-1.7500 0.1439 0.0126 0.0048 -0.0577 0.8599 0.1268
-1.5000 0.1702 0.0122 0.0045 -0.0570 0.8442 0.1553
-1.2500 0.1865 0.0105 0.0043 -0.0553 0.8282 0.5233
-1.0000 0.1994 0.0096 0.0045 -0.0506 0.8118 0.8123
-0.7500 0.2320 0.0095 0.0046 -0.0497 0.7940 0.9166
-0.5000 0.2763 0.0096 0.0045 -0.0520 0.7741 0.9593
-0.2500 0.3328 0.0097 0.0044 -0.0573 0.7517 0.9830
0.0000 0.3911 0.0098 0.0042 -0.0633 0.7250 1.0000
0.2500 0.4140 0.0098 0.0041 -0.0623 0.7007 1.0000
0.5000 0.4365 0.0099 0.0040 -0.0612 0.6736 1.0000
0.7500 0.4590 0.0100 0.0039 -0.0601 0.6458 1.0000
1.0000 0.4813 0.0101 0.0038 -0.0590 0.6168 1.0000
1.2500 0.5033 0.0103 0.0038 -0.0578 0.5863 1.0000
1.5000 0.5252 0.0105 0.0038 -0.0565 0.5551 1.0000
1.7500 0.5467 0.0108 0.0039 -0.0553 0.5234 1.0000
2.0000 0.5681 0.0111 0.0040 -0.0540 0.4918 1.0000
2.2500 0.5894 0.0114 0.0041 -0.0528 0.4633 1.0000
2.5000 0.6113 0.0117 0.0042 -0.0516 0.4378 1.0000
2.7500 0.6335 0.0121 0.0044 -0.0506 0.4172 1.0000
3.0000 0.6561 0.0124 0.0046 -0.0496 0.4005 1.0000
3.2500 0.6789 0.0128 0.0048 -0.0487 0.3866 1.0000
3.5000 0.7027 0.0131 0.0050 -0.0479 0.3743 1.0000
3.7500 0.7267 0.0134 0.0053 -0.0472 0.3648 1.0000
4.0000 0.7513 0.0138 0.0056 -0.0466 0.3562 1.0000
4.2500 0.7759 0.0142 0.0059 -0.0461 0.3493 1.0000
4.5000 0.8011 0.0145 0.0062 -0.0457 0.3429 1.0000
4.7500 0.8263 0.0148 0.0065 -0.0452 0.3370 1.0000
5.0000 0.8517 0.0153 0.0069 -0.0449 0.3312 1.0000
