-5.0000 -0.2399 0.0186 0.0108 -0.0913 0.9435 0.1142
-4.7500 -0.2022 0.0183 0.0106 -0.0935 0.9398 0.1312
-4.5000 -0.1624 0.0181 0.0103 -0.0961 0.9373 0.1504
-4.2500 -0.1220 0.0178 0.0102 -0.0988 0.9354 0.1723
-4.0000 -0.1055 0.0177 0.0102 -0.0969 0.9273 0.1900
-3.7500 -0.0723 0.0176 0.0102 -0.0983 0.9231 0.2258
-3.5000 -0.0346 0.0174 0.0101 -0.1004 0.9201 0.2661
-3.2500 0.0061 0.0171 0.0100 -0.1030 0.9179 0.2992
-3.0000 0.0310 0.0170 0.0100 -0.1026 0.9113 0.3228
-2.7500 0.0612 0.0169 0.0099 -0.1030 0.9056 0.3502
-2.5000 0.0991 0.0166 0.0097 -0.1050 0.9024 0.3818
-2.2500 0.1395 0.0163 0.0095 -0.1073 0.9000 0.4134
-2.0000 0.1815 0.0160 0.0093 -0.1099 0.8982 0.4445
-1.7500 0.2078 0.0159 0.0093 -0.1095 0.8916 0.4723
-1.5000 0.2342 0.0158 0.0093 -0.1091 0.8850 0.5000
-1.2500 0.2716 0.0155 0.0091 -0.1107 0.8821 0.5322
-1.0000 0.3106 0.0151 0.0087 -0.1124 0.8797 0.5649
-0.7500 0.3382 0.0149 0.0086 -0.1120 0.8729 0.5945
-0.5000 0.3657 0.0147 0.0086 -0.1116 0.8660 0.6241
-0.2500 0.4009 0.0143 0.0083 -0.1125 0.8625 0.6572
0.0000 0.4288 0.0140 0.0082 -0.1121 0.8560 0.6939
0.2500 0.4568 0.0137 0.0080 -0.1116 0.8495 0.7306
0.5000 0.4873 0.0132 0.0077 -0.1113 0.8442 0.7777
0.7500 0.5189 0.0126 0.0073 -0.1108 0.8401 0.8467
1.0000 0.5595 0.0123 0.0071 -0.1127 0.8305 1.0000
1.2500 0.5941 0.0120 0.0068 -0.1137 0.8233 1.0000
1.5000 0.6249 0.0119 0.0066 -0.1140 0.8151 1.0000
1.7500 0.6538 0.0118 0.0064 -0.1139 0.8056 1.0000
2.0000 0.6857 0.0116 0.0062 -0.1144 0.7971 1.0000
2.2500 0.7128 0.0115 0.0061 -0.1139 0.7853 1.0000
2.5000 0.7407 0.0115 0.0060 -0.1135 0.7732 1.0000
2.7500 0.7731 0.0113 0.0058 -0.1140 0.7622 1.0000
3.0000 0.7974 0.0114 0.0058 -0.1130 0.7469 1.0000
3.2500 0.8238 0.0114 0.0058 -0.1124 0.7324 1.0000
3.5000 0.8507 0.0114 0.0058 -0.1119 0.7172 1.0000
3.7500 0.8766 0.0115 0.0058 -0.1112 0.6997 1.0000
4.0000 0.9018 0.0116 0.0058 -0.1103 0.6799 1.0000
4.2500 0.9266 0.0117 0.0059 -0.1094 0.6588 1.0000
4.5000 0.9508 0.0118 0.0060 -0.1084 0.6365 1.0000
4.7500 0.9745 0.0120 0.0061 -0.1073 0.6136 1.0000
5.0000 0.9963 0.0123 0.0063 -0.1059 0.5881 1.0000
