-5.0000 -0.2196 0.0213 0.0136 -0.0896 0.8396 0.3069
-4.7500 -0.1820 0.0209 0.0133 -0.0913 0.8369 0.3164
-4.5000 -0.1417 0.0204 0.0128 -0.0934 0.8349 0.3274
-4.2500 -0.1002 0.0199 0.0123 -0.0957 0.8332 0.3383
-4.0000 -0.0571 0.0193 0.0118 -0.0983 0.8317 0.3492
-3.7500 -0.0330 0.0192 0.0117 -0.0974 0.8248 0.3589
-3.5000 -0.0089 0.0190 0.0115 -0.0965 0.8179 0.3686
-3.2500 0.0320 0.0185 0.0110 -0.0987 0.8156 0.3807
-3.0000 0.0739 0.0181 0.0106 -0.1011 0.8135 0.3931
-2.7500 0.0841 0.0182 0.0108 -0.0977 0.8030 0.4009
-2.5000 0.1216 0.0179 0.0104 -0.0993 0.7991 0.4131
-2.2500 0.1632 0.0174 0.0100 -0.1015 0.7961 0.4249
-2.0000 0.1842 0.0173 0.0100 -0.1000 0.7877 0.4345
-1.7500 0.2163 0.0171 0.0097 -0.1006 0.7815 0.4469
-1.5000 0.2572 0.0166 0.0093 -0.1027 0.7775 0.4591
-1.2500 0.2788 0.0165 0.0093 -0.1013 0.7684 0.4699
-1.0000 0.3124 0.0163 0.0090 -0.1020 0.7615 0.4830
-0.7500 0.3512 0.0160 0.0087 -0.1038 0.7561 0.4958
-0.5000 0.3700 0.0159 0.0087 -0.1018 0.7457 0.5071
-0.2500 0.4078 0.0157 0.0084 -0.1035 0.7399 0.5213
0.0000 0.4286 0.0157 0.0085 -0.1019 0.7298 0.5324
0.2500 0.4638 0.0155 0.0083 -0.1029 0.7224 0.5461
0.5000 0.4851 0.0155 0.0083 -0.1015 0.7119 0.5586
0.7500 0.5200 0.0153 0.0081 -0.1025 0.7046 0.5724
1.0000 0.5413 0.0154 0.0082 -0.1011 0.6939 0.5851
1.2500 0.5716 0.0153 0.0081 -0.1013 0.6851 0.5989
1.5000 0.5960 0.0152 0.0081 -0.1004 0.6743 0.6123
1.7500 0.6188 0.0152 0.0082 -0.0992 0.6633 0.6258
2.0000 0.6501 0.0152 0.0081 -0.0995 0.6542 0.6410
2.2500 0.6690 0.0152 0.0082 -0.0977 0.6427 0.6555
2.5000 0.6967 0.0152 0.0082 -0.0974 0.6330 0.6709
2.7500 0.7183 0.0153 0.0083 -0.0960 0.6218 0.6859
3.0000 0.7414 0.0154 0.0084 -0.0949 0.6113 0.7014
3.2500 0.7680 0.0154 0.0084 -0.0945 0.6013 0.7186
3.5000 0.7870 0.0155 0.0086 -0.0926 0.5904 0.7366
3.7500 0.8133 0.0155 0.0086 -0.0921 0.5806 0.7564
4.0000 0.8292 0.0157 0.0089 -0.0896 0.5696 0.7783
4.2500 0.8558 0.0157 0.0089 -0.0890 0.5596 0.8046
4.5000 0.8665 0.0158 0.0092 -0.0855 0.5481 0.8352
4.7500 0.8886 0.0160 0.0093 -0.0838 0.5383 0.8714
5.0000 0.9050 0.0161 0.0096 -0.0812 0.5271 0.9187
