-5.0000 -0.5436 0.0245 0.0162 -0.0110 0.9344 0.3890
-4.7500 -0.5096 0.0243 0.0161 -0.0121 0.9241 0.4209
-4.5000 -0.4757 0.0240 0.0160 -0.0132 0.9137 0.4529
-4.2500 -0.4417 0.0238 0.0159 -0.0143 0.9034 0.4848
-4.0000 -0.4077 0.0237 0.0159 -0.0151 0.8932 0.5137
-3.7500 -0.3644 0.0234 0.0158 -0.0173 0.8847 0.5428
-3.5000 -0.3318 0.0233 0.0158 -0.0175 0.8730 0.5659
-3.2500 -0.2848 0.0230 0.0155 -0.0202 0.8665 0.5932
-3.0000 -0.2562 0.0229 0.0154 -0.0197 0.8547 0.6136
-2.7500 -0.2122 0.0225 0.0152 -0.0216 0.8482 0.6349
-2.5000 -0.1849 0.0224 0.0151 -0.0207 0.8359 0.6539
-2.2500 -0.1418 0.0220 0.0147 -0.0222 0.8292 0.6739
-2.0000 -0.1156 0.0219 0.0146 -0.0211 0.8163 0.6921
-1.7500 -0.0721 0.0215 0.0143 -0.0224 0.8098 0.7111
-1.5000 -0.0484 0.0214 0.0142 -0.0207 0.7955 0.7287
-1.2500 -0.0169 0.0213 0.0141 -0.0202 0.7836 0.7452
-1.0000 0.0219 0.0211 0.0139 -0.0206 0.7741 0.7614
-0.7500 0.0497 0.0211 0.0140 -0.0195 0.7596 0.7764
-0.5000 0.0831 0.0212 0.0140 -0.0192 0.7472 0.7920
-0.2500 0.1192 0.0211 0.0139 -0.0193 0.7353 0.8075
0.0000 0.1467 0.0213 0.0140 -0.0183 0.7201 0.8228
0.2500 0.1770 0.0213 0.0140 -0.0177 0.7062 0.8383
0.5000 0.2253 0.0215 0.0141 -0.0200 0.6925 0.8472
0.7500 0.2576 0.0216 0.0141 -0.0201 0.6769 0.8607
1.0000 0.2925 0.0218 0.0142 -0.0208 0.6608 0.8730
1.2500 0.3359 0.0220 0.0143 -0.0230 0.6447 0.8820
1.5000 0.3671 0.0221 0.0144 -0.0233 0.6296 0.8964
1.7500 0.4230 0.0223 0.0145 -0.0281 0.6124 0.9026
2.0000 0.4582 0.0225 0.0145 -0.0293 0.5978 0.9164
2.2500 0.5122 0.0227 0.0146 -0.0340 0.5816 0.9238
2.5000 0.5511 0.0228 0.0146 -0.0361 0.5678 0.9366
2.7500 0.6001 0.0229 0.0146 -0.0401 0.5526 0.9461
3.0000 0.6418 0.0230 0.0146 -0.0431 0.5379 0.9573
3.2500 0.6825 0.0232 0.0148 -0.0460 0.5245 0.9693
3.5000 0.7322 0.0232 0.0148 -0.0507 0.5109 0.9780
3.7500 0.7761 0.0233 0.0148 -0.0543 0.4987 0.9886
4.0000 0.8265 0.0233 0.0147 -0.0593 0.4872 0.9972
4.2500 0.8535 0.0235 0.0148 -0.0599 0.4771 1.0000
4.5000 0.8686 0.0237 0.0150 -0.0584 0.4676 1.0000
4.7500 0.8873 0.0238 0.0150 -0.0573 0.4590 1.0000
5.0000 0.9004 0.0241 0.0154 -0.0553 0.4495 1.0000
