-5.0000 -0.3011 0.0140 0.0066 -0.0440 0.9566 0.0426
-4.7500 -0.2605 0.0137 0.0063 -0.0466 0.9532 0.0467
-4.5000 -0.2199 0.0134 0.0059 -0.0491 0.9500 0.0524
-4.2500 -0.1902 0.0131 0.0057 -0.0493 0.9401 0.0598
-4.0000 -0.1543 0.0126 0.0053 -0.0506 0.9327 0.0664
-3.7500 -0.1254 0.0123 0.0050 -0.0504 0.9212 0.0730
-3.5000 -0.0940 0.0120 0.0046 -0.0507 0.9118 0.0812
-3.2500 -0.0682 0.0117 0.0044 -0.0499 0.8984 0.0903
-3.0000 -0.0408 0.0115 0.0042 -0.0495 0.8870 0.1016
-2.7500 -0.0134 0.0112 0.0040 -0.0491 0.8749 0.1149
-2.5000 0.0128 0.0110 0.0038 -0.0485 0.8601 0.1318
-2.2500 0.0385 0.0106 0.0036 -0.0479 0.8446 0.1612
-2.0000 0.0567 0.0093 0.0033 -0.0465 0.8291 0.4211
-1.7500 0.0760 0.0086 0.0032 -0.0446 0.8131 0.6035
-1.5000 0.0989 0.0083 0.0032 -0.0431 0.7961 0.6871
-1.2500 0.1230 0.0082 0.0032 -0.0417 0.7786 0.7431
-1.0000 0.1474 0.0081 0.0032 -0.0404 0.7604 0.7899
-0.7500 0.1720 0.0080 0.0032 -0.0390 0.7421 0.8332
-0.5000 0.1970 0.0081 0.0032 -0.0377 0.7231 0.8711
-0.2500 0.2238 0.0082 0.0033 -0.0367 0.7035 0.9013
0.0000 0.2526 0.0083 0.0034 -0.0363 0.6820 0.9283
0.2500 0.2852 0.0085 0.0034 -0.0367 0.6599 0.9498
0.5000 0.3265 0.0088 0.0035 -0.0390 0.6359 0.9636
0.7500 0.3689 0.0090 0.0036 -0.0419 0.6095 0.9739
1.0000 0.4130 0.0092 0.0036 -0.0452 0.5814 0.9817
1.2500 0.4537 0.0094 0.0036 -0.0479 0.5535 0.9897
1.5000 0.4994 0.0096 0.0036 -0.0517 0.5214 0.9964
1.7500 0.5335 0.0098 0.0036 -0.0533 0.4908 1.0000
2.0000 0.5552 0.0100 0.0037 -0.0523 0.4643 1.0000
2.2500 0.5764 0.0102 0.0037 -0.0512 0.4394 1.0000
2.5000 0.5978 0.0104 0.0038 -0.0501 0.4164 1.0000
2.7500 0.6191 0.0106 0.0039 -0.0490 0.3968 1.0000
3.0000 0.6405 0.0108 0.0040 -0.0478 0.3804 1.0000
3.2500 0.6618 0.0111 0.0042 -0.0466 0.3663 1.0000
3.5000 0.6839 0.0113 0.0043 -0.0456 0.3543 1.0000
3.7500 0.7058 0.0116 0.0045 -0.0445 0.3437 1.0000
4.0000 0.7279 0.0118 0.0047 -0.0434 0.3337 1.0000
4.2500 0.7503 0.0121 0.0049 -0.0424 0.3255 1.0000
4.5000 0.7732 0.0123 0.0051 -0.0415 0.3181 1.0000
4.7500 0.7953 0.0127 0.0053 -0.0404 0.3115 1.0000
5.0000 0.8190 0.0129 0.0056 -0.0396 0.3063 1.0000
