-5.0000 -0.5649 0.0268 0.0180 -0.0244 0.9713 0.3302
-4.7500 -0.5352 0.0266 0.0179 -0.0252 0.9619 0.3464
-4.5000 -0.4944 0.0266 0.0179 -0.0281 0.9557 0.3662
-4.2500 -0.4639 0.0266 0.0179 -0.0291 0.9479 0.3837
-4.0000 -0.4278 0.0266 0.0179 -0.0309 0.9406 0.4019
-3.7500 -0.3897 0.0266 0.0180 -0.0331 0.9339 0.4203
-3.5000 -0.3576 0.0265 0.0181 -0.0341 0.9244 0.4381
-3.2500 -0.3158 0.0265 0.0181 -0.0367 0.9177 0.4583
-3.0000 -0.2870 0.0264 0.0181 -0.0370 0.9073 0.4763
-2.7500 -0.2400 0.0264 0.0181 -0.0404 0.9022 0.4988
-2.5000 -0.2173 0.0263 0.0181 -0.0396 0.8902 0.5164
-2.2500 -0.1777 0.0262 0.0181 -0.0415 0.8834 0.5370
-2.0000 -0.1476 0.0261 0.0181 -0.0418 0.8732 0.5556
-1.7500 -0.1148 0.0260 0.0181 -0.0424 0.8642 0.5752
-1.5000 -0.0766 0.0257 0.0179 -0.0437 0.8564 0.5967
-1.2500 -0.0481 0.0256 0.0179 -0.0436 0.8463 0.6171
-1.0000 -0.0070 0.0253 0.0176 -0.0454 0.8404 0.6406
-0.7500 0.0182 0.0253 0.0177 -0.0445 0.8297 0.6602
-0.5000 0.0635 0.0247 0.0173 -0.0466 0.8248 0.6835
-0.2500 0.0876 0.0246 0.0172 -0.0454 0.8131 0.7050
0.0000 0.1334 0.0240 0.0167 -0.0473 0.8089 0.7298
0.2500 0.1555 0.0239 0.0167 -0.0454 0.7972 0.7520
0.5000 0.1984 0.0232 0.0161 -0.0466 0.7924 0.7769
0.7500 0.2207 0.0231 0.0160 -0.0447 0.7804 0.8002
1.0000 0.2631 0.0224 0.0154 -0.0456 0.7752 0.8248
1.2500 0.2865 0.0224 0.0154 -0.0437 0.7631 0.8488
1.5000 0.3353 0.0217 0.0148 -0.0455 0.7576 0.8730
1.7500 0.3690 0.0216 0.0147 -0.0455 0.7447 0.8968
2.0000 0.4237 0.0213 0.0143 -0.0492 0.7354 0.9167
2.2500 0.4823 0.0209 0.0140 -0.0540 0.7240 0.9339
2.5000 0.5371 0.0208 0.0138 -0.0585 0.7093 0.9507
2.7500 0.6036 0.0205 0.0135 -0.0654 0.6942 0.9630
3.0000 0.6668 0.0202 0.0130 -0.0718 0.6783 0.9760
3.2500 0.7279 0.0198 0.0126 -0.0779 0.6622 0.9896
3.5000 0.7775 0.0197 0.0124 -0.0826 0.6435 1.0000
3.7500 0.7861 0.0197 0.0124 -0.0798 0.6279 1.0000
4.0000 0.7991 0.0197 0.0123 -0.0775 0.6131 1.0000
4.2500 0.8175 0.0196 0.0120 -0.0758 0.5985 1.0000
4.5000 0.8299 0.0197 0.0121 -0.0731 0.5826 1.0000
4.7500 0.8431 0.0199 0.0122 -0.0705 0.5671 1.0000
5.0000 0.8595 0.0201 0.0123 -0.0683 0.5522 1.0000
