-5.0000 -0.5428 0.0148 0.0066 -0.0039 1.0000 0.0924
-4.7500 -0.5213 0.0145 0.0063 -0.0031 1.0000 0.1100
-4.5000 -0.4993 0.0143 0.0062 -0.0024 1.0000 0.1266
-4.2500 -0.4771 0.0140 0.0060 -0.0017 1.0000 0.1462
-4.0000 -0.4549 0.0138 0.0059 -0.0011 1.0000 0.1707
-3.7500 -0.4182 0.0134 0.0058 -0.0034 0.9961 0.2087
-3.5000 -0.3749 0.0131 0.0056 -0.0071 0.9906 0.2596
-3.2500 -0.3358 0.0126 0.0055 -0.0098 0.9845 0.3167
-3.0000 -0.2982 0.0120 0.0054 -0.0124 0.9777 0.4313
-2.7500 -0.2590 0.0114 0.0055 -0.0149 0.9727 0.5701
-2.5000 -0.2253 0.0111 0.0055 -0.0159 0.9637 0.6376
-2.2500 -0.1846 0.0108 0.0054 -0.0182 0.9578 0.6864
-2.0000 -0.1478 0.0106 0.0054 -0.0195 0.9499 0.7307
-1.7500 -0.1095 0.0104 0.0053 -0.0210 0.9422 0.7716
-1.5000 -0.0755 0.0103 0.0053 -0.0214 0.9328 0.8086
-1.2500 -0.0406 0.0102 0.0052 -0.0219 0.9240 0.8404
-1.0000 -0.0111 0.0101 0.0052 -0.0212 0.9116 0.8687
-0.7500 0.0210 0.0101 0.0052 -0.0210 0.9001 0.8920
-0.5000 0.0553 0.0100 0.0051 -0.0213 0.8886 0.9111
-0.2500 0.0900 0.0100 0.0050 -0.0218 0.8744 0.9279
0.0000 0.1266 0.0101 0.0050 -0.0227 0.8577 0.9426
0.2500 0.1646 0.0101 0.0050 -0.0241 0.8367 0.9563
0.5000 0.2130 0.0101 0.0049 -0.0276 0.8150 0.9663
0.7500 0.2616 0.0102 0.0049 -0.0314 0.7929 0.9776
1.0000 0.3063 0.0102 0.0048 -0.0346 0.7680 0.9892
1.2500 0.3519 0.0102 0.0046 -0.0382 0.7399 0.9966
1.5000 0.3839 0.0102 0.0045 -0.0392 0.7120 1.0000
1.7500 0.4069 0.0102 0.0044 -0.0383 0.6858 1.0000
2.0000 0.4301 0.0103 0.0044 -0.0375 0.6589 1.0000
2.2500 0.4533 0.0104 0.0043 -0.0367 0.6323 1.0000
2.5000 0.4763 0.0105 0.0043 -0.0358 0.6079 1.0000
2.7500 0.4994 0.0107 0.0044 -0.0350 0.5847 1.0000
3.0000 0.5223 0.0108 0.0044 -0.0341 0.5620 1.0000
3.2500 0.5450 0.0110 0.0045 -0.0331 0.5391 1.0000
3.5000 0.5674 0.0112 0.0046 -0.0321 0.5161 1.0000
3.7500 0.5898 0.0114 0.0047 -0.0310 0.4947 1.0000
4.0000 0.6121 0.0116 0.0049 -0.0299 0.4746 1.0000
4.2500 0.6343 0.0118 0.0050 -0.0288 0.4534 1.0000
4.5000 0.6565 0.0121 0.0052 -0.0278 0.4327 1.0000
4.7500 0.6787 0.0123 0.0054 -0.0267 0.4130 1.0000
5.0000 0.7009 0.0126 0.0056 -0.0256 0.3931 1.0000
