-5.0000 -0.6618 0.0220 0.0140 0.0136 0.9845 0.4112
-4.7500 -0.6201 0.0220 0.0141 0.0106 0.9751 0.4475
-4.5000 -0.5800 0.0221 0.0143 0.0081 0.9656 0.4781
-4.2500 -0.5370 0.0221 0.0144 0.0051 0.9563 0.5068
-4.0000 -0.5006 0.0221 0.0145 0.0035 0.9450 0.5316
-3.7500 -0.4521 0.0221 0.0145 -0.0003 0.9371 0.5590
-3.5000 -0.4185 0.0220 0.0146 -0.0011 0.9244 0.5804
-3.2500 -0.3813 0.0220 0.0146 -0.0025 0.9134 0.6021
-3.0000 -0.3335 0.0218 0.0145 -0.0058 0.9060 0.6253
-2.7500 -0.3016 0.0217 0.0144 -0.0062 0.8939 0.6450
-2.5000 -0.2596 0.0216 0.0144 -0.0081 0.8851 0.6651
-2.2500 -0.2173 0.0215 0.0143 -0.0099 0.8762 0.6872
-2.0000 -0.1832 0.0214 0.0143 -0.0101 0.8646 0.7070
-1.7500 -0.1365 0.0211 0.0141 -0.0121 0.8583 0.7287
-1.5000 -0.1061 0.0210 0.0140 -0.0115 0.8452 0.7475
-1.2500 -0.0731 0.0209 0.0139 -0.0112 0.8324 0.7641
-1.0000 -0.0379 0.0207 0.0138 -0.0112 0.8205 0.7804
-0.7500 0.0039 0.0205 0.0135 -0.0122 0.8113 0.7961
-0.5000 0.0353 0.0204 0.0135 -0.0116 0.7968 0.8108
-0.2500 0.0678 0.0204 0.0134 -0.0113 0.7819 0.8250
0.0000 0.1014 0.0203 0.0133 -0.0111 0.7665 0.8390
0.2500 0.1338 0.0203 0.0132 -0.0108 0.7505 0.8536
0.5000 0.1777 0.0204 0.0132 -0.0124 0.7336 0.8635
0.7500 0.2167 0.0205 0.0133 -0.0134 0.7168 0.8755
1.0000 0.2539 0.0206 0.0133 -0.0143 0.7002 0.8890
1.2500 0.3023 0.0207 0.0133 -0.0173 0.6828 0.8985
1.5000 0.3477 0.0208 0.0132 -0.0200 0.6643 0.9085
1.7500 0.3856 0.0209 0.0132 -0.0216 0.6447 0.9212
2.0000 0.4349 0.0209 0.0132 -0.0253 0.6234 0.9306
2.2500 0.4785 0.0210 0.0132 -0.0282 0.6028 0.9419
2.5000 0.5184 0.0211 0.0132 -0.0306 0.5832 0.9545
2.7500 0.5659 0.0212 0.0131 -0.0345 0.5628 0.9644
3.0000 0.6114 0.0212 0.0131 -0.0382 0.5430 0.9752
3.2500 0.6570 0.0212 0.0130 -0.0420 0.5229 0.9861
3.5000 0.7043 0.0211 0.0128 -0.0462 0.5028 0.9948
3.7500 0.7392 0.0212 0.0127 -0.0482 0.4861 1.0000
4.0000 0.7577 0.0213 0.0127 -0.0471 0.4732 1.0000
4.2500 0.7742 0.0215 0.0129 -0.0457 0.4590 1.0000
4.5000 0.7921 0.0217 0.0130 -0.0444 0.4469 1.0000
4.7500 0.8103 0.0219 0.0131 -0.0431 0.4349 1.0000
5.0000 0.8268 0.0222 0.0134 -0.0415 0.4232 1.0000
