-5.0000 -0.3990 0.0116 0.0051 -0.0306 0.8296 0.3272
-4.7500 -0.3746 0.0114 0.0050 -0.0298 0.8178 0.3419
-4.5000 -0.3502 0.0112 0.0049 -0.0290 0.8060 0.3566
-4.2500 -0.3256 0.0110 0.0047 -0.0282 0.7936 0.3718
-4.0000 -0.3008 0.0109 0.0046 -0.0275 0.7812 0.3873
-3.7500 -0.2761 0.0107 0.0045 -0.0267 0.7683 0.4023
-3.5000 -0.2513 0.0106 0.0043 -0.0260 0.7551 0.4173
-3.2500 -0.2262 0.0105 0.0042 -0.0253 0.7425 0.4322
-3.0000 -0.2009 0.0104 0.0041 -0.0247 0.7301 0.4473
-2.7500 -0.1758 0.0104 0.0041 -0.0240 0.7175 0.4623
-2.5000 -0.1508 0.0103 0.0040 -0.0233 0.7041 0.4779
-2.2500 -0.1256 0.0102 0.0040 -0.0226 0.6908 0.4935
-2.0000 -0.1002 0.0102 0.0039 -0.0219 0.6779 0.5087
-1.7500 -0.0749 0.0102 0.0039 -0.0213 0.6642 0.5225
-1.5000 -0.0495 0.0101 0.0038 -0.0206 0.6510 0.5358
-1.2500 -0.0242 0.0101 0.0038 -0.0199 0.6374 0.5499
-1.0000 0.0011 0.0101 0.0038 -0.0193 0.6244 0.5638
-0.7500 0.0266 0.0101 0.0038 -0.0186 0.6112 0.5772
-0.5000 0.0522 0.0101 0.0038 -0.0180 0.5989 0.5900
-0.2500 0.0779 0.0101 0.0038 -0.0175 0.5870 0.6032
0.0000 0.1037 0.0101 0.0038 -0.0169 0.5749 0.6162
0.2500 0.1293 0.0102 0.0038 -0.0163 0.5631 0.6289
0.5000 0.1549 0.0102 0.0038 -0.0157 0.5515 0.6428
0.7500 0.1804 0.0102 0.0039 -0.0151 0.5400 0.6573
1.0000 0.2058 0.0103 0.0039 -0.0145 0.5290 0.6724
1.2500 0.2312 0.0103 0.0040 -0.0139 0.5179 0.6866
1.5000 0.2565 0.0104 0.0040 -0.0132 0.5066 0.7016
1.7500 0.2816 0.0104 0.0041 -0.0126 0.4960 0.7170
2.0000 0.3069 0.0105 0.0042 -0.0119 0.4855 0.7324
2.2500 0.3324 0.0106 0.0043 -0.0113 0.4754 0.7475
2.5000 0.3577 0.0106 0.0044 -0.0106 0.4655 0.7629
2.7500 0.3827 0.0107 0.0045 -0.0099 0.4558 0.7781
3.0000 0.4077 0.0109 0.0046 -0.0092 0.4461 0.7929
3.2500 0.4330 0.0109 0.0047 -0.0086 0.4367 0.8084
3.5000 0.4578 0.0111 0.0049 -0.0078 0.4272 0.8234
3.7500 0.4821 0.0112 0.0050 -0.0069 0.4175 0.8382
4.0000 0.5065 0.0113 0.0052 -0.0060 0.4088 0.8526
4.2500 0.5308 0.0115 0.0053 -0.0052 0.4002 0.8670
4.5000 0.5555 0.0117 0.0055 -0.0044 0.3926 0.8798
4.7500 0.5797 0.0119 0.0057 -0.0035 0.3853 0.8918
5.0000 0.6037 0.0121 0.0060 -0.0025 0.3775 0.9046
