-5.0000 -0.0299 0.0207 0.0126 -0.0816 0.8371 0.0776
-4.7500 -0.0027 0.0199 0.0116 -0.0809 0.8259 0.0784
-4.5000 0.0249 0.0191 0.0107 -0.0803 0.8152 0.0793
-4.2500 0.0520 0.0184 0.0100 -0.0796 0.8040 0.0806
-4.0000 0.0777 0.0175 0.0092 -0.0788 0.7927 0.0828
-3.7500 0.1036 0.0170 0.0087 -0.0780 0.7809 0.0865
-3.5000 0.1279 0.0165 0.0082 -0.0770 0.7679 0.0928
-3.2500 0.1526 0.0161 0.0078 -0.0761 0.7552 0.1028
-3.0000 0.1779 0.0158 0.0075 -0.0753 0.7429 0.1139
-2.7500 0.2029 0.0155 0.0072 -0.0745 0.7298 0.1246
-2.5000 0.2278 0.0152 0.0069 -0.0737 0.7166 0.1354
-2.2500 0.2524 0.0150 0.0066 -0.0728 0.7032 0.1466
-2.0000 0.2770 0.0147 0.0063 -0.0721 0.6905 0.1588
-1.7500 0.3003 0.0144 0.0060 -0.0711 0.6755 0.1747
-1.5000 0.3223 0.0139 0.0057 -0.0700 0.6615 0.2140
-1.2500 0.3349 0.0127 0.0057 -0.0674 0.6479 0.5319
-1.0000 0.3547 0.0124 0.0057 -0.0654 0.6329 0.6366
-0.7500 0.3760 0.0123 0.0058 -0.0635 0.6184 0.7091
-0.5000 0.3977 0.0123 0.0059 -0.0616 0.6027 0.7664
-0.2500 0.4196 0.0123 0.0060 -0.0596 0.5874 0.8164
0.0000 0.4423 0.0125 0.0062 -0.0577 0.5714 0.8593
0.2500 0.4676 0.0127 0.0064 -0.0564 0.5543 0.8927
0.5000 0.4964 0.0129 0.0065 -0.0560 0.5371 0.9191
0.7500 0.5291 0.0132 0.0067 -0.0566 0.5169 0.9392
1.0000 0.5684 0.0136 0.0069 -0.0586 0.4950 0.9556
1.2500 0.6144 0.0140 0.0071 -0.0622 0.4718 0.9694
1.5000 0.6620 0.0144 0.0073 -0.0663 0.4484 0.9796
1.7500 0.7112 0.0148 0.0075 -0.0710 0.4266 0.9887
2.0000 0.7506 0.0152 0.0076 -0.0738 0.4098 0.9944
2.2500 0.7899 0.0155 0.0077 -0.0767 0.3929 1.0000
2.5000 0.8023 0.0157 0.0078 -0.0743 0.3828 1.0000
2.7500 0.8153 0.0159 0.0080 -0.0718 0.3741 1.0000
3.0000 0.8292 0.0162 0.0081 -0.0695 0.3664 1.0000
3.2500 0.8441 0.0164 0.0083 -0.0673 0.3589 1.0000
3.5000 0.8603 0.0167 0.0085 -0.0653 0.3528 1.0000
3.7500 0.8775 0.0170 0.0087 -0.0635 0.3471 1.0000
4.0000 0.8957 0.0173 0.0091 -0.0619 0.3419 1.0000
4.2500 0.9147 0.0176 0.0093 -0.0604 0.3371 1.0000
4.5000 0.9350 0.0180 0.0096 -0.0592 0.3330 1.0000
4.7500 0.9551 0.0183 0.0098 -0.0580 0.3288 1.0000
5.0000 0.9782 0.0187 0.0101 -0.0573 0.3253 1.0000
