-5.0000 -0.2071 0.0116 0.0054 -0.0859 0.8862 0.2637
-4.7500 -0.1764 0.0114 0.0051 -0.0863 0.8820 0.2761
-4.5000 -0.1515 0.0112 0.0050 -0.0856 0.8749 0.2875
-4.2500 -0.1235 0.0110 0.0048 -0.0855 0.8686 0.2997
-4.0000 -0.0934 0.0108 0.0046 -0.0857 0.8634 0.3132
-3.7500 -0.0668 0.0107 0.0045 -0.0853 0.8563 0.3267
-3.5000 -0.0397 0.0105 0.0044 -0.0850 0.8491 0.3402
-3.2500 -0.0101 0.0103 0.0042 -0.0852 0.8433 0.3539
-3.0000 0.0165 0.0102 0.0041 -0.0848 0.8357 0.3678
-2.7500 0.0442 0.0101 0.0040 -0.0846 0.8282 0.3830
-2.5000 0.0745 0.0099 0.0039 -0.0849 0.8220 0.3982
-2.2500 0.1000 0.0098 0.0038 -0.0843 0.8128 0.4124
-2.0000 0.1286 0.0097 0.0037 -0.0842 0.8045 0.4269
-1.7500 0.1557 0.0097 0.0037 -0.0839 0.7955 0.4410
-1.5000 0.1835 0.0096 0.0036 -0.0837 0.7865 0.4563
-1.2500 0.2112 0.0095 0.0036 -0.0835 0.7778 0.4718
-1.0000 0.2385 0.0094 0.0035 -0.0831 0.7679 0.4870
-0.7500 0.2663 0.0094 0.0035 -0.0829 0.7583 0.5023
-0.5000 0.2932 0.0094 0.0034 -0.0825 0.7467 0.5178
-0.2500 0.3202 0.0094 0.0034 -0.0821 0.7350 0.5338
0.0000 0.3472 0.0093 0.0034 -0.0817 0.7233 0.5498
0.2500 0.3733 0.0093 0.0034 -0.0812 0.7107 0.5654
0.5000 0.4002 0.0093 0.0034 -0.0808 0.6989 0.5815
0.7500 0.4265 0.0093 0.0034 -0.0803 0.6864 0.5975
1.0000 0.4525 0.0093 0.0035 -0.0798 0.6733 0.6148
1.2500 0.4783 0.0093 0.0035 -0.0791 0.6597 0.6329
1.5000 0.5036 0.0094 0.0036 -0.0784 0.6449 0.6506
1.7500 0.5285 0.0094 0.0036 -0.0777 0.6293 0.6687
2.0000 0.5534 0.0095 0.0037 -0.0769 0.6140 0.6881
2.2500 0.5779 0.0095 0.0037 -0.0761 0.5988 0.7076
2.5000 0.6022 0.0096 0.0039 -0.0752 0.5846 0.7294
2.7500 0.6258 0.0097 0.0040 -0.0741 0.5704 0.7535
3.0000 0.6493 0.0097 0.0041 -0.0730 0.5566 0.7813
3.2500 0.6722 0.0098 0.0042 -0.0718 0.5431 0.8129
3.5000 0.6940 0.0099 0.0044 -0.0703 0.5294 0.8493
3.7500 0.7147 0.0100 0.0046 -0.0684 0.5151 0.8881
4.0000 0.7424 0.0103 0.0048 -0.0682 0.4993 0.9226
4.2500 0.7700 0.0105 0.0050 -0.0679 0.4835 0.9572
4.5000 0.8084 0.0107 0.0052 -0.0701 0.4672 0.9773
4.7500 0.8483 0.0110 0.0054 -0.0728 0.4508 0.9916
5.0000 0.8873 0.0113 0.0056 -0.0754 0.4343 1.0000
