-5.0000 -0.0345 0.0185 0.0115 -0.0897 0.9143 0.0153
-4.7500 0.0043 0.0175 0.0103 -0.0913 0.9093 0.0163
-4.5000 0.0300 0.0169 0.0097 -0.0904 0.8970 0.0181
-4.2500 0.0649 0.0163 0.0091 -0.0910 0.8889 0.0242
-4.0000 0.0914 0.0159 0.0086 -0.0902 0.8766 0.0309
-3.7500 0.1230 0.0155 0.0081 -0.0903 0.8678 0.0345
-3.5000 0.1496 0.0153 0.0078 -0.0895 0.8547 0.0378
-3.2500 0.1800 0.0151 0.0075 -0.0894 0.8443 0.0396
-3.0000 0.2066 0.0150 0.0074 -0.0887 0.8297 0.0429
-2.7500 0.2339 0.0148 0.0071 -0.0882 0.8152 0.0449
-2.5000 0.2614 0.0145 0.0066 -0.0876 0.8002 0.0467
-2.2500 0.2888 0.0144 0.0065 -0.0870 0.7842 0.0493
-2.0000 0.3157 0.0143 0.0063 -0.0864 0.7662 0.0533
-1.7500 0.3422 0.0140 0.0059 -0.0857 0.7486 0.0555
-1.5000 0.3683 0.0139 0.0057 -0.0851 0.7291 0.0579
-1.2500 0.3944 0.0138 0.0055 -0.0844 0.7088 0.0618
-1.0000 0.4207 0.0139 0.0055 -0.0838 0.6872 0.0686
-0.7500 0.4464 0.0138 0.0053 -0.0830 0.6651 0.0734
-0.5000 0.4715 0.0137 0.0051 -0.0822 0.6402 0.0780
-0.2500 0.4963 0.0136 0.0050 -0.0814 0.6137 0.0838
0.0000 0.5207 0.0137 0.0049 -0.0805 0.5852 0.0921
0.2500 0.5447 0.0138 0.0049 -0.0796 0.5530 0.1048
0.5000 0.5680 0.0140 0.0050 -0.0787 0.5173 0.1237
0.7500 0.5903 0.0142 0.0050 -0.0776 0.4807 0.1409
1.0000 0.6127 0.0143 0.0049 -0.0766 0.4465 0.1589
1.2500 0.6355 0.0143 0.0048 -0.0757 0.4198 0.1900
1.5000 0.6693 0.0127 0.0051 -0.0766 0.3970 1.0000
1.7500 0.6925 0.0130 0.0052 -0.0757 0.3820 1.0000
2.0000 0.7162 0.0134 0.0054 -0.0749 0.3705 1.0000
2.2500 0.7407 0.0138 0.0056 -0.0743 0.3611 1.0000
2.5000 0.7654 0.0141 0.0058 -0.0737 0.3537 1.0000
2.7500 0.7906 0.0144 0.0060 -0.0732 0.3468 1.0000
3.0000 0.8161 0.0148 0.0063 -0.0728 0.3415 1.0000
3.2500 0.8416 0.0152 0.0065 -0.0724 0.3362 1.0000
3.5000 0.8672 0.0155 0.0068 -0.0720 0.3313 1.0000
3.7500 0.8933 0.0159 0.0070 -0.0718 0.3272 1.0000
4.0000 0.9194 0.0163 0.0074 -0.0716 0.3237 1.0000
4.2500 0.9455 0.0166 0.0077 -0.0713 0.3202 1.0000
4.5000 0.9717 0.0170 0.0080 -0.0711 0.3168 1.0000
4.7500 0.9982 0.0174 0.0084 -0.0710 0.3136 1.0000
5.0000 1.0248 0.0179 0.0088 -0.0710 0.3107 1.0000
