-5.0000 -0.0225 0.0175 0.0102 -0.0910 0.9096 0.0210
-4.7500 0.0076 0.0170 0.0097 -0.0908 0.8993 0.0264
-4.5000 0.0377 0.0165 0.0092 -0.0906 0.8890 0.0318
-4.2500 0.0672 0.0163 0.0088 -0.0903 0.8785 0.0358
-4.0000 0.0983 0.0159 0.0084 -0.0903 0.8693 0.0380
-3.7500 0.1251 0.0158 0.0082 -0.0896 0.8568 0.0407
-3.5000 0.1534 0.0155 0.0079 -0.0892 0.8450 0.0433
-3.2500 0.1825 0.0152 0.0074 -0.0889 0.8337 0.0447
-3.0000 0.2094 0.0150 0.0072 -0.0882 0.8190 0.0465
-2.7500 0.2362 0.0149 0.0071 -0.0876 0.8033 0.0503
-2.5000 0.2633 0.0147 0.0068 -0.0870 0.7877 0.0528
-2.2500 0.2905 0.0145 0.0064 -0.0864 0.7722 0.0551
-2.0000 0.3175 0.0143 0.0062 -0.0859 0.7553 0.0576
-1.7500 0.3435 0.0141 0.0060 -0.0852 0.7368 0.0609
-1.5000 0.3702 0.0142 0.0060 -0.0846 0.7177 0.0670
-1.2500 0.3963 0.0141 0.0058 -0.0840 0.6979 0.0710
-1.0000 0.4219 0.0139 0.0055 -0.0832 0.6770 0.0746
-0.7500 0.4475 0.0138 0.0053 -0.0824 0.6546 0.0799
-0.5000 0.4726 0.0138 0.0052 -0.0817 0.6308 0.0861
-0.2500 0.4974 0.0138 0.0050 -0.0809 0.6054 0.0938
0.0000 0.5220 0.0138 0.0050 -0.0800 0.5775 0.1049
0.2500 0.5460 0.0140 0.0051 -0.0792 0.5463 0.1226
0.5000 0.5688 0.0141 0.0051 -0.0782 0.5123 0.1395
0.7500 0.5911 0.0142 0.0050 -0.0771 0.4781 0.1547
1.0000 0.6135 0.0142 0.0049 -0.0761 0.4456 0.1759
1.2500 0.6281 0.0129 0.0050 -0.0740 0.4218 0.6772
1.5000 0.6718 0.0128 0.0052 -0.0763 0.3965 1.0000
1.7500 0.6947 0.0132 0.0054 -0.0753 0.3812 1.0000
2.0000 0.7184 0.0135 0.0056 -0.0745 0.3696 1.0000
2.2500 0.7420 0.0139 0.0057 -0.0737 0.3602 1.0000
2.5000 0.7667 0.0143 0.0060 -0.0731 0.3523 1.0000
2.7500 0.7914 0.0146 0.0062 -0.0726 0.3455 1.0000
3.0000 0.8165 0.0150 0.0064 -0.0721 0.3399 1.0000
3.2500 0.8421 0.0153 0.0067 -0.0717 0.3350 1.0000
3.5000 0.8677 0.0157 0.0070 -0.0714 0.3305 1.0000
3.7500 0.8935 0.0160 0.0072 -0.0710 0.3266 1.0000
4.0000 0.9200 0.0165 0.0076 -0.0709 0.3231 1.0000
4.2500 0.9459 0.0168 0.0079 -0.0706 0.3201 1.0000
4.5000 0.9718 0.0172 0.0083 -0.0704 0.3168 1.0000
4.7500 0.9977 0.0175 0.0086 -0.0701 0.3135 1.0000
5.0000 1.0239 0.0179 0.0089 -0.0700 0.3105 1.0000
