-5.0000 -0.4775 0.0207 0.0114 -0.0308 1.0000 0.1408
-4.7500 -0.4557 0.0203 0.0111 -0.0303 1.0000 0.1642
-4.5000 -0.4340 0.0200 0.0108 -0.0298 1.0000 0.1915
-4.2500 -0.4118 0.0196 0.0106 -0.0294 1.0000 0.2213
-4.0000 -0.3892 0.0192 0.0103 -0.0289 1.0000 0.2522
-3.7500 -0.3664 0.0188 0.0101 -0.0285 1.0000 0.2867
-3.5000 -0.3438 0.0185 0.0100 -0.0281 1.0000 0.3237
-3.2500 -0.3212 0.0183 0.0100 -0.0277 1.0000 0.3647
-3.0000 -0.2988 0.0182 0.0101 -0.0272 1.0000 0.4062
-2.7500 -0.2762 0.0181 0.0101 -0.0268 1.0000 0.4500
-2.5000 -0.2539 0.0180 0.0103 -0.0262 1.0000 0.4924
-2.2500 -0.2243 0.0180 0.0104 -0.0271 0.9974 0.5418
-2.0000 -0.1815 0.0181 0.0107 -0.0302 0.9908 0.6021
-1.7500 -0.1444 0.0181 0.0110 -0.0320 0.9833 0.6628
-1.5000 -0.1051 0.0181 0.0113 -0.0339 0.9757 0.7317
-1.2500 -0.0727 0.0181 0.0115 -0.0340 0.9663 0.8065
-1.0000 -0.0324 0.0182 0.0118 -0.0351 0.9583 0.9080
-0.7500 0.0335 0.0183 0.0118 -0.0431 0.9499 1.0000
-0.5000 0.0834 0.0184 0.0117 -0.0482 0.9414 1.0000
-0.2500 0.1251 0.0185 0.0117 -0.0514 0.9308 1.0000
0.0000 0.1669 0.0185 0.0116 -0.0546 0.9202 1.0000
0.2500 0.2076 0.0186 0.0116 -0.0573 0.9094 1.0000
0.5000 0.2456 0.0186 0.0116 -0.0594 0.8982 1.0000
0.7500 0.2964 0.0185 0.0114 -0.0636 0.8899 1.0000
1.0000 0.3318 0.0184 0.0113 -0.0649 0.8771 1.0000
1.2500 0.3813 0.0180 0.0109 -0.0684 0.8697 1.0000
1.5000 0.4104 0.0180 0.0108 -0.0683 0.8554 1.0000
1.7500 0.4464 0.0177 0.0106 -0.0691 0.8435 1.0000
2.0000 0.4868 0.0172 0.0101 -0.0705 0.8329 1.0000
2.2500 0.5147 0.0171 0.0100 -0.0698 0.8177 1.0000
2.5000 0.5445 0.0169 0.0099 -0.0694 0.8032 1.0000
2.7500 0.5753 0.0167 0.0096 -0.0690 0.7882 1.0000
3.0000 0.6047 0.0164 0.0093 -0.0683 0.7713 1.0000
3.2500 0.6329 0.0162 0.0091 -0.0674 0.7534 1.0000
3.5000 0.6601 0.0161 0.0090 -0.0664 0.7347 1.0000
3.7500 0.6872 0.0160 0.0089 -0.0654 0.7147 1.0000
4.0000 0.7147 0.0159 0.0087 -0.0644 0.6937 1.0000
4.2500 0.7377 0.0160 0.0088 -0.0628 0.6687 1.0000
4.5000 0.7627 0.0160 0.0088 -0.0615 0.6443 1.0000
4.7500 0.7872 0.0162 0.0089 -0.0602 0.6188 1.0000
5.0000 0.8094 0.0163 0.0090 -0.0586 0.5900 1.0000
