-5.0000 -0.5243 0.0291 0.0203 -0.0301 0.9179 0.3580
-4.7500 -0.4942 0.0290 0.0203 -0.0307 0.9096 0.3703
-4.5000 -0.4601 0.0288 0.0201 -0.0321 0.9023 0.3845
-4.2500 -0.4265 0.0286 0.0199 -0.0333 0.8951 0.3996
-4.0000 -0.3954 0.0285 0.0198 -0.0340 0.8862 0.4143
-3.7500 -0.3593 0.0283 0.0198 -0.0354 0.8787 0.4295
-3.5000 -0.3289 0.0282 0.0197 -0.0358 0.8694 0.4449
-3.2500 -0.2818 0.0278 0.0194 -0.0390 0.8651 0.4634
-3.0000 -0.2660 0.0278 0.0194 -0.0371 0.8528 0.4778
-2.7500 -0.2211 0.0275 0.0191 -0.0397 0.8484 0.4950
-2.5000 -0.2021 0.0275 0.0193 -0.0382 0.8367 0.5083
-2.2500 -0.1575 0.0271 0.0189 -0.0406 0.8315 0.5272
-2.0000 -0.1253 0.0268 0.0187 -0.0410 0.8234 0.5452
-1.7500 -0.0931 0.0266 0.0185 -0.0414 0.8152 0.5631
-1.5000 -0.0438 0.0260 0.0180 -0.0444 0.8124 0.5842
-1.2500 -0.0127 0.0257 0.0178 -0.0444 0.8046 0.6030
-1.0000 0.0183 0.0255 0.0177 -0.0444 0.7968 0.6218
-0.7500 0.0385 0.0255 0.0178 -0.0428 0.7852 0.6392
-0.5000 0.0833 0.0248 0.0171 -0.0446 0.7811 0.6618
-0.2500 0.1041 0.0248 0.0172 -0.0429 0.7696 0.6794
0.0000 0.1466 0.0241 0.0166 -0.0442 0.7650 0.7010
0.2500 0.1767 0.0238 0.0164 -0.0437 0.7566 0.7226
0.5000 0.2068 0.0236 0.0162 -0.0432 0.7482 0.7441
0.7500 0.2282 0.0236 0.0163 -0.0413 0.7369 0.7646
1.0000 0.2684 0.0230 0.0158 -0.0419 0.7303 0.7894
1.2500 0.2905 0.0231 0.0159 -0.0399 0.7188 0.8110
1.5000 0.3311 0.0227 0.0155 -0.0406 0.7117 0.8328
1.7500 0.3565 0.0229 0.0158 -0.0393 0.7008 0.8545
2.0000 0.3997 0.0227 0.0155 -0.0408 0.6924 0.8750
2.2500 0.4326 0.0229 0.0157 -0.0410 0.6806 0.8959
2.5000 0.4937 0.0226 0.0154 -0.0458 0.6709 0.9106
2.7500 0.5412 0.0229 0.0157 -0.0491 0.6573 0.9260
3.0000 0.6038 0.0228 0.0155 -0.0550 0.6463 0.9384
3.2500 0.6578 0.0228 0.0153 -0.0597 0.6327 0.9527
3.5000 0.7173 0.0227 0.0152 -0.0656 0.6167 0.9639
3.7500 0.7728 0.0226 0.0150 -0.0709 0.6011 0.9766
4.0000 0.8277 0.0225 0.0149 -0.0763 0.5859 0.9896
4.2500 0.8844 0.0224 0.0146 -0.0822 0.5709 1.0000
4.5000 0.8960 0.0224 0.0146 -0.0799 0.5588 1.0000
4.7500 0.9051 0.0225 0.0147 -0.0772 0.5471 1.0000
5.0000 0.9234 0.0225 0.0145 -0.0757 0.5363 1.0000
