-5.0000 -0.0713 0.0260 0.0182 -0.1316 0.8264 0.2368
-4.7500 -0.0309 0.0254 0.0177 -0.1337 0.8254 0.2461
-4.5000 0.0103 0.0249 0.0172 -0.1359 0.8246 0.2559
-4.2500 0.0323 0.0249 0.0173 -0.1350 0.8187 0.2642
-4.0000 0.0543 0.0250 0.0173 -0.1341 0.8127 0.2725
-3.7500 0.0763 0.0250 0.0174 -0.1332 0.8068 0.2808
-3.5000 0.1330 0.0238 0.0162 -0.1377 0.8101 0.2939
-3.2500 0.1595 0.0237 0.0161 -0.1374 0.8050 0.3043
-3.0000 0.1861 0.0236 0.0161 -0.1371 0.7998 0.3146
-2.7500 0.2127 0.0235 0.0160 -0.1368 0.7947 0.3250
-2.5000 0.2392 0.0234 0.0159 -0.1365 0.7896 0.3354
-2.2500 0.2780 0.0228 0.0154 -0.1381 0.7880 0.3478
-2.0000 0.3183 0.0222 0.0148 -0.1400 0.7867 0.3613
-1.7500 0.3614 0.0216 0.0142 -0.1424 0.7857 0.3756
-1.5000 0.4074 0.0209 0.0135 -0.1453 0.7848 0.3902
-1.2500 0.4565 0.0203 0.0129 -0.1489 0.7840 0.4054
-1.0000 0.4899 0.0200 0.0126 -0.1497 0.7795 0.4185
-0.7500 0.5232 0.0196 0.0123 -0.1505 0.7751 0.4315
-0.5000 0.5566 0.0193 0.0120 -0.1513 0.7706 0.4446
-0.2500 0.6060 0.0187 0.0115 -0.1550 0.7691 0.4622
0.0000 0.6089 0.0191 0.0119 -0.1502 0.7587 0.4724
0.2500 0.6579 0.0185 0.0114 -0.1539 0.7565 0.4874
0.5000 0.6861 0.0183 0.0112 -0.1537 0.7501 0.5005
0.7500 0.7143 0.0182 0.0111 -0.1535 0.7437 0.5136
1.0000 0.7628 0.0176 0.0106 -0.1571 0.7407 0.5305
1.2500 0.7736 0.0178 0.0108 -0.1537 0.7308 0.5425
1.5000 0.8188 0.0174 0.0104 -0.1567 0.7267 0.5590
1.7500 0.8332 0.0175 0.0106 -0.1539 0.7172 0.5723
2.0000 0.8756 0.0171 0.0102 -0.1564 0.7120 0.5897
2.2500 0.8913 0.0172 0.0103 -0.1540 0.7024 0.6034
2.5000 0.9344 0.0168 0.0100 -0.1565 0.6963 0.6205
2.7500 0.9478 0.0169 0.0101 -0.1536 0.6856 0.6353
3.0000 0.9746 0.0169 0.0101 -0.1532 0.6771 0.6532
3.2500 1.0036 0.0168 0.0100 -0.1532 0.6687 0.6716
3.5000 1.0203 0.0168 0.0101 -0.1509 0.6590 0.6900
3.7500 1.0575 0.0167 0.0100 -0.1526 0.6517 0.7121
4.0000 1.0679 0.0168 0.0102 -0.1491 0.6411 0.7345
4.2500 1.0862 0.0169 0.0104 -0.1471 0.6312 0.7625
4.5000 1.1018 0.0168 0.0105 -0.1442 0.6210 0.8397
4.7500 1.1173 0.0167 0.0106 -0.1413 0.6107 0.9170
5.0000 1.1419 0.0168 0.0106 -0.1409 0.6000 1.0000
