-5.0000 -0.5664 0.0115 0.0048 0.0003 0.9907 0.1564
-4.7500 -0.5296 0.0111 0.0046 -0.0019 0.9862 0.1831
-4.5000 -0.4917 0.0108 0.0044 -0.0042 0.9818 0.2134
-4.2500 -0.4520 0.0104 0.0042 -0.0069 0.9778 0.2469
-4.0000 -0.4110 0.0100 0.0040 -0.0099 0.9743 0.2849
-3.7500 -0.3731 0.0097 0.0038 -0.0122 0.9706 0.3245
-3.5000 -0.3446 0.0093 0.0037 -0.0124 0.9633 0.3666
-3.2500 -0.3108 0.0089 0.0035 -0.0136 0.9570 0.4168
-3.0000 -0.2770 0.0086 0.0033 -0.0149 0.9507 0.4671
-2.7500 -0.2421 0.0083 0.0032 -0.0163 0.9448 0.5097
-2.5000 -0.2123 0.0080 0.0030 -0.0165 0.9351 0.5415
-2.2500 -0.1838 0.0078 0.0029 -0.0162 0.9237 0.5713
-2.0000 -0.1554 0.0076 0.0028 -0.0160 0.9126 0.5995
-1.7500 -0.1280 0.0074 0.0027 -0.0156 0.9009 0.6282
-1.5000 -0.1019 0.0073 0.0026 -0.0148 0.8874 0.6576
-1.2500 -0.0761 0.0071 0.0025 -0.0140 0.8722 0.6882
-1.0000 -0.0503 0.0070 0.0024 -0.0131 0.8568 0.7184
-0.7500 -0.0245 0.0069 0.0024 -0.0123 0.8387 0.7442
-0.5000 0.0011 0.0069 0.0024 -0.0114 0.8184 0.7696
-0.2500 0.0268 0.0068 0.0024 -0.0105 0.7980 0.7951
0.0000 0.0523 0.0068 0.0024 -0.0095 0.7769 0.8210
0.2500 0.0782 0.0069 0.0024 -0.0087 0.7565 0.8437
0.5000 0.1041 0.0069 0.0024 -0.0078 0.7355 0.8640
0.7500 0.1300 0.0070 0.0025 -0.0070 0.7120 0.8838
1.0000 0.1559 0.0071 0.0026 -0.0061 0.6876 0.9029
1.2500 0.1828 0.0073 0.0026 -0.0054 0.6625 0.9191
1.5000 0.2107 0.0075 0.0027 -0.0050 0.6380 0.9340
1.7500 0.2410 0.0077 0.0028 -0.0052 0.6133 0.9453
2.0000 0.2728 0.0079 0.0029 -0.0058 0.5892 0.9547
2.2500 0.3047 0.0081 0.0030 -0.0064 0.5610 0.9640
2.5000 0.3444 0.0083 0.0031 -0.0089 0.5306 0.9684
2.7500 0.3837 0.0086 0.0032 -0.0113 0.5014 0.9734
3.0000 0.4180 0.0088 0.0034 -0.0126 0.4758 0.9806
3.2500 0.4590 0.0090 0.0034 -0.0155 0.4516 0.9840
3.5000 0.4993 0.0092 0.0035 -0.0183 0.4236 0.9880
3.7500 0.5376 0.0094 0.0037 -0.0207 0.3960 0.9926
4.0000 0.5750 0.0096 0.0038 -0.0229 0.3691 0.9968
4.2500 0.6114 0.0098 0.0039 -0.0249 0.3438 1.0000
4.5000 0.6342 0.0100 0.0040 -0.0241 0.3229 1.0000
4.7500 0.6566 0.0102 0.0041 -0.0232 0.3000 1.0000
5.0000 0.6786 0.0105 0.0043 -0.0223 0.2749 1.0000
