-5.0000 -0.4448 0.0119 0.0056 -0.0225 0.8132 0.3555
-4.7500 -0.4210 0.0118 0.0054 -0.0216 0.8005 0.3661
-4.5000 -0.3970 0.0116 0.0052 -0.0208 0.7880 0.3769
-4.2500 -0.3729 0.0115 0.0051 -0.0199 0.7749 0.3877
-4.0000 -0.3487 0.0114 0.0050 -0.0191 0.7624 0.3992
-3.7500 -0.3242 0.0113 0.0048 -0.0183 0.7503 0.4110
-3.5000 -0.2997 0.0112 0.0047 -0.0176 0.7380 0.4225
-3.2500 -0.2750 0.0111 0.0046 -0.0168 0.7250 0.4339
-3.0000 -0.2500 0.0110 0.0046 -0.0162 0.7117 0.4452
-2.7500 -0.2250 0.0110 0.0045 -0.0155 0.6989 0.4561
-2.5000 -0.2003 0.0109 0.0044 -0.0147 0.6867 0.4679
-2.2500 -0.1755 0.0108 0.0043 -0.0140 0.6742 0.4796
-2.0000 -0.1506 0.0108 0.0043 -0.0133 0.6618 0.4915
-1.7500 -0.1255 0.0108 0.0042 -0.0126 0.6492 0.5029
-1.5000 -0.1002 0.0107 0.0042 -0.0120 0.6369 0.5138
-1.2500 -0.0750 0.0107 0.0042 -0.0113 0.6250 0.5246
-1.0000 -0.0496 0.0107 0.0041 -0.0107 0.6127 0.5358
-0.7500 -0.0244 0.0107 0.0041 -0.0101 0.6008 0.5471
-0.5000 0.0008 0.0107 0.0041 -0.0094 0.5890 0.5591
-0.2500 0.0260 0.0107 0.0041 -0.0087 0.5771 0.5715
0.0000 0.0511 0.0107 0.0041 -0.0080 0.5658 0.5837
0.2500 0.0762 0.0107 0.0041 -0.0074 0.5545 0.5958
0.5000 0.1013 0.0107 0.0042 -0.0068 0.5438 0.6084
0.7500 0.1264 0.0107 0.0042 -0.0061 0.5330 0.6211
1.0000 0.1517 0.0108 0.0042 -0.0054 0.5228 0.6346
1.2500 0.1769 0.0108 0.0043 -0.0048 0.5123 0.6476
1.5000 0.2022 0.0108 0.0043 -0.0042 0.5020 0.6602
1.7500 0.2273 0.0109 0.0044 -0.0035 0.4920 0.6728
2.0000 0.2523 0.0109 0.0044 -0.0029 0.4818 0.6858
2.2500 0.2772 0.0110 0.0045 -0.0022 0.4715 0.6991
2.5000 0.3018 0.0111 0.0046 -0.0014 0.4616 0.7131
2.7500 0.3266 0.0112 0.0047 -0.0007 0.4517 0.7266
3.0000 0.3517 0.0112 0.0048 0.0000 0.4425 0.7402
3.2500 0.3763 0.0113 0.0049 0.0007 0.4335 0.7543
3.5000 0.4007 0.0114 0.0050 0.0015 0.4242 0.7678
3.7500 0.4251 0.0115 0.0051 0.0023 0.4149 0.7814
4.0000 0.4498 0.0116 0.0053 0.0030 0.4062 0.7944
4.2500 0.4741 0.0118 0.0054 0.0038 0.3984 0.8074
4.5000 0.4982 0.0119 0.0056 0.0047 0.3908 0.8204
4.7500 0.5226 0.0120 0.0058 0.0054 0.3826 0.8333
5.0000 0.5462 0.0122 0.0059 0.0064 0.3752 0.8464
