-5.0000 -0.4218 0.0127 0.0060 -0.0256 0.7590 0.3657
-4.7500 -0.3994 0.0126 0.0059 -0.0245 0.7474 0.3745
-4.5000 -0.3771 0.0124 0.0058 -0.0234 0.7357 0.3844
-4.2500 -0.3550 0.0123 0.0056 -0.0223 0.7242 0.3935
-4.0000 -0.3321 0.0122 0.0055 -0.0213 0.7129 0.4023
-3.7500 -0.3086 0.0121 0.0054 -0.0203 0.7016 0.4110
-3.5000 -0.2854 0.0120 0.0053 -0.0193 0.6900 0.4202
-3.2500 -0.2622 0.0120 0.0052 -0.0184 0.6784 0.4293
-3.0000 -0.2389 0.0119 0.0051 -0.0174 0.6666 0.4386
-2.7500 -0.2152 0.0119 0.0051 -0.0165 0.6549 0.4481
-2.5000 -0.1915 0.0118 0.0050 -0.0156 0.6436 0.4573
-2.2500 -0.1677 0.0118 0.0050 -0.0147 0.6325 0.4663
-2.0000 -0.1437 0.0117 0.0049 -0.0139 0.6213 0.4753
-1.7500 -0.1199 0.0117 0.0048 -0.0130 0.6102 0.4848
-1.5000 -0.0962 0.0117 0.0048 -0.0121 0.5993 0.4948
-1.2500 -0.0723 0.0117 0.0048 -0.0112 0.5886 0.5055
-1.0000 -0.0484 0.0117 0.0048 -0.0104 0.5782 0.5153
-0.7500 -0.0242 0.0116 0.0047 -0.0096 0.5680 0.5242
-0.5000 0.0002 0.0116 0.0047 -0.0088 0.5581 0.5335
-0.2500 0.0244 0.0116 0.0047 -0.0080 0.5481 0.5435
0.0000 0.0484 0.0117 0.0047 -0.0071 0.5382 0.5540
0.2500 0.0722 0.0117 0.0047 -0.0062 0.5281 0.5643
0.5000 0.0962 0.0117 0.0048 -0.0054 0.5185 0.5749
0.7500 0.1204 0.0117 0.0048 -0.0046 0.5097 0.5858
1.0000 0.1445 0.0117 0.0048 -0.0038 0.5011 0.5964
1.2500 0.1687 0.0118 0.0049 -0.0030 0.4922 0.6070
1.5000 0.1929 0.0118 0.0049 -0.0022 0.4835 0.6183
1.7500 0.2168 0.0118 0.0050 -0.0014 0.4753 0.6297
2.0000 0.2407 0.0119 0.0050 -0.0005 0.4672 0.6406
2.2500 0.2647 0.0119 0.0051 0.0003 0.4585 0.6515
2.5000 0.2884 0.0120 0.0052 0.0012 0.4503 0.6632
2.7500 0.3119 0.0121 0.0053 0.0021 0.4423 0.6749
3.0000 0.3358 0.0121 0.0054 0.0029 0.4345 0.6865
3.2500 0.3592 0.0123 0.0055 0.0038 0.4276 0.6987
3.5000 0.3828 0.0123 0.0056 0.0047 0.4196 0.7115
3.7500 0.4062 0.0124 0.0057 0.0056 0.4127 0.7241
4.0000 0.4291 0.0125 0.0058 0.0066 0.4058 0.7359
4.2500 0.4522 0.0126 0.0059 0.0076 0.3986 0.7482
4.5000 0.4746 0.0127 0.0061 0.0086 0.3922 0.7612
4.7500 0.4972 0.0129 0.0063 0.0097 0.3855 0.7742
5.0000 0.5184 0.0130 0.0064 0.0110 0.3793 0.7869
