-5.0000 -0.2579 0.0419 0.0333 -0.1159 0.9262 0.1641
-4.7500 -0.2224 0.0418 0.0333 -0.1178 0.9202 0.1733
-4.5000 -0.1707 0.0420 0.0333 -0.1225 0.9160 0.1858
-4.2500 -0.1599 0.0415 0.0328 -0.1204 0.9078 0.1929
-4.0000 -0.1211 0.0414 0.0326 -0.1229 0.9021 0.2056
-3.7500 -0.0780 0.0415 0.0326 -0.1259 0.8967 0.2196
-3.5000 -0.0624 0.0414 0.0327 -0.1245 0.8884 0.2280
-3.2500 -0.0219 0.0415 0.0328 -0.1271 0.8837 0.2435
-3.0000 0.0070 0.0416 0.0329 -0.1277 0.8763 0.2574
-2.7500 0.0358 0.0417 0.0329 -0.1283 0.8690 0.2713
-2.5000 0.0840 0.0417 0.0328 -0.1319 0.8648 0.2914
-2.2500 0.0975 0.0419 0.0331 -0.1301 0.8550 0.3029
-2.0000 0.1347 0.0420 0.0333 -0.1319 0.8499 0.3203
-1.7500 0.1817 0.0422 0.0335 -0.1351 0.8467 0.3413
-1.5000 0.1906 0.0424 0.0338 -0.1325 0.8351 0.3538
-1.2500 0.2355 0.0424 0.0338 -0.1353 0.8309 0.3761
-1.0000 0.2499 0.0428 0.0343 -0.1336 0.8208 0.3905
-0.7500 0.2867 0.0429 0.0344 -0.1351 0.8159 0.4121
-0.5000 0.3317 0.0429 0.0344 -0.1378 0.8131 0.4369
-0.2500 0.3365 0.0436 0.0353 -0.1348 0.8017 0.4494
0.0000 0.3785 0.0435 0.0352 -0.1369 0.7980 0.4744
0.2500 0.3914 0.0441 0.0358 -0.1350 0.7870 0.4909
0.5000 0.4323 0.0439 0.0357 -0.1368 0.7824 0.5174
0.7500 0.4787 0.0434 0.0353 -0.1391 0.7799 0.5450
1.0000 0.4843 0.0443 0.0362 -0.1364 0.7670 0.5621
1.2500 0.5287 0.0437 0.0357 -0.1383 0.7641 0.5910
1.5000 0.5349 0.0446 0.0367 -0.1356 0.7515 0.6095
1.7500 0.5755 0.0441 0.0363 -0.1370 0.7481 0.6422
2.0000 0.5980 0.0443 0.0366 -0.1361 0.7401 0.6725
2.2500 0.6206 0.0445 0.0369 -0.1353 0.7322 0.7028
2.5000 0.6620 0.0436 0.0362 -0.1364 0.7296 0.7496
2.7500 0.6787 0.0434 0.0363 -0.1342 0.7213 0.8748
3.0000 0.6954 0.0432 0.0363 -0.1321 0.7130 1.0000
3.2500 0.7476 0.0424 0.0352 -0.1356 0.7109 1.0000
3.5000 0.7740 0.0426 0.0354 -0.1356 0.7027 1.0000
3.7500 0.8003 0.0428 0.0356 -0.1355 0.6946 1.0000
4.0000 0.8250 0.0430 0.0358 -0.1351 0.6863 1.0000
4.2500 0.8497 0.0433 0.0359 -0.1347 0.6779 1.0000
4.5000 0.8985 0.0418 0.0344 -0.1365 0.6763 1.0000
4.7500 0.9473 0.0403 0.0329 -0.1383 0.6747 1.0000
5.0000 0.9961 0.0388 0.0314 -0.1401 0.6731 1.0000
