-5.0000 -0.1440 0.0163 0.0095 -0.1079 0.8685 0.2846
-4.7500 -0.1052 0.0159 0.0091 -0.1099 0.8669 0.2958
-4.5000 -0.0667 0.0154 0.0087 -0.1118 0.8654 0.3063
-4.2500 -0.0279 0.0150 0.0084 -0.1139 0.8641 0.3170
-4.0000 -0.0042 0.0149 0.0083 -0.1129 0.8582 0.3271
-3.7500 0.0196 0.0148 0.0082 -0.1120 0.8524 0.3373
-3.5000 0.0577 0.0144 0.0078 -0.1138 0.8500 0.3493
-3.2500 0.0977 0.0140 0.0074 -0.1160 0.8478 0.3617
-3.0000 0.1177 0.0139 0.0074 -0.1142 0.8402 0.3722
-2.7500 0.1483 0.0137 0.0072 -0.1146 0.8352 0.3832
-2.5000 0.1855 0.0133 0.0069 -0.1162 0.8319 0.3955
-2.2500 0.2190 0.0131 0.0066 -0.1171 0.8276 0.4078
-2.0000 0.2403 0.0130 0.0066 -0.1156 0.8197 0.4181
-1.7500 0.2763 0.0128 0.0063 -0.1170 0.8150 0.4307
-1.5000 0.3068 0.0126 0.0062 -0.1172 0.8085 0.4427
-1.2500 0.3325 0.0124 0.0060 -0.1165 0.7996 0.4534
-1.0000 0.3695 0.0121 0.0058 -0.1181 0.7938 0.4668
-0.7500 0.3896 0.0121 0.0058 -0.1163 0.7833 0.4788
-0.5000 0.4233 0.0119 0.0056 -0.1172 0.7759 0.4926
-0.2500 0.4467 0.0119 0.0056 -0.1160 0.7658 0.5039
0.0000 0.4791 0.0117 0.0054 -0.1167 0.7576 0.5167
0.2500 0.5018 0.0117 0.0055 -0.1154 0.7457 0.5291
0.5000 0.5300 0.0117 0.0054 -0.1152 0.7343 0.5422
0.7500 0.5565 0.0116 0.0053 -0.1147 0.7214 0.5548
1.0000 0.5803 0.0116 0.0053 -0.1136 0.7069 0.5673
1.2500 0.6050 0.0116 0.0053 -0.1127 0.6925 0.5801
1.5000 0.6288 0.0117 0.0054 -0.1117 0.6775 0.5919
1.7500 0.6523 0.0118 0.0054 -0.1106 0.6621 0.6051
2.0000 0.6768 0.0118 0.0054 -0.1098 0.6481 0.6179
2.2500 0.7002 0.0120 0.0055 -0.1087 0.6340 0.6295
2.5000 0.7218 0.0121 0.0056 -0.1073 0.6193 0.6418
2.7500 0.7437 0.0122 0.0058 -0.1060 0.6052 0.6533
3.0000 0.7657 0.0124 0.0059 -0.1047 0.5914 0.6657
3.2500 0.7870 0.0126 0.0060 -0.1033 0.5775 0.6791
3.5000 0.8060 0.0127 0.0062 -0.1015 0.5643 0.6921
3.7500 0.8257 0.0129 0.0064 -0.0998 0.5522 0.7050
4.0000 0.8464 0.0131 0.0065 -0.0983 0.5408 0.7182
4.2500 0.8660 0.0133 0.0067 -0.0967 0.5291 0.7324
4.5000 0.8859 0.0135 0.0070 -0.0951 0.5177 0.7477
4.7500 0.9060 0.0137 0.0072 -0.0936 0.5065 0.7641
5.0000 0.9252 0.0139 0.0074 -0.0918 0.4951 0.7830
