-5.0000 0.1128 0.0210 0.0132 -0.1127 0.7985 0.0925
-4.7500 0.1398 0.0204 0.0126 -0.1123 0.7881 0.0950
-4.5000 0.1668 0.0199 0.0120 -0.1118 0.7774 0.0980
-4.2500 0.1937 0.0193 0.0111 -0.1111 0.7665 0.1014
-4.0000 0.2210 0.0186 0.0104 -0.1108 0.7556 0.1043
-3.7500 0.2482 0.0184 0.0100 -0.1103 0.7441 0.1089
-3.5000 0.2740 0.0180 0.0096 -0.1096 0.7314 0.1138
-3.2500 0.3002 0.0177 0.0092 -0.1090 0.7185 0.1184
-3.0000 0.3266 0.0173 0.0087 -0.1083 0.7056 0.1225
-2.7500 0.3529 0.0170 0.0084 -0.1077 0.6924 0.1267
-2.5000 0.3790 0.0167 0.0080 -0.1070 0.6787 0.1314
-2.2500 0.4047 0.0164 0.0077 -0.1063 0.6647 0.1364
-2.0000 0.4293 0.0162 0.0074 -0.1054 0.6490 0.1415
-1.7500 0.4542 0.0160 0.0072 -0.1045 0.6334 0.1478
-1.5000 0.4787 0.0159 0.0070 -0.1036 0.6170 0.1554
-1.2500 0.5026 0.0158 0.0069 -0.1027 0.6001 0.1632
-1.0000 0.5260 0.0157 0.0067 -0.1016 0.5826 0.1714
-0.7500 0.5490 0.0157 0.0066 -0.1005 0.5651 0.1804
-0.5000 0.5715 0.0156 0.0065 -0.0993 0.5473 0.1906
-0.2500 0.5936 0.0155 0.0064 -0.0982 0.5301 0.2043
0.0000 0.6155 0.0155 0.0063 -0.0970 0.5125 0.2221
0.2500 0.6372 0.0153 0.0062 -0.0959 0.4969 0.2538
0.5000 0.6473 0.0140 0.0065 -0.0926 0.4842 0.7143
0.7500 0.6792 0.0140 0.0068 -0.0919 0.4706 0.9373
1.0000 0.7529 0.0145 0.0071 -0.1011 0.4541 1.0000
1.2500 0.7712 0.0148 0.0072 -0.0994 0.4456 1.0000
1.5000 0.7899 0.0150 0.0073 -0.0977 0.4367 1.0000
1.7500 0.8104 0.0153 0.0075 -0.0963 0.4295 1.0000
2.0000 0.8319 0.0156 0.0076 -0.0952 0.4230 1.0000
2.2500 0.8543 0.0159 0.0078 -0.0942 0.4169 1.0000
2.5000 0.8772 0.0162 0.0080 -0.0933 0.4111 1.0000
2.7500 0.9015 0.0165 0.0082 -0.0927 0.4061 1.0000
3.0000 0.9250 0.0168 0.0084 -0.0920 0.4011 1.0000
3.2500 0.9511 0.0172 0.0087 -0.0918 0.3972 1.0000
3.5000 0.9751 0.0175 0.0089 -0.0912 0.3930 1.0000
3.7500 0.9997 0.0178 0.0092 -0.0907 0.3889 1.0000
4.0000 1.0273 0.0182 0.0095 -0.0908 0.3854 1.0000
4.2500 1.0504 0.0185 0.0098 -0.0901 0.3817 1.0000
4.5000 1.0760 0.0189 0.0101 -0.0898 0.3784 1.0000
4.7500 1.1040 0.0192 0.0104 -0.0900 0.3756 1.0000
5.0000 1.1298 0.0197 0.0108 -0.0899 0.3727 1.0000
