-5.0000 -0.0632 0.0181 0.0112 -0.1299 0.8582 0.2591
-4.7500 -0.0225 0.0177 0.0109 -0.1323 0.8577 0.2694
-4.5000 0.0202 0.0172 0.0105 -0.1352 0.8572 0.2803
-4.2500 0.0461 0.0170 0.0103 -0.1347 0.8526 0.2902
-4.0000 0.0721 0.0169 0.0102 -0.1342 0.8481 0.3002
-3.7500 0.0980 0.0167 0.0100 -0.1337 0.8435 0.3101
-3.5000 0.1412 0.0162 0.0096 -0.1365 0.8426 0.3228
-3.2500 0.1847 0.0158 0.0091 -0.1394 0.8416 0.3346
-3.0000 0.2281 0.0153 0.0087 -0.1422 0.8405 0.3462
-2.7500 0.2495 0.0152 0.0086 -0.1407 0.8342 0.3558
-2.5000 0.2709 0.0151 0.0086 -0.1393 0.8279 0.3655
-2.2500 0.3140 0.0146 0.0081 -0.1421 0.8258 0.3778
-2.0000 0.3595 0.0141 0.0076 -0.1452 0.8239 0.3910
-1.7500 0.3696 0.0142 0.0077 -0.1416 0.8145 0.3991
-1.5000 0.4056 0.0139 0.0074 -0.1429 0.8105 0.4113
-1.2500 0.4480 0.0135 0.0071 -0.1456 0.8073 0.4248
-1.0000 0.4689 0.0134 0.0070 -0.1440 0.7997 0.4359
-0.7500 0.4989 0.0132 0.0068 -0.1441 0.7933 0.4487
-0.5000 0.5388 0.0129 0.0066 -0.1463 0.7889 0.4618
-0.2500 0.5590 0.0129 0.0066 -0.1446 0.7805 0.4729
0.0000 0.5907 0.0127 0.0064 -0.1451 0.7737 0.4859
0.2500 0.6265 0.0125 0.0062 -0.1464 0.7675 0.4982
0.5000 0.6448 0.0125 0.0063 -0.1443 0.7568 0.5093
0.7500 0.6771 0.0124 0.0061 -0.1450 0.7485 0.5223
1.0000 0.7003 0.0123 0.0061 -0.1438 0.7373 0.5345
1.2500 0.7234 0.0123 0.0061 -0.1426 0.7261 0.5467
1.5000 0.7528 0.0122 0.0060 -0.1427 0.7149 0.5604
1.7500 0.7729 0.0123 0.0061 -0.1409 0.7015 0.5714
2.0000 0.7935 0.0123 0.0061 -0.1392 0.6886 0.5829
2.2500 0.8177 0.0124 0.0061 -0.1383 0.6759 0.5962
2.5000 0.8417 0.0125 0.0062 -0.1374 0.6623 0.6088
2.7500 0.8583 0.0126 0.0063 -0.1350 0.6471 0.6199
3.0000 0.8778 0.0128 0.0065 -0.1332 0.6323 0.6317
3.2500 0.8995 0.0130 0.0066 -0.1319 0.6182 0.6441
3.5000 0.9223 0.0132 0.0068 -0.1308 0.6049 0.6558
3.7500 0.9427 0.0134 0.0070 -0.1293 0.5915 0.6678
4.0000 0.9628 0.0137 0.0072 -0.1278 0.5791 0.6802
4.2500 0.9849 0.0139 0.0075 -0.1267 0.5675 0.6933
4.5000 1.0034 0.0142 0.0077 -0.1250 0.5549 0.7070
4.7500 1.0221 0.0145 0.0080 -0.1232 0.5421 0.7211
5.0000 1.0408 0.0148 0.0083 -0.1215 0.5294 0.7353
