-5.0000 -0.2817 0.0132 0.0063 -0.0547 0.8356 0.2931
-4.7500 -0.2563 0.0130 0.0061 -0.0540 0.8254 0.3053
-4.5000 -0.2316 0.0128 0.0059 -0.0533 0.8142 0.3175
-4.2500 -0.2064 0.0126 0.0057 -0.0526 0.8031 0.3307
-4.0000 -0.1814 0.0124 0.0055 -0.0519 0.7919 0.3443
-3.7500 -0.1565 0.0122 0.0053 -0.0512 0.7806 0.3587
-3.5000 -0.1316 0.0120 0.0052 -0.0505 0.7690 0.3752
-3.2500 -0.1067 0.0118 0.0050 -0.0497 0.7573 0.3917
-3.0000 -0.0818 0.0117 0.0049 -0.0490 0.7453 0.4106
-2.7500 -0.0571 0.0115 0.0048 -0.0482 0.7331 0.4313
-2.5000 -0.0326 0.0114 0.0047 -0.0474 0.7207 0.4540
-2.2500 -0.0082 0.0113 0.0046 -0.0465 0.7080 0.4775
-2.0000 0.0164 0.0112 0.0046 -0.0457 0.6954 0.5009
-1.7500 0.0412 0.0112 0.0046 -0.0449 0.6828 0.5228
-1.5000 0.0659 0.0111 0.0045 -0.0441 0.6702 0.5446
-1.2500 0.0907 0.0111 0.0045 -0.0433 0.6578 0.5660
-1.0000 0.1156 0.0111 0.0045 -0.0425 0.6450 0.5870
-0.7500 0.1407 0.0111 0.0045 -0.0417 0.6331 0.6060
-0.5000 0.1659 0.0111 0.0045 -0.0410 0.6216 0.6244
-0.2500 0.1912 0.0111 0.0046 -0.0403 0.6108 0.6430
0.0000 0.2166 0.0111 0.0046 -0.0396 0.6000 0.6613
0.2500 0.2421 0.0112 0.0046 -0.0389 0.5896 0.6786
0.5000 0.2677 0.0112 0.0047 -0.0383 0.5796 0.6964
0.7500 0.2932 0.0113 0.0047 -0.0376 0.5695 0.7128
1.0000 0.3184 0.0113 0.0048 -0.0369 0.5592 0.7310
1.2500 0.3437 0.0114 0.0049 -0.0362 0.5492 0.7481
1.5000 0.3689 0.0115 0.0050 -0.0354 0.5395 0.7665
1.7500 0.3942 0.0115 0.0052 -0.0346 0.5307 0.7852
2.0000 0.4195 0.0117 0.0053 -0.0339 0.5223 0.8036
2.2500 0.4447 0.0118 0.0054 -0.0331 0.5134 0.8210
2.5000 0.4701 0.0119 0.0055 -0.0324 0.5055 0.8375
2.7500 0.4955 0.0120 0.0057 -0.0317 0.4985 0.8546
3.0000 0.5205 0.0122 0.0058 -0.0308 0.4904 0.8707
3.2500 0.5460 0.0124 0.0060 -0.0301 0.4828 0.8858
3.5000 0.5709 0.0126 0.0062 -0.0292 0.4749 0.9018
3.7500 0.5964 0.0128 0.0064 -0.0284 0.4661 0.9163
4.0000 0.6249 0.0130 0.0066 -0.0282 0.4580 0.9288
4.2500 0.6568 0.0133 0.0069 -0.0289 0.4501 0.9391
4.5000 0.6894 0.0136 0.0071 -0.0297 0.4420 0.9492
4.7500 0.7285 0.0139 0.0074 -0.0320 0.4343 0.9563
5.0000 0.7661 0.0142 0.0077 -0.0340 0.4256 0.9638
