-5.0000 0.1048 0.0147 0.0070 -0.1293 0.7320 0.2260
-4.7500 0.1302 0.0146 0.0069 -0.1287 0.7237 0.2321
-4.5000 0.1557 0.0145 0.0068 -0.1281 0.7155 0.2388
-4.2500 0.1813 0.0144 0.0067 -0.1276 0.7072 0.2454
-4.0000 0.2099 0.0143 0.0066 -0.1276 0.6998 0.2530
-3.7500 0.2324 0.0142 0.0065 -0.1265 0.6905 0.2600
-3.5000 0.2609 0.0142 0.0064 -0.1264 0.6825 0.2686
-3.2500 0.2832 0.0141 0.0063 -0.1253 0.6733 0.2762
-3.0000 0.3096 0.0141 0.0063 -0.1249 0.6647 0.2846
-2.7500 0.3341 0.0140 0.0062 -0.1241 0.6562 0.2924
-2.5000 0.3586 0.0140 0.0062 -0.1234 0.6475 0.3011
-2.2500 0.3866 0.0140 0.0061 -0.1233 0.6402 0.3097
-2.0000 0.4091 0.0140 0.0061 -0.1222 0.6323 0.3187
-1.7500 0.4341 0.0140 0.0061 -0.1216 0.6250 0.3278
-1.5000 0.4624 0.0140 0.0061 -0.1216 0.6184 0.3386
-1.2500 0.4848 0.0140 0.0061 -0.1205 0.6115 0.3492
-1.0000 0.5096 0.0140 0.0061 -0.1199 0.6049 0.3604
-0.7500 0.5381 0.0140 0.0061 -0.1200 0.5988 0.3732
-0.5000 0.5620 0.0140 0.0062 -0.1193 0.5929 0.3866
-0.2500 0.5853 0.0140 0.0063 -0.1184 0.5868 0.4015
0.0000 0.6107 0.0140 0.0063 -0.1180 0.5810 0.4193
0.2500 0.6406 0.0141 0.0063 -0.1184 0.5752 0.4413
0.5000 0.6611 0.0140 0.0065 -0.1170 0.5699 0.4664
0.7500 0.6837 0.0140 0.0066 -0.1160 0.5642 0.4984
1.0000 0.7082 0.0140 0.0067 -0.1154 0.5586 0.5401
1.2500 0.7362 0.0140 0.0068 -0.1155 0.5530 0.5869
1.5000 0.7554 0.0140 0.0070 -0.1137 0.5478 0.6289
1.7500 0.7770 0.0140 0.0071 -0.1125 0.5426 0.6726
2.0000 0.8012 0.0141 0.0073 -0.1116 0.5380 0.7160
2.2500 0.8299 0.0142 0.0075 -0.1117 0.5334 0.7596
2.5000 0.8499 0.0143 0.0077 -0.1100 0.5293 0.8032
2.7500 0.8674 0.0143 0.0080 -0.1076 0.5249 0.8496
3.0000 0.8876 0.0145 0.0082 -0.1057 0.5205 0.9009
3.2500 0.9234 0.0147 0.0084 -0.1071 0.5161 0.9478
3.5000 0.9745 0.0151 0.0087 -0.1119 0.5113 0.9771
3.7500 1.0175 0.0154 0.0090 -0.1154 0.5065 0.9966
4.0000 1.0326 0.0155 0.0091 -0.1132 0.5019 1.0000
4.2500 1.0460 0.0156 0.0092 -0.1106 0.4976 1.0000
4.5000 1.0773 0.0159 0.0093 -0.1115 0.4928 1.0000
4.7500 1.0826 0.0161 0.0095 -0.1073 0.4885 1.0000
5.0000 1.0970 0.0163 0.0097 -0.1050 0.4836 1.0000
