-5.0000 -0.0411 0.0213 0.0144 -0.1362 0.8144 0.2694
-4.7500 -0.0019 0.0207 0.0138 -0.1381 0.8139 0.2766
-4.5000 0.0380 0.0202 0.0133 -0.1402 0.8134 0.2841
-4.2500 0.0795 0.0196 0.0128 -0.1425 0.8128 0.2922
-4.0000 0.1224 0.0190 0.0122 -0.1452 0.8123 0.3008
-3.7500 0.1679 0.0185 0.0117 -0.1483 0.8117 0.3096
-3.5000 0.1948 0.0183 0.0115 -0.1480 0.8072 0.3171
-3.2500 0.2218 0.0181 0.0113 -0.1477 0.8027 0.3246
-3.0000 0.2487 0.0178 0.0111 -0.1475 0.7983 0.3322
-2.7500 0.2756 0.0176 0.0109 -0.1472 0.7938 0.3397
-2.5000 0.3236 0.0169 0.0102 -0.1507 0.7928 0.3491
-2.2500 0.3739 0.0163 0.0096 -0.1548 0.7917 0.3587
-2.0000 0.3875 0.0164 0.0097 -0.1520 0.7840 0.3653
-1.7500 0.4010 0.0165 0.0098 -0.1492 0.7764 0.3718
-1.5000 0.4461 0.0159 0.0093 -0.1522 0.7743 0.3816
-1.2500 0.4936 0.0154 0.0088 -0.1558 0.7723 0.3919
-1.0000 0.5140 0.0154 0.0088 -0.1542 0.7649 0.4003
-0.7500 0.5343 0.0154 0.0088 -0.1527 0.7574 0.4088
-0.5000 0.5784 0.0149 0.0083 -0.1556 0.7536 0.4192
-0.2500 0.6007 0.0149 0.0083 -0.1544 0.7456 0.4275
0.0000 0.6249 0.0148 0.0082 -0.1535 0.7368 0.4364
0.2500 0.6723 0.0143 0.0077 -0.1571 0.7314 0.4474
0.5000 0.6749 0.0147 0.0081 -0.1521 0.7184 0.4546
0.7500 0.7108 0.0144 0.0078 -0.1535 0.7107 0.4643
1.0000 0.7278 0.0146 0.0080 -0.1514 0.6994 0.4729
1.2500 0.7572 0.0145 0.0079 -0.1516 0.6905 0.4824
1.5000 0.7791 0.0146 0.0080 -0.1504 0.6794 0.4918
1.7500 0.8011 0.0148 0.0081 -0.1493 0.6686 0.5004
2.0000 0.8294 0.0148 0.0081 -0.1493 0.6585 0.5109
2.2500 0.8477 0.0150 0.0083 -0.1476 0.6468 0.5197
2.5000 0.8746 0.0151 0.0084 -0.1474 0.6364 0.5308
2.7500 0.8930 0.0154 0.0087 -0.1456 0.6240 0.5412
3.0000 0.9139 0.0156 0.0089 -0.1444 0.6125 0.5512
3.2500 0.9397 0.0159 0.0090 -0.1440 0.6020 0.5626
3.5000 0.9565 0.0162 0.0094 -0.1421 0.5912 0.5712
3.7500 0.9836 0.0164 0.0095 -0.1420 0.5816 0.5820
4.0000 0.9963 0.0169 0.0100 -0.1395 0.5708 0.5905
4.2500 1.0192 0.0171 0.0102 -0.1387 0.5612 0.6011
4.5000 1.0343 0.0176 0.0107 -0.1365 0.5510 0.6109
4.7500 1.0569 0.0179 0.0109 -0.1357 0.5421 0.6213
5.0000 1.0710 0.0184 0.0115 -0.1335 0.5322 0.6321
