-5.0000 -0.3084 0.0141 0.0075 -0.0690 0.9300 0.2785
-4.7500 -0.2794 0.0138 0.0073 -0.0692 0.9248 0.2944
-4.5000 -0.2504 0.0136 0.0071 -0.0694 0.9196 0.3104
-4.2500 -0.2141 0.0133 0.0069 -0.0710 0.9170 0.3287
-4.0000 -0.1765 0.0130 0.0066 -0.0728 0.9148 0.3482
-3.7500 -0.1475 0.0128 0.0064 -0.0728 0.9090 0.3649
-3.5000 -0.1186 0.0125 0.0062 -0.0729 0.9033 0.3815
-3.2500 -0.0831 0.0121 0.0059 -0.0742 0.9002 0.3995
-3.0000 -0.0568 0.0119 0.0057 -0.0736 0.8931 0.4167
-2.7500 -0.0253 0.0116 0.0055 -0.0741 0.8882 0.4348
-2.5000 0.0067 0.0114 0.0053 -0.0746 0.8837 0.4522
-2.2500 0.0338 0.0112 0.0052 -0.0742 0.8763 0.4687
-2.0000 0.0658 0.0109 0.0050 -0.0747 0.8713 0.4858
-1.7500 0.0926 0.0108 0.0048 -0.0741 0.8626 0.5030
-1.5000 0.1207 0.0106 0.0047 -0.0738 0.8540 0.5217
-1.2500 0.1500 0.0104 0.0045 -0.0738 0.8460 0.5393
-1.0000 0.1789 0.0102 0.0044 -0.0736 0.8377 0.5567
-0.7500 0.2057 0.0101 0.0043 -0.0731 0.8275 0.5742
-0.5000 0.2332 0.0100 0.0043 -0.0727 0.8170 0.5917
-0.2500 0.2607 0.0099 0.0042 -0.0723 0.8057 0.6090
0.0000 0.2880 0.0098 0.0041 -0.0718 0.7934 0.6254
0.2500 0.3154 0.0097 0.0041 -0.0714 0.7803 0.6422
0.5000 0.3425 0.0097 0.0040 -0.0709 0.7660 0.6589
0.7500 0.3698 0.0096 0.0040 -0.0704 0.7518 0.6756
1.0000 0.3955 0.0096 0.0040 -0.0697 0.7350 0.6928
1.2500 0.4215 0.0096 0.0040 -0.0689 0.7181 0.7097
1.5000 0.4470 0.0096 0.0040 -0.0681 0.7003 0.7275
1.7500 0.4722 0.0096 0.0040 -0.0673 0.6821 0.7457
2.0000 0.4969 0.0097 0.0040 -0.0663 0.6631 0.7647
2.2500 0.5213 0.0097 0.0041 -0.0653 0.6446 0.7851
2.5000 0.5451 0.0098 0.0042 -0.0642 0.6259 0.8065
2.7500 0.5684 0.0099 0.0043 -0.0629 0.6075 0.8307
3.0000 0.5910 0.0100 0.0044 -0.0614 0.5878 0.8568
3.2500 0.6133 0.0102 0.0046 -0.0599 0.5687 0.8874
3.5000 0.6381 0.0104 0.0047 -0.0589 0.5497 0.9189
3.7500 0.6702 0.0106 0.0049 -0.0595 0.5294 0.9469
4.0000 0.7079 0.0109 0.0051 -0.0615 0.5098 0.9690
4.2500 0.7511 0.0112 0.0053 -0.0648 0.4899 0.9839
4.5000 0.7939 0.0115 0.0055 -0.0681 0.4686 0.9969
4.7500 0.8158 0.0117 0.0056 -0.0672 0.4495 1.0000
5.0000 0.8310 0.0119 0.0057 -0.0648 0.4321 1.0000
