-5.0000 -0.2722 0.0143 0.0076 -0.0729 0.8828 0.3303
-4.7500 -0.2452 0.0141 0.0074 -0.0726 0.8770 0.3396
-4.5000 -0.2158 0.0138 0.0072 -0.0727 0.8715 0.3496
-4.2500 -0.1821 0.0135 0.0069 -0.0737 0.8677 0.3606
-4.0000 -0.1586 0.0133 0.0067 -0.0726 0.8595 0.3706
-3.7500 -0.1274 0.0130 0.0064 -0.0731 0.8546 0.3818
-3.5000 -0.1016 0.0128 0.0063 -0.0725 0.8468 0.3926
-3.2500 -0.0736 0.0126 0.0061 -0.0723 0.8393 0.4042
-3.0000 -0.0438 0.0124 0.0059 -0.0724 0.8317 0.4161
-2.7500 -0.0185 0.0122 0.0057 -0.0717 0.8217 0.4268
-2.5000 0.0098 0.0121 0.0056 -0.0715 0.8132 0.4378
-2.2500 0.0399 0.0119 0.0054 -0.0717 0.8052 0.4497
-2.0000 0.0651 0.0118 0.0053 -0.0709 0.7939 0.4615
-1.7500 0.0920 0.0117 0.0052 -0.0705 0.7834 0.4736
-1.5000 0.1190 0.0115 0.0051 -0.0701 0.7725 0.4854
-1.2500 0.1459 0.0115 0.0050 -0.0697 0.7612 0.4978
-1.0000 0.1726 0.0114 0.0049 -0.0692 0.7490 0.5100
-0.7500 0.1994 0.0113 0.0049 -0.0688 0.7365 0.5222
-0.5000 0.2255 0.0113 0.0048 -0.0682 0.7230 0.5344
-0.2500 0.2516 0.0113 0.0048 -0.0676 0.7095 0.5463
0.0000 0.2780 0.0113 0.0047 -0.0671 0.6963 0.5590
0.2500 0.3032 0.0113 0.0048 -0.0663 0.6819 0.5714
0.5000 0.3283 0.0113 0.0048 -0.0656 0.6681 0.5844
0.7500 0.3536 0.0114 0.0049 -0.0649 0.6546 0.5977
1.0000 0.3789 0.0114 0.0049 -0.0642 0.6414 0.6105
1.2500 0.4040 0.0115 0.0049 -0.0635 0.6280 0.6226
1.5000 0.4288 0.0116 0.0050 -0.0627 0.6143 0.6348
1.7500 0.4533 0.0117 0.0050 -0.0619 0.6008 0.6476
2.0000 0.4779 0.0118 0.0051 -0.0611 0.5881 0.6598
2.2500 0.5020 0.0118 0.0052 -0.0602 0.5751 0.6715
2.5000 0.5257 0.0119 0.0053 -0.0592 0.5619 0.6840
2.7500 0.5492 0.0121 0.0054 -0.0582 0.5486 0.6977
3.0000 0.5722 0.0122 0.0055 -0.0571 0.5354 0.7119
3.2500 0.5952 0.0123 0.0056 -0.0560 0.5235 0.7264
3.5000 0.6182 0.0124 0.0058 -0.0549 0.5119 0.7416
3.7500 0.6408 0.0125 0.0059 -0.0538 0.5001 0.7570
4.0000 0.6632 0.0126 0.0061 -0.0526 0.4887 0.7729
4.2500 0.6851 0.0128 0.0063 -0.0513 0.4773 0.7894
4.5000 0.7060 0.0129 0.0064 -0.0499 0.4657 0.8072
4.7500 0.7262 0.0131 0.0066 -0.0482 0.4544 0.8265
5.0000 0.7454 0.0132 0.0068 -0.0463 0.4432 0.8484
