-5.0000 -0.2387 0.0131 0.0061 -0.0610 0.8766 0.1996
-4.7500 -0.2142 0.0129 0.0059 -0.0602 0.8655 0.2124
-4.5000 -0.1872 0.0125 0.0056 -0.0598 0.8565 0.2269
-4.2500 -0.1623 0.0123 0.0053 -0.0590 0.8445 0.2422
-4.0000 -0.1367 0.0120 0.0051 -0.0584 0.8333 0.2593
-3.7500 -0.1104 0.0117 0.0048 -0.0579 0.8228 0.2800
-3.5000 -0.0866 0.0114 0.0046 -0.0570 0.8095 0.3055
-3.2500 -0.0626 0.0110 0.0044 -0.0561 0.7968 0.3426
-3.0000 -0.0386 0.0107 0.0043 -0.0552 0.7846 0.3964
-2.7500 -0.0144 0.0104 0.0042 -0.0543 0.7717 0.4497
-2.5000 0.0098 0.0102 0.0041 -0.0534 0.7576 0.4936
-2.2500 0.0347 0.0101 0.0040 -0.0525 0.7437 0.5317
-2.0000 0.0599 0.0100 0.0040 -0.0517 0.7300 0.5659
-1.7500 0.0853 0.0099 0.0039 -0.0509 0.7161 0.5956
-1.5000 0.1110 0.0099 0.0039 -0.0502 0.7022 0.6238
-1.2500 0.1365 0.0099 0.0039 -0.0494 0.6879 0.6491
-1.0000 0.1619 0.0098 0.0039 -0.0486 0.6730 0.6736
-0.7500 0.1875 0.0098 0.0039 -0.0478 0.6584 0.6979
-0.5000 0.2129 0.0098 0.0039 -0.0470 0.6439 0.7212
-0.2500 0.2382 0.0099 0.0040 -0.0462 0.6291 0.7448
0.0000 0.2634 0.0099 0.0040 -0.0453 0.6140 0.7678
0.2500 0.2885 0.0100 0.0040 -0.0444 0.5987 0.7892
0.5000 0.3133 0.0101 0.0041 -0.0434 0.5833 0.8122
0.7500 0.3381 0.0102 0.0042 -0.0424 0.5695 0.8346
1.0000 0.3634 0.0103 0.0043 -0.0415 0.5559 0.8540
1.2500 0.3886 0.0104 0.0044 -0.0406 0.5423 0.8734
1.5000 0.4145 0.0106 0.0046 -0.0398 0.5298 0.8929
1.7500 0.4406 0.0109 0.0048 -0.0389 0.5178 0.9136
2.0000 0.4704 0.0111 0.0050 -0.0389 0.5054 0.9305
2.2500 0.5036 0.0114 0.0052 -0.0397 0.4943 0.9430
2.5000 0.5378 0.0117 0.0054 -0.0408 0.4831 0.9555
2.7500 0.5820 0.0120 0.0056 -0.0440 0.4724 0.9616
3.0000 0.6201 0.0122 0.0058 -0.0462 0.4623 0.9697
3.2500 0.6627 0.0124 0.0060 -0.0493 0.4524 0.9740
3.5000 0.7050 0.0126 0.0061 -0.0524 0.4431 0.9784
3.7500 0.7448 0.0128 0.0063 -0.0551 0.4347 0.9843
4.0000 0.7845 0.0130 0.0064 -0.0577 0.4264 0.9897
4.2500 0.8279 0.0132 0.0065 -0.0611 0.4188 0.9940
4.5000 0.8704 0.0134 0.0067 -0.0644 0.4102 0.9988
4.7500 0.8957 0.0136 0.0068 -0.0642 0.4034 1.0000
5.0000 0.9128 0.0137 0.0069 -0.0624 0.3970 1.0000
