-5.0000 -0.2370 0.0132 0.0061 -0.0603 0.8549 0.2233
-4.7500 -0.2121 0.0129 0.0059 -0.0596 0.8444 0.2353
-4.5000 -0.1863 0.0126 0.0056 -0.0590 0.8344 0.2492
-4.2500 -0.1606 0.0123 0.0054 -0.0584 0.8236 0.2648
-4.0000 -0.1361 0.0121 0.0052 -0.0576 0.8118 0.2823
-3.7500 -0.1107 0.0118 0.0049 -0.0570 0.8007 0.3037
-3.5000 -0.0871 0.0115 0.0047 -0.0560 0.7879 0.3310
-3.2500 -0.0631 0.0112 0.0046 -0.0552 0.7759 0.3711
-3.0000 -0.0390 0.0109 0.0044 -0.0543 0.7643 0.4175
-2.7500 -0.0151 0.0107 0.0043 -0.0533 0.7511 0.4604
-2.5000 0.0093 0.0105 0.0043 -0.0524 0.7377 0.4984
-2.2500 0.0342 0.0104 0.0042 -0.0516 0.7244 0.5316
-2.0000 0.0594 0.0103 0.0042 -0.0508 0.7112 0.5602
-1.7500 0.0850 0.0103 0.0041 -0.0500 0.6982 0.5872
-1.5000 0.1101 0.0103 0.0041 -0.0492 0.6838 0.6105
-1.2500 0.1355 0.0102 0.0041 -0.0484 0.6695 0.6329
-1.0000 0.1611 0.0102 0.0041 -0.0477 0.6551 0.6542
-0.7500 0.1865 0.0103 0.0041 -0.0469 0.6404 0.6747
-0.5000 0.2117 0.0103 0.0041 -0.0461 0.6253 0.6960
-0.2500 0.2369 0.0103 0.0041 -0.0453 0.6111 0.7167
0.0000 0.2621 0.0103 0.0042 -0.0444 0.5976 0.7381
0.2500 0.2872 0.0104 0.0042 -0.0436 0.5842 0.7590
0.5000 0.3123 0.0105 0.0043 -0.0427 0.5704 0.7797
0.7500 0.3373 0.0106 0.0044 -0.0419 0.5575 0.8003
1.0000 0.3623 0.0107 0.0045 -0.0410 0.5454 0.8206
1.2500 0.3870 0.0108 0.0046 -0.0400 0.5338 0.8412
1.5000 0.4116 0.0109 0.0048 -0.0390 0.5221 0.8622
1.7500 0.4367 0.0111 0.0049 -0.0380 0.5115 0.8815
2.0000 0.4622 0.0113 0.0051 -0.0372 0.5013 0.8993
2.2500 0.4886 0.0116 0.0053 -0.0365 0.4906 0.9160
2.5000 0.5159 0.0118 0.0055 -0.0360 0.4802 0.9322
2.7500 0.5497 0.0121 0.0057 -0.0370 0.4711 0.9424
3.0000 0.5835 0.0124 0.0059 -0.0380 0.4620 0.9525
3.2500 0.6256 0.0126 0.0061 -0.0409 0.4521 0.9584
3.5000 0.6652 0.0129 0.0063 -0.0433 0.4441 0.9657
3.7500 0.7054 0.0131 0.0066 -0.0459 0.4360 0.9715
4.0000 0.7490 0.0134 0.0067 -0.0493 0.4281 0.9753
4.2500 0.7903 0.0136 0.0069 -0.0523 0.4191 0.9809
4.5000 0.8272 0.0139 0.0071 -0.0543 0.4114 0.9875
4.7500 0.8712 0.0140 0.0073 -0.0579 0.4032 0.9912
5.0000 0.9130 0.0143 0.0074 -0.0610 0.3959 0.9957
