-5.0000 -0.4650 0.0170 0.0098 -0.0271 0.8958 0.3958
-4.7500 -0.4407 0.0167 0.0095 -0.0261 0.8852 0.4066
-4.5000 -0.4076 0.0163 0.0092 -0.0268 0.8792 0.4177
-4.2500 -0.3836 0.0161 0.0089 -0.0258 0.8690 0.4295
-4.0000 -0.3526 0.0158 0.0086 -0.0261 0.8617 0.4410
-3.7500 -0.3287 0.0155 0.0084 -0.0250 0.8504 0.4530
-3.5000 -0.2983 0.0153 0.0081 -0.0250 0.8428 0.4659
-3.2500 -0.2748 0.0151 0.0080 -0.0239 0.8305 0.4774
-3.0000 -0.2493 0.0149 0.0078 -0.0232 0.8201 0.4904
-2.7500 -0.2208 0.0147 0.0076 -0.0229 0.8105 0.5025
-2.5000 -0.1960 0.0145 0.0075 -0.0220 0.7976 0.5140
-2.2500 -0.1699 0.0144 0.0073 -0.0213 0.7857 0.5266
-2.0000 -0.1427 0.0142 0.0072 -0.0208 0.7739 0.5388
-1.7500 -0.1175 0.0141 0.0071 -0.0200 0.7607 0.5505
-1.5000 -0.0896 0.0140 0.0069 -0.0197 0.7496 0.5626
-1.2500 -0.0649 0.0139 0.0069 -0.0188 0.7359 0.5748
-1.0000 -0.0387 0.0139 0.0068 -0.0182 0.7236 0.5876
-0.7500 -0.0122 0.0138 0.0067 -0.0176 0.7111 0.6002
-0.5000 0.0130 0.0138 0.0067 -0.0168 0.6977 0.6132
-0.2500 0.0405 0.0137 0.0066 -0.0163 0.6855 0.6268
0.0000 0.0644 0.0137 0.0067 -0.0153 0.6711 0.6404
0.2500 0.0910 0.0137 0.0067 -0.0147 0.6593 0.6545
0.5000 0.1162 0.0137 0.0067 -0.0139 0.6464 0.6681
0.7500 0.1421 0.0137 0.0067 -0.0133 0.6346 0.6821
1.0000 0.1683 0.0138 0.0067 -0.0126 0.6223 0.6953
1.2500 0.1937 0.0138 0.0068 -0.0119 0.6091 0.7082
1.5000 0.2199 0.0138 0.0068 -0.0112 0.5965 0.7217
1.7500 0.2445 0.0139 0.0069 -0.0103 0.5827 0.7359
2.0000 0.2693 0.0140 0.0070 -0.0093 0.5696 0.7506
2.2500 0.2949 0.0141 0.0070 -0.0086 0.5579 0.7657
2.5000 0.3190 0.0142 0.0072 -0.0075 0.5457 0.7810
2.7500 0.3445 0.0143 0.0073 -0.0067 0.5343 0.7947
3.0000 0.3709 0.0145 0.0075 -0.0061 0.5232 0.8078
3.2500 0.3951 0.0146 0.0076 -0.0050 0.5111 0.8217
3.5000 0.4188 0.0148 0.0078 -0.0039 0.4997 0.8368
3.7500 0.4457 0.0150 0.0080 -0.0033 0.4885 0.8488
4.0000 0.4703 0.0152 0.0082 -0.0023 0.4769 0.8622
4.2500 0.4922 0.0154 0.0084 -0.0008 0.4646 0.8768
4.5000 0.5210 0.0158 0.0087 -0.0006 0.4523 0.8863
4.7500 0.5467 0.0160 0.0090 0.0001 0.4415 0.8985
5.0000 0.5758 0.0164 0.0093 0.0002 0.4303 0.9090
