-5.0000 -0.4402 0.0180 0.0106 -0.0289 0.8342 0.4063
-4.7500 -0.4092 0.0176 0.0102 -0.0292 0.8263 0.4142
-4.5000 -0.3882 0.0175 0.0100 -0.0277 0.8143 0.4222
-4.2500 -0.3617 0.0172 0.0097 -0.0272 0.8050 0.4309
-4.0000 -0.3371 0.0170 0.0096 -0.0264 0.7946 0.4390
-3.7500 -0.3140 0.0168 0.0093 -0.0253 0.7842 0.4484
-3.5000 -0.2861 0.0166 0.0092 -0.0251 0.7745 0.4569
-3.2500 -0.2630 0.0165 0.0090 -0.0240 0.7629 0.4662
-3.0000 -0.2360 0.0163 0.0088 -0.0236 0.7530 0.4751
-2.7500 -0.2125 0.0162 0.0087 -0.0226 0.7410 0.4840
-2.5000 -0.1869 0.0161 0.0085 -0.0219 0.7309 0.4935
-2.2500 -0.1620 0.0159 0.0084 -0.0212 0.7186 0.5019
-2.0000 -0.1368 0.0159 0.0083 -0.0204 0.7081 0.5118
-1.7500 -0.1118 0.0157 0.0082 -0.0197 0.6961 0.5205
-1.5000 -0.0868 0.0157 0.0081 -0.0189 0.6855 0.5314
-1.2500 -0.0624 0.0156 0.0081 -0.0180 0.6736 0.5411
-1.0000 -0.0376 0.0156 0.0080 -0.0172 0.6631 0.5523
-0.7500 -0.0127 0.0156 0.0080 -0.0165 0.6517 0.5622
-0.5000 0.0124 0.0156 0.0080 -0.0158 0.6412 0.5726
-0.2500 0.0370 0.0155 0.0079 -0.0150 0.6302 0.5825
0.0000 0.0626 0.0155 0.0079 -0.0144 0.6203 0.5931
0.2500 0.0866 0.0155 0.0079 -0.0135 0.6097 0.6038
0.5000 0.1128 0.0155 0.0079 -0.0129 0.6002 0.6148
0.7500 0.1364 0.0155 0.0080 -0.0120 0.5896 0.6256
1.0000 0.1624 0.0156 0.0080 -0.0114 0.5804 0.6373
1.2500 0.1857 0.0156 0.0080 -0.0104 0.5695 0.6481
1.5000 0.2112 0.0157 0.0080 -0.0098 0.5602 0.6607
1.7500 0.2340 0.0157 0.0081 -0.0086 0.5491 0.6715
2.0000 0.2600 0.0158 0.0082 -0.0081 0.5396 0.6828
2.2500 0.2816 0.0158 0.0082 -0.0067 0.5293 0.6953
2.5000 0.3097 0.0159 0.0083 -0.0066 0.5207 0.7061
2.7500 0.3311 0.0160 0.0085 -0.0052 0.5105 0.7175
3.0000 0.3569 0.0161 0.0085 -0.0046 0.5021 0.7304
3.2500 0.3787 0.0162 0.0087 -0.0033 0.4923 0.7421
3.5000 0.4045 0.0163 0.0088 -0.0027 0.4837 0.7542
3.7500 0.4258 0.0165 0.0090 -0.0013 0.4742 0.7670
4.0000 0.4505 0.0166 0.0091 -0.0005 0.4658 0.7806
4.2500 0.4714 0.0168 0.0094 0.0011 0.4562 0.7932
4.5000 0.4970 0.0170 0.0095 0.0018 0.4480 0.8054
4.7500 0.5165 0.0172 0.0098 0.0035 0.4389 0.8189
5.0000 0.5407 0.0174 0.0099 0.0044 0.4313 0.8332
