-5.0000 -0.0409 0.0129 0.0059 -0.1060 0.7382 0.2736
-4.7500 -0.0163 0.0128 0.0058 -0.1053 0.7302 0.2802
-4.5000 0.0088 0.0127 0.0057 -0.1047 0.7222 0.2868
-4.2500 0.0350 0.0126 0.0056 -0.1043 0.7149 0.2943
-4.0000 0.0597 0.0126 0.0055 -0.1035 0.7070 0.3014
-3.7500 0.0859 0.0125 0.0054 -0.1031 0.6998 0.3092
-3.5000 0.1109 0.0125 0.0054 -0.1025 0.6922 0.3169
-3.2500 0.1356 0.0124 0.0053 -0.1018 0.6846 0.3241
-3.0000 0.1622 0.0124 0.0053 -0.1014 0.6777 0.3319
-2.7500 0.1866 0.0124 0.0052 -0.1007 0.6699 0.3391
-2.5000 0.2129 0.0123 0.0052 -0.1003 0.6629 0.3470
-2.2500 0.2373 0.0123 0.0051 -0.0995 0.6552 0.3548
-2.0000 0.2622 0.0123 0.0051 -0.0989 0.6479 0.3625
-1.7500 0.2881 0.0123 0.0051 -0.0984 0.6412 0.3713
-1.5000 0.3123 0.0123 0.0051 -0.0976 0.6342 0.3795
-1.2500 0.3394 0.0123 0.0051 -0.0974 0.6279 0.3894
-1.0000 0.3622 0.0123 0.0051 -0.0963 0.6205 0.3985
-0.7500 0.3875 0.0123 0.0051 -0.0957 0.6134 0.4087
-0.5000 0.4116 0.0123 0.0051 -0.0950 0.6066 0.4184
-0.2500 0.4356 0.0123 0.0052 -0.0942 0.5998 0.4290
0.0000 0.4618 0.0123 0.0052 -0.0938 0.5938 0.4407
0.2500 0.4841 0.0123 0.0052 -0.0927 0.5870 0.4517
0.5000 0.5087 0.0123 0.0052 -0.0920 0.5809 0.4638
0.7500 0.5332 0.0124 0.0053 -0.0913 0.5748 0.4759
1.0000 0.5557 0.0124 0.0054 -0.0902 0.5682 0.4894
1.2500 0.5788 0.0124 0.0054 -0.0892 0.5619 0.5051
1.5000 0.6019 0.0125 0.0055 -0.0883 0.5557 0.5209
1.7500 0.6235 0.0125 0.0056 -0.0871 0.5493 0.5386
2.0000 0.6471 0.0126 0.0057 -0.0863 0.5434 0.5571
2.2500 0.6656 0.0126 0.0058 -0.0844 0.5371 0.5761
2.5000 0.6875 0.0126 0.0059 -0.0833 0.5312 0.5969
2.7500 0.7111 0.0127 0.0060 -0.0825 0.5255 0.6191
3.0000 0.7303 0.0128 0.0062 -0.0808 0.5191 0.6427
3.2500 0.7532 0.0129 0.0064 -0.0799 0.5131 0.6684
3.5000 0.7762 0.0130 0.0066 -0.0790 0.5070 0.6941
3.7500 0.7959 0.0131 0.0068 -0.0775 0.5010 0.7199
4.0000 0.8162 0.0132 0.0070 -0.0760 0.4946 0.7491
4.2500 0.8358 0.0134 0.0072 -0.0745 0.4882 0.7822
4.5000 0.8554 0.0135 0.0075 -0.0729 0.4819 0.8152
4.7500 0.8728 0.0137 0.0078 -0.0708 0.4751 0.8510
5.0000 0.8901 0.0139 0.0080 -0.0686 0.4688 0.8892
