-5.0000 0.0974 0.0164 0.0096 -0.1642 0.8729 0.1532
-4.7500 0.1326 0.0161 0.0093 -0.1656 0.8712 0.1671
-4.5000 0.1692 0.0157 0.0089 -0.1673 0.8697 0.1800
-4.2500 0.2064 0.0153 0.0085 -0.1691 0.8684 0.1939
-4.0000 0.2431 0.0150 0.0082 -0.1708 0.8671 0.2080
-3.7500 0.2652 0.0149 0.0083 -0.1698 0.8618 0.2202
-3.5000 0.2874 0.0149 0.0083 -0.1687 0.8565 0.2324
-3.2500 0.3216 0.0146 0.0080 -0.1698 0.8541 0.2481
-3.0000 0.3573 0.0143 0.0077 -0.1712 0.8521 0.2646
-2.7500 0.3936 0.0139 0.0074 -0.1728 0.8502 0.2824
-2.5000 0.4312 0.0136 0.0071 -0.1746 0.8485 0.3010
-2.2500 0.4467 0.0138 0.0073 -0.1721 0.8407 0.3152
-2.0000 0.4777 0.0136 0.0071 -0.1726 0.8369 0.3321
-1.7500 0.5117 0.0133 0.0069 -0.1737 0.8341 0.3501
-1.5000 0.5481 0.0130 0.0066 -0.1752 0.8317 0.3693
-1.2500 0.5761 0.0130 0.0066 -0.1752 0.8271 0.3868
-1.0000 0.6001 0.0129 0.0066 -0.1743 0.8210 0.4036
-0.7500 0.6324 0.0127 0.0065 -0.1750 0.8172 0.4220
-0.5000 0.6679 0.0125 0.0063 -0.1764 0.8140 0.4417
-0.2500 0.6951 0.0124 0.0063 -0.1761 0.8087 0.4615
0.0000 0.7208 0.0124 0.0063 -0.1755 0.8024 0.4816
0.2500 0.7541 0.0122 0.0061 -0.1764 0.7980 0.5030
0.5000 0.7870 0.0120 0.0060 -0.1772 0.7936 0.5241
0.7500 0.8087 0.0121 0.0061 -0.1758 0.7855 0.5433
1.0000 0.8414 0.0119 0.0060 -0.1766 0.7801 0.5663
1.2500 0.8673 0.0119 0.0060 -0.1760 0.7733 0.5853
1.5000 0.8947 0.0118 0.0060 -0.1758 0.7666 0.6062
1.7500 0.9285 0.0117 0.0059 -0.1768 0.7615 0.6301
2.0000 0.9489 0.0117 0.0060 -0.1751 0.7522 0.6522
2.2500 0.9805 0.0115 0.0059 -0.1757 0.7455 0.6801
2.5000 1.0004 0.0115 0.0060 -0.1739 0.7353 0.7111
2.7500 1.0283 0.0113 0.0059 -0.1736 0.7275 0.7567
3.0000 1.0430 0.0111 0.0060 -0.1704 0.7171 0.8575
3.2500 1.0712 0.0110 0.0059 -0.1702 0.7070 1.0000
3.5000 1.0973 0.0111 0.0060 -0.1697 0.6961 1.0000
3.7500 1.1189 0.0112 0.0061 -0.1684 0.6840 1.0000
4.0000 1.1427 0.0113 0.0061 -0.1675 0.6719 1.0000
4.2500 1.1678 0.0115 0.0062 -0.1669 0.6596 1.0000
4.5000 1.1882 0.0116 0.0063 -0.1653 0.6454 1.0000
4.7500 1.2078 0.0119 0.0065 -0.1635 0.6299 1.0000
5.0000 1.2264 0.0121 0.0067 -0.1616 0.6140 1.0000
