-5.0000 -0.5900 0.0149 0.0080 0.0023 0.9743 0.3516
-4.7500 -0.5489 0.0146 0.0078 -0.0007 0.9698 0.3832
-4.5000 -0.5159 0.0144 0.0076 -0.0018 0.9614 0.4101
-4.2500 -0.4747 0.0141 0.0075 -0.0046 0.9566 0.4380
-4.0000 -0.4379 0.0139 0.0073 -0.0064 0.9493 0.4639
-3.7500 -0.3975 0.0136 0.0072 -0.0088 0.9427 0.4891
-3.5000 -0.3526 0.0133 0.0069 -0.0120 0.9389 0.5144
-3.2500 -0.3220 0.0131 0.0068 -0.0123 0.9283 0.5373
-3.0000 -0.2823 0.0128 0.0066 -0.0143 0.9230 0.5600
-2.7500 -0.2539 0.0126 0.0064 -0.0140 0.9109 0.5808
-2.5000 -0.2229 0.0123 0.0062 -0.0140 0.9003 0.6015
-2.2500 -0.1906 0.0120 0.0060 -0.0142 0.8909 0.6230
-2.0000 -0.1643 0.0118 0.0059 -0.0133 0.8773 0.6437
-1.7500 -0.1371 0.0116 0.0057 -0.0126 0.8641 0.6635
-1.5000 -0.1097 0.0115 0.0056 -0.0118 0.8508 0.6837
-1.2500 -0.0830 0.0113 0.0055 -0.0109 0.8363 0.7049
-1.0000 -0.0560 0.0112 0.0054 -0.0101 0.8217 0.7243
-0.7500 -0.0296 0.0111 0.0053 -0.0091 0.8060 0.7436
-0.5000 -0.0033 0.0111 0.0053 -0.0081 0.7893 0.7625
-0.2500 0.0229 0.0111 0.0053 -0.0071 0.7712 0.7808
0.0000 0.0491 0.0111 0.0053 -0.0061 0.7530 0.7985
0.2500 0.0751 0.0111 0.0053 -0.0051 0.7344 0.8162
0.5000 0.1017 0.0112 0.0054 -0.0042 0.7168 0.8328
0.7500 0.1285 0.0113 0.0055 -0.0034 0.6989 0.8488
1.0000 0.1555 0.0115 0.0056 -0.0025 0.6808 0.8642
1.2500 0.1826 0.0116 0.0057 -0.0018 0.6623 0.8789
1.5000 0.2095 0.0118 0.0058 -0.0010 0.6439 0.8934
1.7500 0.2409 0.0120 0.0059 -0.0011 0.6246 0.9042
2.0000 0.2730 0.0123 0.0061 -0.0014 0.6052 0.9144
2.2500 0.3025 0.0125 0.0062 -0.0014 0.5857 0.9263
2.5000 0.3421 0.0128 0.0064 -0.0034 0.5640 0.9324
2.7500 0.3754 0.0130 0.0066 -0.0042 0.5427 0.9427
3.0000 0.4204 0.0133 0.0067 -0.0075 0.5195 0.9475
3.2500 0.4558 0.0136 0.0069 -0.0089 0.4981 0.9575
3.5000 0.5023 0.0138 0.0070 -0.0127 0.4733 0.9621
3.7500 0.5419 0.0141 0.0072 -0.0152 0.4512 0.9697
4.0000 0.5818 0.0143 0.0073 -0.0178 0.4301 0.9760
4.2500 0.6232 0.0145 0.0074 -0.0208 0.4105 0.9816
4.5000 0.6604 0.0147 0.0076 -0.0229 0.3918 0.9887
4.7500 0.7028 0.0149 0.0077 -0.0262 0.3731 0.9933
5.0000 0.7447 0.0152 0.0078 -0.0295 0.3544 0.9989
