-5.0000 -0.1768 0.0545 0.0494 -0.0761 0.9262 0.1603
-4.7500 -0.1260 0.0366 0.0293 -0.0880 0.9232 0.0872
-4.5000 -0.0946 0.0339 0.0260 -0.0893 0.9127 0.0877
-4.2500 -0.0471 0.0327 0.0248 -0.0932 0.9075 0.0913
-4.0000 -0.0169 0.0311 0.0226 -0.0938 0.8965 0.0959
-3.7500 0.0301 0.0312 0.0231 -0.0977 0.8914 0.1081
-3.5000 0.0597 0.0305 0.0223 -0.0981 0.8799 0.1166
-3.2500 0.1104 0.0286 0.0199 -0.1018 0.8756 0.1235
-3.0000 0.1418 0.0274 0.0187 -0.1022 0.8646 0.1274
-2.7500 0.1876 0.0259 0.0169 -0.1047 0.8592 0.1362
-2.5000 0.2192 0.0249 0.0158 -0.1048 0.8477 0.1451
-2.2500 0.2628 0.0236 0.0145 -0.1068 0.8420 0.1591
-2.0000 0.2922 0.0228 0.0137 -0.1065 0.8294 0.1737
-1.7500 0.3249 0.0219 0.0128 -0.1067 0.8182 0.1925
-1.5000 0.3640 0.0208 0.0117 -0.1078 0.8100 0.2155
-1.2500 0.3927 0.0201 0.0110 -0.1073 0.7957 0.2390
-1.0000 0.4211 0.0192 0.0103 -0.1066 0.7813 0.2667
-0.7500 0.4489 0.0183 0.0097 -0.1060 0.7664 0.3069
-0.5000 0.4675 0.0164 0.0094 -0.1034 0.7521 0.6930
-0.2500 0.5260 0.0158 0.0088 -0.1072 0.7355 1.0000
0.0000 0.5530 0.0158 0.0086 -0.1065 0.7184 1.0000
0.2500 0.5798 0.0159 0.0084 -0.1058 0.7013 1.0000
0.5000 0.6060 0.0160 0.0083 -0.1051 0.6840 1.0000
0.7500 0.6322 0.0162 0.0082 -0.1045 0.6674 1.0000
1.0000 0.6597 0.0163 0.0081 -0.1041 0.6528 1.0000
1.2500 0.6854 0.0166 0.0082 -0.1035 0.6377 1.0000
1.5000 0.7097 0.0169 0.0084 -0.1027 0.6232 1.0000
1.7500 0.7371 0.0172 0.0085 -0.1025 0.6116 1.0000
2.0000 0.7619 0.0176 0.0088 -0.1019 0.5992 1.0000
2.2500 0.7886 0.0180 0.0090 -0.1016 0.5894 1.0000
2.5000 0.8147 0.0184 0.0093 -0.1013 0.5799 1.0000
2.7500 0.8409 0.0188 0.0096 -0.1009 0.5704 1.0000
3.0000 0.8643 0.0192 0.0101 -0.1003 0.5611 1.0000
3.2500 0.8924 0.0196 0.0103 -0.1003 0.5541 1.0000
3.5000 0.9162 0.0201 0.0108 -0.0997 0.5462 1.0000
3.7500 0.9415 0.0205 0.0112 -0.0993 0.5383 1.0000
4.0000 0.9702 0.0210 0.0115 -0.0995 0.5320 1.0000
4.2500 0.9917 0.0216 0.0122 -0.0986 0.5245 1.0000
4.5000 1.0178 0.0221 0.0127 -0.0984 0.5186 1.0000
4.7500 1.0469 0.0226 0.0131 -0.0987 0.5137 1.0000
5.0000 1.0666 0.0233 0.0140 -0.0976 0.5073 1.0000
