-5.0000 -0.2536 0.0165 0.0089 -0.0646 0.8895 0.2508
-4.7500 -0.2231 0.0160 0.0085 -0.0649 0.8825 0.2657
-4.5000 -0.1887 0.0155 0.0081 -0.0658 0.8776 0.2825
-4.2500 -0.1672 0.0153 0.0078 -0.0644 0.8656 0.2972
-4.0000 -0.1349 0.0148 0.0074 -0.0649 0.8591 0.3166
-3.7500 -0.1118 0.0145 0.0072 -0.0637 0.8472 0.3348
-3.5000 -0.0819 0.0140 0.0068 -0.0638 0.8398 0.3576
-3.2500 -0.0594 0.0137 0.0066 -0.0625 0.8269 0.3817
-3.0000 -0.0328 0.0134 0.0064 -0.0620 0.8168 0.4112
-2.7500 -0.0077 0.0131 0.0062 -0.0611 0.8050 0.4457
-2.5000 0.0171 0.0128 0.0061 -0.0602 0.7928 0.4843
-2.2500 0.0436 0.0126 0.0059 -0.0595 0.7815 0.5243
-2.0000 0.0669 0.0124 0.0059 -0.0582 0.7676 0.5610
-1.7500 0.0932 0.0123 0.0058 -0.0575 0.7559 0.5974
-1.5000 0.1182 0.0122 0.0057 -0.0565 0.7428 0.6305
-1.2500 0.1434 0.0121 0.0057 -0.0555 0.7297 0.6597
-1.0000 0.1703 0.0120 0.0056 -0.0548 0.7177 0.6895
-0.7500 0.1943 0.0120 0.0057 -0.0535 0.7034 0.7165
-0.5000 0.2202 0.0120 0.0057 -0.0526 0.6911 0.7438
-0.2500 0.2458 0.0121 0.0058 -0.0516 0.6783 0.7689
0.0000 0.2705 0.0121 0.0059 -0.0505 0.6648 0.7942
0.2500 0.2970 0.0122 0.0059 -0.0496 0.6528 0.8167
0.5000 0.3219 0.0123 0.0060 -0.0485 0.6392 0.8376
0.7500 0.3482 0.0125 0.0062 -0.0475 0.6272 0.8585
1.0000 0.3753 0.0127 0.0063 -0.0468 0.6154 0.8783
1.2500 0.4034 0.0129 0.0065 -0.0463 0.6036 0.8966
1.5000 0.4349 0.0131 0.0066 -0.0465 0.5935 0.9124
1.7500 0.4665 0.0134 0.0068 -0.0469 0.5819 0.9273
2.0000 0.5032 0.0136 0.0069 -0.0483 0.5721 0.9397
2.2500 0.5456 0.0139 0.0072 -0.0511 0.5608 0.9483
2.5000 0.5876 0.0142 0.0073 -0.0538 0.5516 0.9586
2.7500 0.6370 0.0144 0.0075 -0.0582 0.5399 0.9652
3.0000 0.6829 0.0146 0.0077 -0.0618 0.5287 0.9751
3.2500 0.7329 0.0148 0.0077 -0.0664 0.5176 0.9829
3.5000 0.7793 0.0149 0.0079 -0.0703 0.5068 0.9912
3.7500 0.8169 0.0151 0.0080 -0.0726 0.4975 0.9956
4.0000 0.8544 0.0152 0.0080 -0.0750 0.4882 1.0000
4.2500 0.8732 0.0153 0.0081 -0.0737 0.4810 1.0000
4.5000 0.8908 0.0154 0.0082 -0.0721 0.4737 1.0000
4.7500 0.9081 0.0156 0.0083 -0.0703 0.4662 1.0000
5.0000 0.9281 0.0158 0.0085 -0.0690 0.4594 1.0000
