-5.0000 0.0949 0.0141 0.0074 -0.1021 0.7729 0.0127
-4.7500 0.1219 0.0138 0.0070 -0.1016 0.7602 0.0126
-4.5000 0.1487 0.0135 0.0066 -0.1011 0.7466 0.0125
-4.2500 0.1756 0.0133 0.0062 -0.1005 0.7330 0.0124
-4.0000 0.2023 0.0130 0.0059 -0.0999 0.7193 0.0124
-3.7500 0.2287 0.0127 0.0055 -0.0993 0.7042 0.0124
-3.5000 0.2551 0.0125 0.0052 -0.0987 0.6892 0.0124
-3.2500 0.2815 0.0123 0.0049 -0.0981 0.6736 0.0124
-3.0000 0.3077 0.0122 0.0046 -0.0974 0.6575 0.0125
-2.7500 0.3337 0.0120 0.0044 -0.0968 0.6410 0.0126
-2.5000 0.3594 0.0120 0.0042 -0.0961 0.6229 0.0129
-2.2500 0.3853 0.0119 0.0040 -0.0954 0.6040 0.0134
-2.0000 0.4109 0.0118 0.0038 -0.0947 0.5848 0.0144
-1.7500 0.4361 0.0117 0.0038 -0.0941 0.5646 0.0347
-1.5000 0.4615 0.0118 0.0037 -0.0934 0.5430 0.0382
-1.2500 0.4865 0.0119 0.0037 -0.0927 0.5211 0.0428
-1.0000 0.5115 0.0120 0.0037 -0.0919 0.4983 0.0448
-0.7500 0.5360 0.0122 0.0038 -0.0912 0.4724 0.0469
-0.5000 0.5598 0.0123 0.0038 -0.0903 0.4446 0.0497
-0.2500 0.5833 0.0126 0.0039 -0.0894 0.4182 0.0548
0.0000 0.6071 0.0128 0.0040 -0.0886 0.3911 0.0571
0.2500 0.6305 0.0131 0.0041 -0.0877 0.3663 0.0601
0.5000 0.6543 0.0133 0.0043 -0.0869 0.3464 0.0641
0.7500 0.6785 0.0135 0.0044 -0.0862 0.3318 0.0708
1.0000 0.7021 0.0138 0.0046 -0.0854 0.3206 0.0785
1.2500 0.7278 0.0139 0.0047 -0.0850 0.3126 0.0848
1.5000 0.7521 0.0141 0.0049 -0.0843 0.3057 0.0926
1.7500 0.7769 0.0143 0.0050 -0.0837 0.3004 0.1024
2.0000 0.8025 0.0144 0.0052 -0.0833 0.2961 0.1149
2.2500 0.8273 0.0146 0.0054 -0.0828 0.2919 0.1374
2.5000 0.8513 0.0147 0.0056 -0.0822 0.2878 0.1725
2.7500 0.8659 0.0132 0.0060 -0.0797 0.2844 0.9425
3.0000 0.9026 0.0134 0.0062 -0.0816 0.2815 1.0000
3.2500 0.9270 0.0136 0.0064 -0.0809 0.2791 1.0000
3.5000 0.9511 0.0138 0.0066 -0.0803 0.2769 1.0000
3.7500 0.9749 0.0141 0.0068 -0.0796 0.2748 1.0000
4.0000 0.9984 0.0144 0.0070 -0.0789 0.2727 1.0000
4.2500 1.0218 0.0148 0.0073 -0.0782 0.2706 1.0000
4.5000 1.0457 0.0152 0.0077 -0.0776 0.2684 1.0000
4.7500 1.0702 0.0155 0.0079 -0.0771 0.2671 1.0000
5.0000 1.0945 0.0158 0.0082 -0.0766 0.2660 1.0000
