-5.0000 -0.4818 0.0296 0.0208 -0.0304 0.8617 0.3738
-4.7500 -0.4388 0.0291 0.0202 -0.0330 0.8562 0.3889
-4.5000 -0.3875 0.0286 0.0198 -0.0369 0.8530 0.4049
-4.2500 -0.3792 0.0285 0.0199 -0.0335 0.8382 0.4139
-4.0000 -0.3301 0.0279 0.0193 -0.0369 0.8342 0.4306
-3.7500 -0.2999 0.0275 0.0190 -0.0370 0.8252 0.4453
-3.5000 -0.2696 0.0272 0.0187 -0.0371 0.8161 0.4600
-3.2500 -0.2238 0.0266 0.0181 -0.0397 0.8122 0.4780
-3.0000 -0.1971 0.0263 0.0179 -0.0392 0.8031 0.4934
-2.7500 -0.1705 0.0261 0.0177 -0.0387 0.7940 0.5089
-2.5000 -0.1249 0.0254 0.0171 -0.0409 0.7902 0.5276
-2.2500 -0.1109 0.0255 0.0173 -0.0384 0.7771 0.5422
-2.0000 -0.0690 0.0249 0.0168 -0.0399 0.7718 0.5617
-1.7500 -0.0414 0.0247 0.0166 -0.0393 0.7629 0.5811
-1.5000 -0.0138 0.0245 0.0165 -0.0387 0.7540 0.6004
-1.2500 0.0284 0.0240 0.0160 -0.0402 0.7497 0.6219
-1.0000 0.0410 0.0243 0.0164 -0.0375 0.7372 0.6393
-0.7500 0.0801 0.0238 0.0160 -0.0384 0.7314 0.6601
-0.5000 0.1030 0.0239 0.0162 -0.0370 0.7214 0.6797
-0.2500 0.1338 0.0237 0.0161 -0.0365 0.7128 0.7008
0.0000 0.1770 0.0233 0.0157 -0.0379 0.7076 0.7231
0.2500 0.1869 0.0238 0.0163 -0.0345 0.6951 0.7421
0.5000 0.2265 0.0236 0.0160 -0.0353 0.6891 0.7627
0.7500 0.2426 0.0240 0.0165 -0.0328 0.6783 0.7817
1.0000 0.2802 0.0239 0.0164 -0.0333 0.6710 0.8004
1.2500 0.3044 0.0243 0.0168 -0.0319 0.6614 0.8181
1.5000 0.3396 0.0244 0.0169 -0.0322 0.6529 0.8348
1.7500 0.3752 0.0246 0.0171 -0.0327 0.6446 0.8507
2.0000 0.4084 0.0249 0.0174 -0.0330 0.6348 0.8665
2.2500 0.4487 0.0251 0.0175 -0.0344 0.6261 0.8818
2.5000 0.4979 0.0254 0.0177 -0.0377 0.6156 0.8922
2.7500 0.5429 0.0257 0.0180 -0.0405 0.6058 0.9041
3.0000 0.5922 0.0259 0.0181 -0.0441 0.5971 0.9170
3.2500 0.6464 0.0263 0.0185 -0.0491 0.5858 0.9256
3.5000 0.6993 0.0261 0.0181 -0.0534 0.5774 0.9364
3.7500 0.7416 0.0264 0.0185 -0.0565 0.5651 0.9487
4.0000 0.7940 0.0265 0.0185 -0.0613 0.5537 0.9592
4.2500 0.8470 0.0264 0.0182 -0.0660 0.5441 0.9712
4.5000 0.8952 0.0265 0.0184 -0.0706 0.5313 0.9820
4.7500 0.9445 0.0265 0.0184 -0.0752 0.5202 0.9921
5.0000 0.9942 0.0263 0.0181 -0.0798 0.5098 1.0000
