-5.0000 0.0137 0.0141 0.0066 -0.0968 0.8113 0.0705
-4.7500 0.0416 0.0139 0.0064 -0.0965 0.8014 0.0740
-4.5000 0.0671 0.0137 0.0061 -0.0958 0.7890 0.0774
-4.2500 0.0943 0.0135 0.0059 -0.0954 0.7778 0.0817
-4.0000 0.1206 0.0133 0.0057 -0.0949 0.7656 0.0859
-3.7500 0.1472 0.0132 0.0055 -0.0943 0.7533 0.0910
-3.5000 0.1741 0.0130 0.0053 -0.0939 0.7415 0.0962
-3.2500 0.2001 0.0129 0.0052 -0.0934 0.7269 0.1032
-3.0000 0.2267 0.0129 0.0051 -0.0929 0.7131 0.1114
-2.7500 0.2534 0.0129 0.0051 -0.0925 0.6995 0.1205
-2.5000 0.2793 0.0128 0.0050 -0.0919 0.6838 0.1286
-2.2500 0.3049 0.0127 0.0048 -0.0912 0.6692 0.1360
-2.0000 0.3305 0.0126 0.0047 -0.0906 0.6545 0.1441
-1.7500 0.3561 0.0126 0.0046 -0.0900 0.6387 0.1536
-1.5000 0.3814 0.0125 0.0045 -0.0893 0.6226 0.1639
-1.2500 0.4063 0.0124 0.0044 -0.0886 0.6062 0.1752
-1.0000 0.4309 0.0124 0.0043 -0.0878 0.5893 0.1884
-0.7500 0.4552 0.0123 0.0042 -0.0870 0.5716 0.2056
-0.5000 0.4786 0.0121 0.0041 -0.0862 0.5534 0.2361
-0.2500 0.4940 0.0110 0.0041 -0.0843 0.5359 0.5778
0.0000 0.5118 0.0107 0.0043 -0.0819 0.5179 0.7297
0.2500 0.5304 0.0107 0.0044 -0.0793 0.5003 0.8277
0.5000 0.5538 0.0108 0.0046 -0.0777 0.4827 0.9021
0.7500 0.5898 0.0111 0.0048 -0.0789 0.4644 0.9498
1.0000 0.6345 0.0115 0.0050 -0.0823 0.4468 0.9760
1.2500 0.6820 0.0118 0.0052 -0.0864 0.4312 0.9907
1.5000 0.7311 0.0122 0.0054 -0.0910 0.4171 1.0000
1.7500 0.7489 0.0123 0.0054 -0.0892 0.4082 1.0000
2.0000 0.7664 0.0126 0.0055 -0.0873 0.4004 1.0000
2.2500 0.7855 0.0128 0.0057 -0.0856 0.3938 1.0000
2.5000 0.8057 0.0129 0.0058 -0.0842 0.3876 1.0000
2.7500 0.8257 0.0132 0.0059 -0.0827 0.3820 1.0000
3.0000 0.8467 0.0135 0.0061 -0.0814 0.3770 1.0000
3.2500 0.8690 0.0137 0.0063 -0.0804 0.3727 1.0000
3.5000 0.8916 0.0139 0.0065 -0.0794 0.3685 1.0000
3.7500 0.9145 0.0141 0.0067 -0.0785 0.3646 1.0000
4.0000 0.9382 0.0144 0.0069 -0.0778 0.3609 1.0000
4.2500 0.9629 0.0148 0.0072 -0.0773 0.3576 1.0000
4.5000 0.9869 0.0150 0.0074 -0.0767 0.3547 1.0000
4.7500 1.0112 0.0152 0.0076 -0.0761 0.3517 1.0000
5.0000 1.0356 0.0155 0.0079 -0.0755 0.3488 1.0000
