-5.0000 0.0274 0.0149 0.0071 -0.0937 0.7536 0.1271
-4.7500 0.0523 0.0146 0.0068 -0.0930 0.7421 0.1315
-4.5000 0.0779 0.0145 0.0066 -0.0923 0.7303 0.1363
-4.2500 0.1032 0.0143 0.0063 -0.0915 0.7190 0.1412
-4.0000 0.1285 0.0141 0.0062 -0.0908 0.7072 0.1469
-3.7500 0.1542 0.0140 0.0060 -0.0902 0.6960 0.1533
-3.5000 0.1789 0.0138 0.0059 -0.0894 0.6837 0.1599
-3.2500 0.2037 0.0137 0.0057 -0.0886 0.6716 0.1668
-3.0000 0.2285 0.0136 0.0055 -0.0878 0.6594 0.1740
-2.7500 0.2530 0.0134 0.0054 -0.0870 0.6473 0.1820
-2.5000 0.2773 0.0133 0.0053 -0.0861 0.6343 0.1918
-2.2500 0.3013 0.0132 0.0051 -0.0852 0.6213 0.2033
-2.0000 0.3248 0.0130 0.0050 -0.0842 0.6083 0.2169
-1.7500 0.3477 0.0128 0.0048 -0.0832 0.5954 0.2375
-1.5000 0.3650 0.0121 0.0047 -0.0816 0.5830 0.3879
-1.2500 0.3837 0.0117 0.0047 -0.0798 0.5701 0.5281
-1.0000 0.4051 0.0116 0.0048 -0.0783 0.5565 0.5942
-0.7500 0.4271 0.0116 0.0049 -0.0768 0.5429 0.6409
-0.5000 0.4494 0.0116 0.0050 -0.0755 0.5288 0.6794
-0.2500 0.4716 0.0117 0.0051 -0.0741 0.5147 0.7130
0.0000 0.4937 0.0118 0.0052 -0.0727 0.5005 0.7451
0.2500 0.5155 0.0119 0.0053 -0.0712 0.4865 0.7757
0.5000 0.5368 0.0120 0.0054 -0.0696 0.4733 0.8079
0.7500 0.5579 0.0122 0.0056 -0.0679 0.4612 0.8400
1.0000 0.5790 0.0124 0.0058 -0.0661 0.4498 0.8712
1.2500 0.6010 0.0126 0.0060 -0.0646 0.4394 0.9005
1.5000 0.6266 0.0129 0.0063 -0.0638 0.4298 0.9262
1.7500 0.6566 0.0132 0.0065 -0.0640 0.4205 0.9480
2.0000 0.6934 0.0136 0.0067 -0.0658 0.4115 0.9637
2.2500 0.7360 0.0139 0.0070 -0.0689 0.4033 0.9747
2.5000 0.7822 0.0143 0.0073 -0.0728 0.3960 0.9835
2.7500 0.8361 0.0147 0.0076 -0.0783 0.3883 0.9910
3.0000 0.8867 0.0151 0.0079 -0.0832 0.3822 0.9981
3.2500 0.9093 0.0153 0.0080 -0.0826 0.3776 1.0000
3.5000 0.9204 0.0155 0.0081 -0.0797 0.3740 1.0000
3.7500 0.9317 0.0156 0.0083 -0.0767 0.3701 1.0000
4.0000 0.9439 0.0158 0.0084 -0.0738 0.3662 1.0000
4.2500 0.9597 0.0160 0.0085 -0.0717 0.3627 1.0000
4.5000 0.9764 0.0162 0.0087 -0.0697 0.3596 1.0000
4.7500 0.9919 0.0164 0.0089 -0.0674 0.3564 1.0000
5.0000 1.0103 0.0166 0.0091 -0.0658 0.3535 1.0000
