-5.0000 0.0294 0.0149 0.0070 -0.0923 0.7359 0.1430
-4.7500 0.0536 0.0146 0.0067 -0.0915 0.7254 0.1480
-4.5000 0.0787 0.0145 0.0066 -0.0907 0.7143 0.1536
-4.2500 0.1031 0.0143 0.0064 -0.0898 0.7032 0.1593
-4.0000 0.1281 0.0141 0.0062 -0.0891 0.6922 0.1657
-3.7500 0.1529 0.0140 0.0060 -0.0883 0.6813 0.1729
-3.5000 0.1779 0.0139 0.0059 -0.0875 0.6703 0.1808
-3.2500 0.2021 0.0137 0.0057 -0.0866 0.6590 0.1891
-3.0000 0.2266 0.0136 0.0056 -0.0858 0.6471 0.1982
-2.7500 0.2498 0.0134 0.0054 -0.0848 0.6354 0.2091
-2.5000 0.2730 0.0132 0.0052 -0.0838 0.6237 0.2223
-2.2500 0.2957 0.0130 0.0051 -0.0827 0.6120 0.2413
-2.0000 0.3147 0.0125 0.0049 -0.0812 0.6003 0.3229
-1.7500 0.3321 0.0120 0.0049 -0.0792 0.5885 0.4780
-1.5000 0.3535 0.0119 0.0050 -0.0778 0.5762 0.5414
-1.2500 0.3759 0.0118 0.0050 -0.0765 0.5634 0.5831
-1.0000 0.3984 0.0118 0.0051 -0.0752 0.5503 0.6188
-0.7500 0.4210 0.0119 0.0051 -0.0739 0.5378 0.6500
-0.5000 0.4435 0.0119 0.0052 -0.0726 0.5248 0.6789
-0.2500 0.4659 0.0120 0.0053 -0.0713 0.5120 0.7044
0.0000 0.4879 0.0121 0.0054 -0.0699 0.4997 0.7301
0.2500 0.5098 0.0122 0.0055 -0.0685 0.4874 0.7557
0.5000 0.5312 0.0123 0.0057 -0.0670 0.4744 0.7825
0.7500 0.5519 0.0125 0.0059 -0.0653 0.4628 0.8103
1.0000 0.5726 0.0127 0.0060 -0.0636 0.4513 0.8382
1.2500 0.5932 0.0129 0.0062 -0.0618 0.4406 0.8648
1.5000 0.6140 0.0131 0.0064 -0.0601 0.4309 0.8902
1.7500 0.6385 0.0134 0.0066 -0.0592 0.4220 0.9140
2.0000 0.6630 0.0137 0.0069 -0.0583 0.4131 0.9377
2.2500 0.6978 0.0140 0.0072 -0.0596 0.4052 0.9557
2.5000 0.7398 0.0145 0.0075 -0.0625 0.3973 0.9698
2.7500 0.7837 0.0149 0.0079 -0.0659 0.3904 0.9810
3.0000 0.8343 0.0153 0.0082 -0.0707 0.3839 0.9863
3.2500 0.8827 0.0157 0.0085 -0.0752 0.3782 0.9927
3.5000 0.9283 0.0161 0.0088 -0.0791 0.3729 0.9986
3.7500 0.9487 0.0163 0.0089 -0.0781 0.3693 1.0000
4.0000 0.9549 0.0164 0.0090 -0.0743 0.3662 1.0000
4.2500 0.9587 0.0165 0.0091 -0.0699 0.3629 1.0000
4.5000 0.9669 0.0166 0.0092 -0.0663 0.3596 1.0000
4.7500 0.9826 0.0168 0.0093 -0.0642 0.3565 1.0000
5.0000 0.9992 0.0171 0.0095 -0.0623 0.3535 1.0000
