-5.0000 -0.0827 0.0187 0.0105 -0.0751 0.8550 0.1076
-4.7500 -0.0586 0.0182 0.0100 -0.0739 0.8421 0.1117
-4.5000 -0.0291 0.0176 0.0093 -0.0736 0.8328 0.1174
-4.2500 -0.0046 0.0171 0.0089 -0.0726 0.8198 0.1230
-4.0000 0.0207 0.0166 0.0084 -0.0717 0.8076 0.1294
-3.7500 0.0490 0.0162 0.0080 -0.0713 0.7967 0.1375
-3.5000 0.0718 0.0158 0.0076 -0.0701 0.7829 0.1455
-3.2500 0.0962 0.0153 0.0072 -0.0692 0.7702 0.1549
-3.0000 0.1215 0.0149 0.0067 -0.0684 0.7583 0.1661
-2.7500 0.1445 0.0145 0.0063 -0.0673 0.7449 0.1800
-2.5000 0.1669 0.0140 0.0059 -0.0661 0.7316 0.2040
-2.2500 0.1803 0.0126 0.0057 -0.0637 0.7196 0.4557
-2.0000 0.2003 0.0123 0.0057 -0.0617 0.7060 0.5695
-1.7500 0.2225 0.0121 0.0057 -0.0600 0.6914 0.6316
-1.5000 0.2464 0.0120 0.0057 -0.0587 0.6773 0.6758
-1.2500 0.2704 0.0120 0.0057 -0.0573 0.6626 0.7122
-1.0000 0.2945 0.0120 0.0057 -0.0559 0.6480 0.7485
-0.7500 0.3186 0.0120 0.0058 -0.0545 0.6331 0.7793
-0.5000 0.3431 0.0121 0.0058 -0.0532 0.6182 0.8073
-0.2500 0.3676 0.0122 0.0059 -0.0518 0.6033 0.8342
0.0000 0.3921 0.0123 0.0060 -0.0505 0.5876 0.8602
0.2500 0.4182 0.0125 0.0061 -0.0494 0.5713 0.8840
0.5000 0.4450 0.0128 0.0063 -0.0485 0.5542 0.9079
0.7500 0.4773 0.0131 0.0065 -0.0488 0.5358 0.9276
1.0000 0.5154 0.0134 0.0067 -0.0503 0.5163 0.9440
1.2500 0.5571 0.0138 0.0069 -0.0528 0.4951 0.9579
1.5000 0.6074 0.0142 0.0071 -0.0572 0.4721 0.9667
1.7500 0.6519 0.0145 0.0073 -0.0607 0.4500 0.9762
2.0000 0.6965 0.0148 0.0074 -0.0643 0.4286 0.9843
2.2500 0.7409 0.0152 0.0076 -0.0680 0.4095 0.9921
2.5000 0.7875 0.0155 0.0077 -0.0722 0.3926 0.9991
2.7500 0.8052 0.0158 0.0078 -0.0708 0.3820 1.0000
3.0000 0.8192 0.0159 0.0079 -0.0686 0.3725 1.0000
3.2500 0.8333 0.0162 0.0081 -0.0663 0.3648 1.0000
3.5000 0.8484 0.0164 0.0083 -0.0642 0.3578 1.0000
3.7500 0.8638 0.0167 0.0084 -0.0620 0.3513 1.0000
4.0000 0.8809 0.0170 0.0086 -0.0602 0.3459 1.0000
4.2500 0.8981 0.0173 0.0089 -0.0583 0.3408 1.0000
4.5000 0.9157 0.0175 0.0092 -0.0565 0.3360 1.0000
4.7500 0.9342 0.0179 0.0094 -0.0549 0.3316 1.0000
5.0000 0.9564 0.0183 0.0097 -0.0540 0.3273 1.0000
