-5.0000 -0.0841 0.0161 0.0083 -0.0678 0.7884 0.2119
-4.7500 -0.0713 0.0152 0.0079 -0.0652 0.7775 0.3011
-4.5000 -0.0556 0.0146 0.0077 -0.0627 0.7658 0.3989
-4.2500 -0.0337 0.0144 0.0076 -0.0612 0.7539 0.4454
-4.0000 -0.0097 0.0143 0.0075 -0.0599 0.7422 0.4756
-3.7500 0.0146 0.0142 0.0074 -0.0588 0.7307 0.5003
-3.5000 0.0391 0.0141 0.0073 -0.0577 0.7194 0.5206
-3.2500 0.0635 0.0141 0.0073 -0.0567 0.7080 0.5391
-3.0000 0.0889 0.0141 0.0072 -0.0559 0.6972 0.5557
-2.7500 0.1140 0.0140 0.0072 -0.0550 0.6858 0.5714
-2.5000 0.1393 0.0140 0.0071 -0.0542 0.6745 0.5868
-2.2500 0.1646 0.0140 0.0071 -0.0533 0.6632 0.6020
-2.0000 0.1900 0.0140 0.0070 -0.0525 0.6522 0.6179
-1.7500 0.2151 0.0140 0.0070 -0.0517 0.6412 0.6348
-1.5000 0.2404 0.0140 0.0070 -0.0509 0.6299 0.6499
-1.2500 0.2652 0.0140 0.0070 -0.0500 0.6185 0.6654
-1.0000 0.2894 0.0140 0.0070 -0.0490 0.6063 0.6806
-0.7500 0.3135 0.0140 0.0070 -0.0480 0.5944 0.6977
-0.5000 0.3372 0.0141 0.0071 -0.0468 0.5825 0.7160
-0.2500 0.3609 0.0141 0.0072 -0.0457 0.5707 0.7346
0.0000 0.3847 0.0142 0.0072 -0.0445 0.5595 0.7536
0.2500 0.4079 0.0143 0.0073 -0.0433 0.5478 0.7728
0.5000 0.4301 0.0144 0.0074 -0.0418 0.5354 0.7919
0.7500 0.4526 0.0145 0.0076 -0.0404 0.5234 0.8106
1.0000 0.4747 0.0147 0.0077 -0.0389 0.5111 0.8288
1.2500 0.4964 0.0149 0.0078 -0.0374 0.4992 0.8473
1.5000 0.5184 0.0151 0.0080 -0.0359 0.4866 0.8640
1.7500 0.5399 0.0153 0.0082 -0.0343 0.4736 0.8808
2.0000 0.5615 0.0156 0.0084 -0.0328 0.4607 0.8979
2.2500 0.5874 0.0159 0.0087 -0.0321 0.4479 0.9118
2.5000 0.6137 0.0163 0.0090 -0.0317 0.4352 0.9268
2.7500 0.6442 0.0167 0.0093 -0.0322 0.4217 0.9396
3.0000 0.6804 0.0171 0.0097 -0.0340 0.4090 0.9497
3.2500 0.7187 0.0176 0.0100 -0.0363 0.3965 0.9590
3.5000 0.7646 0.0181 0.0104 -0.0403 0.3847 0.9640
3.7500 0.8062 0.0186 0.0108 -0.0435 0.3743 0.9714
4.0000 0.8501 0.0190 0.0112 -0.0472 0.3654 0.9778
4.2500 0.8941 0.0195 0.0116 -0.0509 0.3565 0.9842
4.5000 0.9376 0.0199 0.0120 -0.0546 0.3485 0.9908
4.7500 0.9834 0.0204 0.0122 -0.0588 0.3417 0.9958
5.0000 1.0223 0.0207 0.0125 -0.0617 0.3363 1.0000
