-5.0000 -0.1139 0.0156 0.0086 -0.0592 0.7556 0.4518
-4.7500 -0.0896 0.0155 0.0084 -0.0581 0.7451 0.4670
-4.5000 -0.0649 0.0154 0.0083 -0.0571 0.7342 0.4802
-4.2500 -0.0398 0.0153 0.0082 -0.0562 0.7233 0.4926
-4.0000 -0.0147 0.0153 0.0081 -0.0553 0.7125 0.5044
-3.7500 0.0103 0.0152 0.0080 -0.0544 0.7020 0.5163
-3.5000 0.0359 0.0152 0.0080 -0.0536 0.6921 0.5284
-3.2500 0.0608 0.0151 0.0079 -0.0527 0.6816 0.5396
-3.0000 0.0864 0.0151 0.0079 -0.0520 0.6716 0.5515
-2.7500 0.1113 0.0151 0.0078 -0.0511 0.6610 0.5632
-2.5000 0.1361 0.0151 0.0078 -0.0502 0.6507 0.5756
-2.2500 0.1614 0.0151 0.0077 -0.0495 0.6408 0.5874
-2.0000 0.1864 0.0150 0.0077 -0.0486 0.6308 0.5996
-1.7500 0.2109 0.0150 0.0077 -0.0478 0.6205 0.6121
-1.5000 0.2355 0.0151 0.0077 -0.0469 0.6104 0.6248
-1.2500 0.2600 0.0151 0.0077 -0.0460 0.6002 0.6367
-1.0000 0.2844 0.0151 0.0077 -0.0451 0.5903 0.6503
-0.7500 0.3079 0.0151 0.0077 -0.0440 0.5800 0.6657
-0.5000 0.3318 0.0152 0.0078 -0.0430 0.5699 0.6805
-0.2500 0.3549 0.0152 0.0078 -0.0418 0.5594 0.6957
0.0000 0.3786 0.0153 0.0079 -0.0408 0.5491 0.7095
0.2500 0.4015 0.0153 0.0080 -0.0397 0.5386 0.7237
0.5000 0.4248 0.0154 0.0080 -0.0386 0.5284 0.7376
0.7500 0.4470 0.0155 0.0081 -0.0373 0.5179 0.7523
1.0000 0.4692 0.0156 0.0082 -0.0361 0.5077 0.7675
1.2500 0.4903 0.0157 0.0083 -0.0346 0.4970 0.7834
1.5000 0.5110 0.0158 0.0085 -0.0330 0.4864 0.7996
1.7500 0.5314 0.0160 0.0086 -0.0313 0.4760 0.8168
2.0000 0.5508 0.0162 0.0088 -0.0295 0.4649 0.8330
2.2500 0.5697 0.0164 0.0090 -0.0275 0.4539 0.8496
2.5000 0.5872 0.0166 0.0092 -0.0253 0.4429 0.8675
2.7500 0.6066 0.0169 0.0095 -0.0235 0.4321 0.8827
3.0000 0.6245 0.0172 0.0098 -0.0214 0.4215 0.8998
3.2500 0.6458 0.0175 0.0101 -0.0200 0.4113 0.9148
3.5000 0.6694 0.0180 0.0105 -0.0192 0.4012 0.9299
3.7500 0.7001 0.0185 0.0109 -0.0199 0.3910 0.9420
4.0000 0.7358 0.0190 0.0114 -0.0217 0.3812 0.9523
4.2500 0.7752 0.0196 0.0119 -0.0244 0.3718 0.9611
4.5000 0.8166 0.0202 0.0125 -0.0276 0.3633 0.9692
4.7500 0.8638 0.0208 0.0129 -0.0319 0.3553 0.9733
5.0000 0.9040 0.0213 0.0134 -0.0350 0.3479 0.9806
