-5.0000 -0.1264 0.0381 0.0304 -0.1094 0.8866 0.1201
-4.7500 -0.0804 0.0359 0.0278 -0.1133 0.8831 0.1250
-4.5000 -0.0597 0.0345 0.0261 -0.1127 0.8722 0.1296
-4.2500 -0.0189 0.0334 0.0249 -0.1151 0.8667 0.1365
-4.0000 0.0287 0.0320 0.0233 -0.1187 0.8636 0.1458
-3.7500 0.0469 0.0315 0.0226 -0.1172 0.8515 0.1536
-3.5000 0.0902 0.0306 0.0216 -0.1197 0.8468 0.1664
-3.2500 0.1388 0.0296 0.0205 -0.1231 0.8440 0.1817
-3.0000 0.1689 0.0291 0.0200 -0.1234 0.8356 0.1955
-2.7500 0.1990 0.0286 0.0195 -0.1237 0.8272 0.2093
-2.5000 0.2469 0.0276 0.0185 -0.1268 0.8247 0.2304
-2.2500 0.2627 0.0276 0.0186 -0.1248 0.8120 0.2440
-2.0000 0.3065 0.0266 0.0176 -0.1271 0.8082 0.2671
-1.7500 0.3516 0.0256 0.0167 -0.1295 0.8053 0.2933
-1.5000 0.3808 0.0252 0.0163 -0.1295 0.7970 0.3185
-1.2500 0.4100 0.0248 0.0160 -0.1295 0.7886 0.3436
-1.0000 0.4532 0.0237 0.0151 -0.1315 0.7857 0.3824
-0.7500 0.4688 0.0238 0.0154 -0.1295 0.7732 0.4149
-0.5000 0.5088 0.0227 0.0146 -0.1309 0.7693 0.4832
-0.2500 0.5399 0.0219 0.0143 -0.1303 0.7614 0.7416
0.0000 0.5710 0.0210 0.0141 -0.1297 0.7535 1.0000
0.2500 0.6156 0.0205 0.0133 -0.1320 0.7495 1.0000
0.5000 0.6294 0.0212 0.0138 -0.1298 0.7372 1.0000
0.7500 0.6705 0.0208 0.0133 -0.1316 0.7327 1.0000
1.0000 0.6867 0.0214 0.0138 -0.1298 0.7215 1.0000
1.2500 0.7247 0.0212 0.0134 -0.1311 0.7161 1.0000
1.5000 0.7449 0.0217 0.0139 -0.1299 0.7068 1.0000
1.7500 0.7763 0.0217 0.0138 -0.1303 0.7000 1.0000
2.0000 0.8107 0.0217 0.0136 -0.1311 0.6940 1.0000
2.2500 0.8286 0.0223 0.0142 -0.1296 0.6840 1.0000
2.5000 0.8667 0.0221 0.0138 -0.1309 0.6789 1.0000
2.7500 0.8804 0.0229 0.0147 -0.1289 0.6695 1.0000
3.0000 0.9125 0.0230 0.0147 -0.1294 0.6637 1.0000
3.2500 0.9405 0.0233 0.0150 -0.1295 0.6576 1.0000
3.5000 0.9585 0.0240 0.0157 -0.1280 0.6489 1.0000
3.7500 0.9962 0.0238 0.0154 -0.1293 0.6437 1.0000
4.0000 1.0091 0.0248 0.0164 -0.1271 0.6346 1.0000
4.2500 1.0394 0.0249 0.0165 -0.1274 0.6283 1.0000
4.5000 1.0711 0.0251 0.0167 -0.1279 0.6227 1.0000
4.7500 1.0839 0.0260 0.0176 -0.1257 0.6135 1.0000
5.0000 1.1218 0.0258 0.0174 -0.1270 0.6080 1.0000
