-5.0000 -0.1059 0.0138 0.0067 -0.0975 0.8119 0.2669
-4.7500 -0.0776 0.0135 0.0064 -0.0975 0.8048 0.2759
-4.5000 -0.0509 0.0134 0.0063 -0.0971 0.7971 0.2854
-4.2500 -0.0253 0.0132 0.0062 -0.0966 0.7884 0.2946
-4.0000 0.0050 0.0131 0.0060 -0.0969 0.7816 0.3052
-3.7500 0.0288 0.0130 0.0059 -0.0960 0.7724 0.3143
-3.5000 0.0573 0.0129 0.0057 -0.0959 0.7643 0.3246
-3.2500 0.0833 0.0127 0.0056 -0.0954 0.7554 0.3347
-3.0000 0.1103 0.0127 0.0055 -0.0950 0.7463 0.3456
-2.7500 0.1374 0.0126 0.0054 -0.0948 0.7381 0.3570
-2.5000 0.1632 0.0125 0.0053 -0.0943 0.7292 0.3688
-2.2500 0.1919 0.0124 0.0053 -0.0943 0.7216 0.3818
-2.0000 0.2165 0.0123 0.0052 -0.0935 0.7121 0.3936
-1.7500 0.2431 0.0123 0.0052 -0.0931 0.7032 0.4068
-1.5000 0.2698 0.0123 0.0051 -0.0928 0.6943 0.4199
-1.2500 0.2974 0.0122 0.0051 -0.0926 0.6864 0.4339
-1.0000 0.3224 0.0121 0.0051 -0.0919 0.6778 0.4489
-0.7500 0.3491 0.0121 0.0050 -0.0916 0.6697 0.4650
-0.5000 0.3752 0.0121 0.0051 -0.0911 0.6617 0.4815
-0.2500 0.4008 0.0121 0.0051 -0.0906 0.6533 0.4990
0.0000 0.4284 0.0121 0.0051 -0.0904 0.6462 0.5181
0.2500 0.4524 0.0120 0.0051 -0.0896 0.6375 0.5381
0.5000 0.4792 0.0120 0.0052 -0.0892 0.6296 0.5619
0.7500 0.5031 0.0120 0.0052 -0.0883 0.6210 0.5868
1.0000 0.5284 0.0120 0.0053 -0.0877 0.6126 0.6143
1.2500 0.5530 0.0120 0.0054 -0.0869 0.6044 0.6411
1.5000 0.5768 0.0120 0.0054 -0.0859 0.5957 0.6681
1.7500 0.6029 0.0120 0.0055 -0.0854 0.5884 0.6962
2.0000 0.6257 0.0120 0.0057 -0.0842 0.5806 0.7260
2.2500 0.6503 0.0121 0.0058 -0.0834 0.5734 0.7571
2.5000 0.6746 0.0122 0.0059 -0.0824 0.5664 0.7880
2.7500 0.6962 0.0122 0.0061 -0.0809 0.5584 0.8209
3.0000 0.7205 0.0123 0.0062 -0.0798 0.5510 0.8539
3.2500 0.7412 0.0124 0.0064 -0.0780 0.5428 0.8863
3.5000 0.7662 0.0126 0.0066 -0.0770 0.5346 0.9143
3.7500 0.7953 0.0128 0.0068 -0.0770 0.5267 0.9391
4.0000 0.8303 0.0130 0.0070 -0.0784 0.5180 0.9583
4.2500 0.8706 0.0133 0.0072 -0.0810 0.5100 0.9736
4.5000 0.9148 0.0136 0.0075 -0.0845 0.5011 0.9840
4.7500 0.9602 0.0139 0.0077 -0.0883 0.4927 0.9915
5.0000 1.0040 0.0141 0.0080 -0.0918 0.4827 0.9992
