-5.0000 -0.1276 0.0137 0.0064 -0.0775 0.8058 0.1902
-4.7500 -0.1011 0.0134 0.0061 -0.0770 0.7958 0.1993
-4.5000 -0.0763 0.0132 0.0059 -0.0763 0.7847 0.2088
-4.2500 -0.0490 0.0130 0.0057 -0.0759 0.7743 0.2196
-4.0000 -0.0247 0.0128 0.0055 -0.0751 0.7618 0.2311
-3.7500 0.0009 0.0126 0.0053 -0.0745 0.7505 0.2439
-3.5000 0.0262 0.0124 0.0051 -0.0738 0.7385 0.2583
-3.2500 0.0512 0.0122 0.0049 -0.0731 0.7266 0.2758
-3.0000 0.0758 0.0120 0.0047 -0.0724 0.7153 0.2980
-2.7500 0.0993 0.0117 0.0046 -0.0715 0.7032 0.3327
-2.5000 0.1211 0.0114 0.0045 -0.0703 0.6900 0.3938
-2.2500 0.1433 0.0111 0.0044 -0.0691 0.6769 0.4601
-2.0000 0.1667 0.0109 0.0044 -0.0680 0.6638 0.5111
-1.7500 0.1909 0.0109 0.0044 -0.0670 0.6510 0.5505
-1.5000 0.2154 0.0109 0.0044 -0.0661 0.6385 0.5833
-1.2500 0.2399 0.0109 0.0044 -0.0652 0.6250 0.6125
-1.0000 0.2642 0.0108 0.0044 -0.0643 0.6115 0.6380
-0.7500 0.2888 0.0109 0.0044 -0.0633 0.5984 0.6631
-0.5000 0.3133 0.0109 0.0045 -0.0624 0.5847 0.6862
-0.2500 0.3378 0.0110 0.0045 -0.0615 0.5712 0.7082
0.0000 0.3622 0.0110 0.0046 -0.0606 0.5587 0.7306
0.2500 0.3866 0.0111 0.0047 -0.0596 0.5470 0.7541
0.5000 0.4106 0.0112 0.0048 -0.0586 0.5353 0.7778
0.7500 0.4347 0.0113 0.0049 -0.0575 0.5248 0.8021
1.0000 0.4587 0.0114 0.0050 -0.0565 0.5138 0.8250
1.2500 0.4827 0.0115 0.0052 -0.0553 0.5034 0.8479
1.5000 0.5068 0.0117 0.0053 -0.0542 0.4942 0.8708
1.7500 0.5314 0.0119 0.0055 -0.0531 0.4859 0.8927
2.0000 0.5574 0.0121 0.0057 -0.0524 0.4771 0.9126
2.2500 0.5866 0.0124 0.0059 -0.0524 0.4696 0.9306
2.5000 0.6206 0.0127 0.0062 -0.0533 0.4615 0.9457
2.7500 0.6572 0.0130 0.0064 -0.0550 0.4545 0.9581
3.0000 0.7001 0.0133 0.0067 -0.0581 0.4473 0.9657
3.2500 0.7407 0.0136 0.0069 -0.0608 0.4414 0.9734
3.5000 0.7868 0.0139 0.0071 -0.0647 0.4344 0.9776
3.7500 0.8307 0.0142 0.0073 -0.0681 0.4282 0.9835
4.0000 0.8717 0.0144 0.0076 -0.0710 0.4229 0.9896
4.2500 0.9158 0.0146 0.0077 -0.0746 0.4169 0.9937
4.5000 0.9590 0.0149 0.0079 -0.0781 0.4110 0.9984
4.7500 0.9846 0.0151 0.0081 -0.0781 0.4059 1.0000
5.0000 0.9975 0.0151 0.0082 -0.0755 0.4013 1.0000
