-5.0000 -0.3813 0.0390 0.0301 -0.0797 0.8852 0.2783
-4.7500 -0.3392 0.0389 0.0300 -0.0824 0.8807 0.2906
-4.5000 -0.3202 0.0390 0.0301 -0.0814 0.8723 0.2996
-4.2500 -0.2888 0.0390 0.0302 -0.0823 0.8655 0.3100
-4.0000 -0.2434 0.0390 0.0302 -0.0854 0.8613 0.3233
-3.7500 -0.2305 0.0391 0.0302 -0.0835 0.8512 0.3331
-3.5000 -0.1938 0.0391 0.0303 -0.0850 0.8455 0.3443
-3.2500 -0.1469 0.0389 0.0302 -0.0882 0.8421 0.3583
-3.0000 -0.1384 0.0391 0.0303 -0.0857 0.8303 0.3685
-2.7500 -0.0968 0.0390 0.0303 -0.0878 0.8257 0.3820
-2.5000 -0.0710 0.0392 0.0304 -0.0877 0.8178 0.3946
-2.2500 -0.0452 0.0393 0.0306 -0.0877 0.8099 0.4071
-2.0000 -0.0007 0.0391 0.0303 -0.0902 0.8064 0.4235
-1.7500 0.0079 0.0395 0.0310 -0.0876 0.7948 0.4318
-1.5000 0.0476 0.0393 0.0308 -0.0893 0.7900 0.4475
-1.2500 0.0822 0.0393 0.0307 -0.0903 0.7843 0.4629
-1.0000 0.1003 0.0395 0.0310 -0.0890 0.7736 0.4767
-0.7500 0.1444 0.0390 0.0306 -0.0910 0.7698 0.4942
-0.5000 0.1676 0.0393 0.0308 -0.0904 0.7614 0.5080
-0.2500 0.1908 0.0395 0.0311 -0.0898 0.7531 0.5218
0.0000 0.2336 0.0390 0.0307 -0.0916 0.7502 0.5396
0.2500 0.2552 0.0393 0.0311 -0.0907 0.7417 0.5544
0.5000 0.2769 0.0396 0.0314 -0.0899 0.7333 0.5692
0.7500 0.3227 0.0387 0.0306 -0.0917 0.7308 0.5895
1.0000 0.3473 0.0387 0.0307 -0.0910 0.7223 0.6059
1.2500 0.3718 0.0387 0.0307 -0.0903 0.7138 0.6224
1.5000 0.4186 0.0375 0.0296 -0.0920 0.7119 0.6448
1.7500 0.4412 0.0376 0.0297 -0.0910 0.7034 0.6644
2.0000 0.4638 0.0376 0.0298 -0.0900 0.6950 0.6841
2.2500 0.5079 0.0363 0.0286 -0.0911 0.6935 0.7086
2.5000 0.5336 0.0359 0.0283 -0.0900 0.6867 0.7352
2.7500 0.5593 0.0356 0.0281 -0.0890 0.6800 0.7617
3.0000 0.5850 0.0352 0.0278 -0.0879 0.6732 0.7883
3.2500 0.6291 0.0340 0.0266 -0.0895 0.6689 0.8412
3.5000 0.6733 0.0327 0.0255 -0.0911 0.6646 0.8942
3.7500 0.7175 0.0314 0.0243 -0.0926 0.6604 0.9471
4.0000 0.7616 0.0302 0.0231 -0.0942 0.6561 1.0000
4.2500 0.7927 0.0301 0.0228 -0.0949 0.6474 1.0000
4.5000 0.8237 0.0299 0.0226 -0.0955 0.6387 1.0000
4.7500 0.8564 0.0296 0.0222 -0.0960 0.6300 1.0000
5.0000 0.8891 0.0293 0.0219 -0.0966 0.6213 1.0000
