-5.0000 -0.1098 0.0173 0.0105 -0.1178 0.8623 0.2708
-4.7500 -0.0683 0.0169 0.0101 -0.1204 0.8614 0.2827
-4.5000 -0.0271 0.0164 0.0097 -0.1228 0.8605 0.2944
-4.2500 0.0152 0.0159 0.0092 -0.1255 0.8594 0.3059
-4.0000 0.0350 0.0158 0.0092 -0.1237 0.8527 0.3147
-3.7500 0.0547 0.0157 0.0091 -0.1220 0.8459 0.3235
-3.5000 0.0938 0.0153 0.0087 -0.1240 0.8440 0.3352
-3.2500 0.1329 0.0149 0.0084 -0.1261 0.8423 0.3467
-3.0000 0.1747 0.0145 0.0080 -0.1286 0.8406 0.3591
-2.7500 0.1981 0.0144 0.0078 -0.1275 0.8342 0.3694
-2.5000 0.2215 0.0143 0.0077 -0.1265 0.8279 0.3797
-2.2500 0.2592 0.0139 0.0074 -0.1281 0.8246 0.3924
-2.0000 0.2994 0.0136 0.0071 -0.1304 0.8220 0.4046
-1.7500 0.3309 0.0134 0.0069 -0.1309 0.8172 0.4162
-1.5000 0.3520 0.0133 0.0069 -0.1293 0.8091 0.4277
-1.2500 0.3895 0.0129 0.0066 -0.1310 0.8043 0.4415
-1.0000 0.4294 0.0127 0.0063 -0.1331 0.7997 0.4547
-0.7500 0.4462 0.0126 0.0063 -0.1307 0.7895 0.4646
-0.5000 0.4819 0.0124 0.0061 -0.1320 0.7836 0.4780
-0.2500 0.5060 0.0123 0.0060 -0.1310 0.7746 0.4904
0.0000 0.5368 0.0122 0.0059 -0.1313 0.7662 0.5028
0.2500 0.5617 0.0121 0.0059 -0.1305 0.7562 0.5143
0.5000 0.5936 0.0120 0.0057 -0.1310 0.7475 0.5272
0.7500 0.6149 0.0120 0.0057 -0.1295 0.7354 0.5394
1.0000 0.6420 0.0119 0.0057 -0.1291 0.7243 0.5523
1.2500 0.6709 0.0119 0.0056 -0.1290 0.7129 0.5650
1.5000 0.6926 0.0119 0.0057 -0.1276 0.6990 0.5770
1.7500 0.7158 0.0120 0.0057 -0.1264 0.6849 0.5894
2.0000 0.7387 0.0120 0.0058 -0.1252 0.6707 0.6017
2.2500 0.7619 0.0121 0.0058 -0.1241 0.6569 0.6127
2.5000 0.7856 0.0122 0.0059 -0.1231 0.6433 0.6244
2.7500 0.8072 0.0124 0.0060 -0.1218 0.6289 0.6369
3.0000 0.8270 0.0126 0.0061 -0.1200 0.6143 0.6494
3.2500 0.8447 0.0127 0.0063 -0.1178 0.5994 0.6619
3.5000 0.8634 0.0129 0.0065 -0.1160 0.5855 0.6753
3.7500 0.8835 0.0131 0.0066 -0.1144 0.5729 0.6882
4.0000 0.9053 0.0133 0.0069 -0.1131 0.5612 0.7007
4.2500 0.9255 0.0136 0.0071 -0.1117 0.5490 0.7142
4.5000 0.9454 0.0138 0.0073 -0.1101 0.5373 0.7283
4.7500 0.9648 0.0140 0.0076 -0.1085 0.5252 0.7437
5.0000 0.9818 0.0143 0.0079 -0.1064 0.5118 0.7612
