-5.0000 -0.0203 0.0128 0.0062 -0.1245 0.8158 0.2794
-4.7500 0.0106 0.0126 0.0060 -0.1250 0.8112 0.2875
-4.5000 0.0405 0.0124 0.0059 -0.1254 0.8063 0.2952
-4.2500 0.0629 0.0123 0.0058 -0.1242 0.7998 0.3026
-4.0000 0.0922 0.0122 0.0056 -0.1244 0.7944 0.3105
-3.7500 0.1215 0.0120 0.0055 -0.1246 0.7890 0.3185
-3.5000 0.1497 0.0120 0.0054 -0.1245 0.7832 0.3265
-3.2500 0.1731 0.0119 0.0054 -0.1236 0.7762 0.3341
-3.0000 0.2013 0.0118 0.0053 -0.1235 0.7698 0.3428
-2.7500 0.2337 0.0117 0.0051 -0.1243 0.7641 0.3519
-2.5000 0.2555 0.0116 0.0051 -0.1230 0.7568 0.3605
-2.2500 0.2827 0.0115 0.0050 -0.1227 0.7501 0.3689
-2.0000 0.3147 0.0115 0.0049 -0.1235 0.7438 0.3785
-1.7500 0.3360 0.0114 0.0049 -0.1220 0.7351 0.3873
-1.5000 0.3624 0.0113 0.0049 -0.1216 0.7267 0.3966
-1.2500 0.3890 0.0113 0.0048 -0.1212 0.7188 0.4061
-1.0000 0.4125 0.0113 0.0048 -0.1202 0.7100 0.4148
-0.7500 0.4416 0.0113 0.0047 -0.1203 0.7025 0.4249
-0.5000 0.4636 0.0112 0.0048 -0.1191 0.6936 0.4341
-0.2500 0.4893 0.0112 0.0048 -0.1185 0.6847 0.4451
0.0000 0.5136 0.0113 0.0048 -0.1177 0.6756 0.4556
0.2500 0.5369 0.0113 0.0048 -0.1166 0.6656 0.4666
0.5000 0.5613 0.0113 0.0048 -0.1158 0.6561 0.4764
0.7500 0.5825 0.0114 0.0049 -0.1144 0.6452 0.4869
1.0000 0.6058 0.0114 0.0049 -0.1134 0.6354 0.4972
1.2500 0.6267 0.0115 0.0050 -0.1119 0.6249 0.5083
1.5000 0.6481 0.0116 0.0050 -0.1105 0.6150 0.5185
1.7500 0.6661 0.0117 0.0051 -0.1085 0.6041 0.5289
2.0000 0.6866 0.0118 0.0052 -0.1070 0.5941 0.5397
2.2500 0.7058 0.0119 0.0053 -0.1052 0.5838 0.5500
2.5000 0.7267 0.0121 0.0055 -0.1038 0.5736 0.5612
2.7500 0.7476 0.0122 0.0057 -0.1024 0.5635 0.5723
3.0000 0.7692 0.0124 0.0058 -0.1013 0.5539 0.5836
3.2500 0.7909 0.0126 0.0060 -0.1001 0.5449 0.5957
3.5000 0.8119 0.0128 0.0062 -0.0988 0.5356 0.6082
3.7500 0.8331 0.0130 0.0064 -0.0976 0.5265 0.6218
4.0000 0.8533 0.0132 0.0067 -0.0963 0.5166 0.6359
4.2500 0.8737 0.0135 0.0069 -0.0950 0.5076 0.6506
4.5000 0.8940 0.0137 0.0072 -0.0936 0.4987 0.6654
4.7500 0.9139 0.0139 0.0075 -0.0923 0.4893 0.6814
5.0000 0.9337 0.0142 0.0078 -0.0909 0.4806 0.6995
