-5.0000 0.1234 0.0115 0.0047 -0.1525 0.8555 0.0737
-4.7500 0.1520 0.0113 0.0045 -0.1525 0.8498 0.0805
-4.5000 0.1791 0.0111 0.0043 -0.1523 0.8427 0.0877
-4.2500 0.2084 0.0109 0.0042 -0.1525 0.8370 0.0961
-4.0000 0.2363 0.0108 0.0040 -0.1524 0.8307 0.1050
-3.7500 0.2638 0.0107 0.0039 -0.1523 0.8234 0.1146
-3.5000 0.2934 0.0105 0.0037 -0.1525 0.8171 0.1260
-3.2500 0.3200 0.0104 0.0037 -0.1522 0.8086 0.1379
-3.0000 0.3483 0.0103 0.0035 -0.1522 0.8007 0.1522
-2.7500 0.3763 0.0102 0.0035 -0.1522 0.7932 0.1711
-2.5000 0.4035 0.0101 0.0035 -0.1520 0.7850 0.1968
-2.2500 0.4326 0.0100 0.0034 -0.1522 0.7782 0.2170
-2.0000 0.4594 0.0099 0.0034 -0.1519 0.7699 0.2339
-1.7500 0.4873 0.0098 0.0033 -0.1519 0.7619 0.2526
-1.5000 0.5154 0.0098 0.0033 -0.1518 0.7542 0.2723
-1.2500 0.5424 0.0097 0.0032 -0.1516 0.7454 0.2920
-1.0000 0.5709 0.0097 0.0032 -0.1516 0.7377 0.3141
-0.7500 0.5975 0.0097 0.0032 -0.1514 0.7289 0.3375
-0.5000 0.6251 0.0096 0.0032 -0.1512 0.7206 0.3635
-0.2500 0.6523 0.0096 0.0032 -0.1511 0.7124 0.3918
0.0000 0.6792 0.0095 0.0033 -0.1508 0.7033 0.4232
0.2500 0.7062 0.0095 0.0033 -0.1507 0.6946 0.4649
0.5000 0.7321 0.0094 0.0034 -0.1503 0.6849 0.5302
0.7500 0.7578 0.0092 0.0034 -0.1498 0.6767 0.6352
1.0000 0.7782 0.0088 0.0036 -0.1480 0.6682 0.8011
1.2500 0.8117 0.0087 0.0036 -0.1487 0.6598 1.0000
1.5000 0.8377 0.0088 0.0037 -0.1483 0.6506 1.0000
1.7500 0.8642 0.0089 0.0037 -0.1480 0.6419 1.0000
2.0000 0.8906 0.0091 0.0038 -0.1477 0.6336 1.0000
2.2500 0.9170 0.0092 0.0039 -0.1474 0.6258 1.0000
2.5000 0.9436 0.0094 0.0040 -0.1471 0.6185 1.0000
2.7500 0.9695 0.0095 0.0041 -0.1467 0.6102 1.0000
3.0000 0.9958 0.0097 0.0042 -0.1464 0.6023 1.0000
3.2500 1.0211 0.0098 0.0043 -0.1459 0.5936 1.0000
3.5000 1.0471 0.0100 0.0044 -0.1455 0.5862 1.0000
3.7500 1.0725 0.0102 0.0046 -0.1451 0.5784 1.0000
4.0000 1.0975 0.0104 0.0047 -0.1445 0.5698 1.0000
4.2500 1.1223 0.0105 0.0049 -0.1439 0.5612 1.0000
4.5000 1.1464 0.0107 0.0050 -0.1432 0.5518 1.0000
4.7500 1.1706 0.0109 0.0052 -0.1425 0.5430 1.0000
5.0000 1.1945 0.0111 0.0054 -0.1418 0.5343 1.0000
