-5.0000 0.1236 0.0115 0.0047 -0.1519 0.8475 0.0817
-4.7500 0.1533 0.0113 0.0045 -0.1522 0.8421 0.0889
-4.5000 0.1797 0.0111 0.0043 -0.1518 0.8345 0.0969
-4.2500 0.2087 0.0110 0.0042 -0.1520 0.8284 0.1066
-4.0000 0.2368 0.0108 0.0040 -0.1520 0.8220 0.1165
-3.7500 0.2643 0.0107 0.0039 -0.1518 0.8149 0.1278
-3.5000 0.2938 0.0106 0.0038 -0.1521 0.8089 0.1412
-3.2500 0.3209 0.0104 0.0037 -0.1519 0.8012 0.1564
-3.0000 0.3489 0.0103 0.0037 -0.1518 0.7938 0.1765
-2.7500 0.3776 0.0103 0.0036 -0.1520 0.7870 0.1964
-2.5000 0.4045 0.0102 0.0036 -0.1517 0.7785 0.2107
-2.2500 0.4335 0.0101 0.0035 -0.1518 0.7712 0.2254
-2.0000 0.4604 0.0100 0.0034 -0.1516 0.7628 0.2409
-1.7500 0.4883 0.0100 0.0034 -0.1515 0.7549 0.2583
-1.5000 0.5162 0.0099 0.0034 -0.1514 0.7473 0.2769
-1.2500 0.5434 0.0098 0.0033 -0.1512 0.7387 0.2960
-1.0000 0.5718 0.0098 0.0033 -0.1513 0.7311 0.3167
-0.7500 0.5983 0.0098 0.0033 -0.1510 0.7220 0.3390
-0.5000 0.6264 0.0098 0.0033 -0.1509 0.7134 0.3636
-0.2500 0.6524 0.0097 0.0033 -0.1505 0.7036 0.3914
0.0000 0.6799 0.0097 0.0033 -0.1504 0.6950 0.4224
0.2500 0.7063 0.0097 0.0034 -0.1501 0.6863 0.4580
0.5000 0.7330 0.0096 0.0034 -0.1499 0.6779 0.5101
0.7500 0.7590 0.0095 0.0035 -0.1495 0.6701 0.5918
1.0000 0.7826 0.0092 0.0037 -0.1485 0.6614 0.7182
1.2500 0.8120 0.0088 0.0037 -0.1482 0.6534 1.0000
1.5000 0.8379 0.0089 0.0038 -0.1478 0.6444 1.0000
1.7500 0.8646 0.0091 0.0038 -0.1475 0.6363 1.0000
2.0000 0.8909 0.0092 0.0039 -0.1472 0.6285 1.0000
2.2500 0.9170 0.0093 0.0040 -0.1468 0.6201 1.0000
2.5000 0.9434 0.0095 0.0041 -0.1465 0.6123 1.0000
2.7500 0.9689 0.0096 0.0042 -0.1460 0.6037 1.0000
3.0000 0.9947 0.0098 0.0043 -0.1456 0.5956 1.0000
3.2500 1.0204 0.0100 0.0044 -0.1452 0.5879 1.0000
3.5000 1.0460 0.0101 0.0046 -0.1447 0.5804 1.0000
3.7500 1.0722 0.0103 0.0047 -0.1444 0.5734 1.0000
4.0000 1.0972 0.0105 0.0049 -0.1439 0.5660 1.0000
4.2500 1.1223 0.0107 0.0050 -0.1434 0.5583 1.0000
4.5000 1.1474 0.0109 0.0052 -0.1429 0.5510 1.0000
4.7500 1.1717 0.0111 0.0054 -0.1422 0.5431 1.0000
5.0000 1.1965 0.0113 0.0056 -0.1417 0.5358 1.0000
