-5.0000 0.1245 0.0130 0.0058 -0.1407 0.7351 0.2335
-4.7500 0.1466 0.0129 0.0058 -0.1395 0.7274 0.2394
-4.5000 0.1734 0.0128 0.0056 -0.1391 0.7201 0.2461
-4.2500 0.2008 0.0127 0.0055 -0.1390 0.7135 0.2527
-4.0000 0.2244 0.0127 0.0055 -0.1381 0.7063 0.2597
-3.7500 0.2506 0.0126 0.0054 -0.1377 0.6996 0.2669
-3.5000 0.2790 0.0126 0.0054 -0.1377 0.6933 0.2747
-3.2500 0.3019 0.0125 0.0054 -0.1366 0.6862 0.2816
-3.0000 0.3284 0.0125 0.0053 -0.1363 0.6792 0.2895
-2.7500 0.3545 0.0125 0.0053 -0.1359 0.6724 0.2968
-2.5000 0.3779 0.0125 0.0052 -0.1349 0.6651 0.3044
-2.2500 0.4044 0.0124 0.0052 -0.1346 0.6587 0.3121
-2.0000 0.4301 0.0124 0.0052 -0.1341 0.6526 0.3202
-1.7500 0.4541 0.0124 0.0052 -0.1333 0.6462 0.3279
-1.5000 0.4813 0.0125 0.0052 -0.1331 0.6402 0.3367
-1.2500 0.5063 0.0125 0.0052 -0.1325 0.6341 0.3449
-1.0000 0.5291 0.0125 0.0053 -0.1314 0.6272 0.3538
-0.7500 0.5549 0.0125 0.0053 -0.1310 0.6209 0.3628
-0.5000 0.5792 0.0126 0.0053 -0.1303 0.6149 0.3723
-0.2500 0.6023 0.0126 0.0054 -0.1293 0.6090 0.3817
0.0000 0.6285 0.0126 0.0054 -0.1289 0.6036 0.3927
0.2500 0.6553 0.0127 0.0055 -0.1288 0.5983 0.4044
0.5000 0.6759 0.0127 0.0056 -0.1273 0.5925 0.4158
0.7500 0.6980 0.0127 0.0056 -0.1262 0.5867 0.4276
1.0000 0.7261 0.0129 0.0057 -0.1263 0.5810 0.4401
1.2500 0.7450 0.0129 0.0058 -0.1245 0.5754 0.4536
1.5000 0.7640 0.0129 0.0059 -0.1228 0.5697 0.4672
1.7500 0.7895 0.0130 0.0060 -0.1224 0.5646 0.4843
2.0000 0.8120 0.0131 0.0062 -0.1215 0.5594 0.5046
2.2500 0.8345 0.0132 0.0063 -0.1205 0.5542 0.5249
2.5000 0.8576 0.0132 0.0065 -0.1197 0.5486 0.5502
2.7500 0.8853 0.0134 0.0066 -0.1197 0.5430 0.5809
3.0000 0.9049 0.0135 0.0069 -0.1183 0.5381 0.6140
3.2500 0.9263 0.0135 0.0071 -0.1172 0.5326 0.6526
3.5000 0.9477 0.0136 0.0073 -0.1160 0.5271 0.6913
3.7500 0.9718 0.0137 0.0075 -0.1153 0.5217 0.7380
4.0000 0.9882 0.0138 0.0078 -0.1131 0.5165 0.7937
4.2500 1.0020 0.0139 0.0081 -0.1102 0.5111 0.8711
4.5000 1.0319 0.0140 0.0083 -0.1105 0.5054 0.9934
4.7500 1.0535 0.0142 0.0085 -0.1096 0.5000 1.0000
5.0000 1.0705 0.0145 0.0088 -0.1079 0.4939 1.0000
