-5.0000 0.0670 0.0144 0.0073 -0.1450 0.8456 0.1982
-4.7500 0.0980 0.0140 0.0071 -0.1455 0.8413 0.2084
-4.5000 0.1312 0.0137 0.0068 -0.1465 0.8379 0.2188
-4.2500 0.1595 0.0136 0.0066 -0.1465 0.8331 0.2293
-4.0000 0.1841 0.0135 0.0065 -0.1457 0.8264 0.2402
-3.7500 0.2149 0.0133 0.0063 -0.1462 0.8214 0.2526
-3.5000 0.2477 0.0130 0.0061 -0.1470 0.8174 0.2653
-3.2500 0.2744 0.0129 0.0060 -0.1468 0.8117 0.2772
-3.0000 0.3003 0.0128 0.0060 -0.1463 0.8050 0.2896
-2.7500 0.3312 0.0127 0.0058 -0.1467 0.7996 0.3028
-2.5000 0.3647 0.0125 0.0056 -0.1477 0.7950 0.3168
-2.2500 0.3873 0.0125 0.0056 -0.1466 0.7874 0.3291
-2.0000 0.4161 0.0123 0.0055 -0.1466 0.7812 0.3428
-1.7500 0.4480 0.0122 0.0054 -0.1473 0.7760 0.3581
-1.5000 0.4737 0.0122 0.0054 -0.1467 0.7689 0.3730
-1.2500 0.5008 0.0121 0.0054 -0.1465 0.7617 0.3883
-1.0000 0.5319 0.0120 0.0053 -0.1469 0.7558 0.4042
-0.7500 0.5580 0.0120 0.0053 -0.1465 0.7487 0.4199
-0.5000 0.5849 0.0119 0.0053 -0.1462 0.7413 0.4359
-0.2500 0.6160 0.0119 0.0052 -0.1467 0.7352 0.4534
0.0000 0.6413 0.0119 0.0053 -0.1461 0.7279 0.4704
0.2500 0.6677 0.0118 0.0053 -0.1457 0.7202 0.4888
0.5000 0.6989 0.0118 0.0052 -0.1462 0.7138 0.5096
0.7500 0.7217 0.0118 0.0053 -0.1451 0.7054 0.5297
1.0000 0.7490 0.0118 0.0053 -0.1449 0.6979 0.5523
1.2500 0.7765 0.0118 0.0054 -0.1447 0.6904 0.5776
1.5000 0.8002 0.0118 0.0055 -0.1438 0.6816 0.6051
1.7500 0.8292 0.0117 0.0055 -0.1439 0.6744 0.6386
2.0000 0.8531 0.0117 0.0056 -0.1429 0.6660 0.6791
2.2500 0.8769 0.0116 0.0057 -0.1419 0.6576 0.7197
2.5000 0.8982 0.0116 0.0058 -0.1403 0.6487 0.7790
2.7500 0.9155 0.0114 0.0059 -0.1375 0.6396 0.8855
3.0000 0.9536 0.0115 0.0060 -0.1395 0.6302 1.0000
3.2500 0.9781 0.0116 0.0060 -0.1388 0.6214 1.0000
3.5000 1.0023 0.0118 0.0061 -0.1381 0.6126 1.0000
3.7500 1.0252 0.0119 0.0062 -0.1371 0.6029 1.0000
4.0000 1.0485 0.0121 0.0064 -0.1363 0.5939 1.0000
4.2500 1.0712 0.0123 0.0065 -0.1352 0.5846 1.0000
4.5000 1.0941 0.0125 0.0066 -0.1343 0.5757 1.0000
4.7500 1.1150 0.0127 0.0068 -0.1329 0.5657 1.0000
5.0000 1.1356 0.0129 0.0070 -0.1315 0.5559 1.0000
