-5.0000 -0.3760 0.0287 0.0197 -0.0544 0.8962 0.2740
-4.7500 -0.3285 0.0282 0.0192 -0.0580 0.8919 0.2905
-4.5000 -0.3113 0.0280 0.0190 -0.0563 0.8792 0.3028
-4.2500 -0.2682 0.0275 0.0185 -0.0590 0.8738 0.3210
-4.0000 -0.2359 0.0271 0.0182 -0.0597 0.8649 0.3387
-3.7500 -0.2037 0.0267 0.0179 -0.0605 0.8561 0.3565
-3.5000 -0.1542 0.0260 0.0173 -0.0639 0.8523 0.3792
-3.2500 -0.1353 0.0258 0.0172 -0.0623 0.8396 0.3961
-3.0000 -0.0904 0.0252 0.0167 -0.0650 0.8353 0.4213
-2.7500 -0.0445 0.0245 0.0160 -0.0676 0.8322 0.4486
-2.5000 -0.0285 0.0245 0.0162 -0.0655 0.8191 0.4686
-2.2500 0.0144 0.0238 0.0156 -0.0675 0.8151 0.4998
-2.0000 0.0348 0.0237 0.0157 -0.0659 0.8035 0.5242
-1.7500 0.0743 0.0230 0.0151 -0.0670 0.7985 0.5609
-1.5000 0.1033 0.0226 0.0150 -0.0664 0.7903 0.5992
-1.2500 0.1322 0.0223 0.0148 -0.0658 0.7821 0.6375
-1.0000 0.1601 0.0221 0.0147 -0.0648 0.7738 0.6807
-0.7500 0.1880 0.0218 0.0146 -0.0637 0.7656 0.7240
-0.5000 0.2180 0.0216 0.0145 -0.0626 0.7584 0.7643
-0.2500 0.2425 0.0216 0.0146 -0.0609 0.7488 0.8032
0.0000 0.2776 0.0215 0.0145 -0.0605 0.7422 0.8381
0.2500 0.3067 0.0217 0.0147 -0.0596 0.7324 0.8706
0.5000 0.3602 0.0214 0.0143 -0.0626 0.7275 0.8990
0.7500 0.4027 0.0218 0.0147 -0.0647 0.7154 0.9219
1.0000 0.4641 0.0218 0.0146 -0.0703 0.7067 0.9399
1.2500 0.5312 0.0218 0.0145 -0.0772 0.6976 0.9561
1.5000 0.5924 0.0218 0.0144 -0.0836 0.6869 0.9720
1.7500 0.6594 0.0215 0.0140 -0.0910 0.6774 0.9846
2.0000 0.7224 0.0214 0.0137 -0.0981 0.6662 0.9987
2.2500 0.7383 0.0215 0.0139 -0.0969 0.6564 1.0000
2.5000 0.7600 0.0214 0.0137 -0.0961 0.6490 1.0000
2.7500 0.7671 0.0218 0.0140 -0.0932 0.6385 1.0000
3.0000 0.7821 0.0220 0.0141 -0.0912 0.6295 1.0000
3.2500 0.7971 0.0221 0.0143 -0.0892 0.6205 1.0000
3.5000 0.8253 0.0220 0.0140 -0.0890 0.6133 1.0000
3.7500 0.8284 0.0226 0.0146 -0.0851 0.6025 1.0000
4.0000 0.8567 0.0225 0.0145 -0.0849 0.5950 1.0000
4.2500 0.8623 0.0231 0.0151 -0.0812 0.5848 1.0000
4.5000 0.8890 0.0231 0.0150 -0.0807 0.5767 1.0000
4.7500 0.8994 0.0237 0.0156 -0.0778 0.5669 1.0000
5.0000 0.9218 0.0238 0.0156 -0.0766 0.5578 1.0000
