-5.0000 -0.3482 0.0172 0.0091 -0.0403 0.9620 0.0739
-4.7500 -0.3053 0.0168 0.0087 -0.0435 0.9580 0.0808
-4.5000 -0.2693 0.0163 0.0083 -0.0451 0.9501 0.0890
-4.2500 -0.2252 0.0158 0.0078 -0.0483 0.9442 0.1018
-4.0000 -0.1787 0.0152 0.0074 -0.0519 0.9396 0.1171
-3.7500 -0.1448 0.0148 0.0070 -0.0529 0.9296 0.1331
-3.5000 -0.1041 0.0143 0.0066 -0.0553 0.9247 0.1591
-3.2500 -0.0769 0.0139 0.0064 -0.0550 0.9132 0.1878
-3.0000 -0.0476 0.0133 0.0060 -0.0552 0.9039 0.2247
-2.7500 -0.0208 0.0123 0.0055 -0.0551 0.8949 0.3165
-2.5000 -0.0018 0.0113 0.0054 -0.0532 0.8829 0.5258
-2.2500 0.0217 0.0108 0.0053 -0.0516 0.8715 0.6292
-2.0000 0.0468 0.0105 0.0052 -0.0502 0.8599 0.6981
-1.7500 0.0730 0.0103 0.0050 -0.0489 0.8482 0.7480
-1.5000 0.0978 0.0102 0.0050 -0.0473 0.8335 0.7902
-1.2500 0.1229 0.0101 0.0050 -0.0457 0.8183 0.8304
-1.0000 0.1492 0.0101 0.0050 -0.0443 0.8019 0.8649
-0.7500 0.1776 0.0101 0.0049 -0.0435 0.7854 0.8934
-0.5000 0.2084 0.0102 0.0050 -0.0431 0.7674 0.9197
-0.2500 0.2458 0.0104 0.0050 -0.0442 0.7483 0.9407
0.0000 0.2879 0.0105 0.0050 -0.0464 0.7274 0.9566
0.2500 0.3347 0.0107 0.0050 -0.0498 0.7057 0.9693
0.5000 0.3856 0.0108 0.0049 -0.0544 0.6806 0.9796
0.7500 0.4380 0.0109 0.0049 -0.0593 0.6539 0.9924
1.0000 0.4819 0.0110 0.0047 -0.0627 0.6276 1.0000
1.2500 0.5034 0.0111 0.0047 -0.0618 0.6036 1.0000
1.5000 0.5249 0.0112 0.0046 -0.0608 0.5792 1.0000
1.7500 0.5461 0.0113 0.0046 -0.0596 0.5564 1.0000
2.0000 0.5673 0.0115 0.0046 -0.0585 0.5356 1.0000
2.2500 0.5886 0.0117 0.0047 -0.0574 0.5167 1.0000
2.5000 0.6101 0.0119 0.0047 -0.0562 0.4994 1.0000
2.7500 0.6318 0.0121 0.0049 -0.0551 0.4839 1.0000
3.0000 0.6536 0.0124 0.0050 -0.0541 0.4702 1.0000
3.2500 0.6755 0.0126 0.0052 -0.0530 0.4572 1.0000
3.5000 0.6977 0.0129 0.0054 -0.0519 0.4452 1.0000
3.7500 0.7203 0.0132 0.0056 -0.0509 0.4352 1.0000
4.0000 0.7429 0.0134 0.0058 -0.0500 0.4251 1.0000
4.2500 0.7661 0.0137 0.0060 -0.0491 0.4168 1.0000
4.5000 0.7891 0.0140 0.0063 -0.0482 0.4083 1.0000
4.7500 0.8123 0.0143 0.0065 -0.0473 0.4007 1.0000
5.0000 0.8361 0.0146 0.0068 -0.0466 0.3939 1.0000
