-5.0000 -0.2499 0.0157 0.0086 -0.0501 0.7955 0.4093
-4.7500 -0.2298 0.0155 0.0085 -0.0483 0.7838 0.4285
-4.5000 -0.2045 0.0154 0.0083 -0.0475 0.7747 0.4468
-4.2500 -0.1820 0.0153 0.0082 -0.0462 0.7632 0.4629
-4.0000 -0.1561 0.0152 0.0080 -0.0455 0.7536 0.4786
-3.7500 -0.1329 0.0151 0.0079 -0.0443 0.7420 0.4936
-3.5000 -0.1071 0.0150 0.0079 -0.0435 0.7317 0.5070
-3.2500 -0.0819 0.0149 0.0078 -0.0427 0.7208 0.5200
-3.0000 -0.0574 0.0149 0.0077 -0.0418 0.7095 0.5330
-2.7500 -0.0300 0.0148 0.0076 -0.0413 0.6993 0.5454
-2.5000 -0.0061 0.0148 0.0075 -0.0402 0.6869 0.5568
-2.2500 0.0192 0.0147 0.0075 -0.0395 0.6756 0.5693
-2.0000 0.0457 0.0147 0.0074 -0.0389 0.6649 0.5818
-1.7500 0.0698 0.0147 0.0074 -0.0379 0.6526 0.5925
-1.5000 0.0948 0.0147 0.0073 -0.0371 0.6412 0.6044
-1.2500 0.1209 0.0147 0.0073 -0.0365 0.6305 0.6175
-1.0000 0.1446 0.0147 0.0073 -0.0354 0.6182 0.6294
-0.7500 0.1703 0.0147 0.0073 -0.0348 0.6075 0.6417
-0.5000 0.1951 0.0147 0.0073 -0.0339 0.5963 0.6548
-0.2500 0.2189 0.0148 0.0074 -0.0329 0.5849 0.6692
0.0000 0.2447 0.0149 0.0074 -0.0322 0.5744 0.6833
0.2500 0.2675 0.0149 0.0075 -0.0310 0.5626 0.6972
0.5000 0.2930 0.0150 0.0076 -0.0302 0.5524 0.7116
0.7500 0.3161 0.0151 0.0077 -0.0290 0.5410 0.7260
1.0000 0.3404 0.0152 0.0078 -0.0282 0.5308 0.7406
1.2500 0.3641 0.0153 0.0079 -0.0272 0.5200 0.7545
1.5000 0.3886 0.0154 0.0080 -0.0263 0.5096 0.7668
1.7500 0.4126 0.0155 0.0081 -0.0253 0.4995 0.7806
2.0000 0.4354 0.0157 0.0083 -0.0242 0.4897 0.7959
2.2500 0.4597 0.0158 0.0084 -0.0232 0.4800 0.8085
2.5000 0.4840 0.0161 0.0086 -0.0223 0.4710 0.8224
2.7500 0.5064 0.0163 0.0088 -0.0210 0.4621 0.8372
3.0000 0.5325 0.0166 0.0090 -0.0205 0.4543 0.8524
3.2500 0.5534 0.0168 0.0094 -0.0188 0.4455 0.8661
3.5000 0.5789 0.0171 0.0096 -0.0181 0.4375 0.8785
3.7500 0.6031 0.0174 0.0099 -0.0172 0.4298 0.8916
4.0000 0.6264 0.0176 0.0101 -0.0161 0.4225 0.9054
4.2500 0.6636 0.0181 0.0105 -0.0177 0.4156 0.9136
4.5000 0.6901 0.0185 0.0109 -0.0175 0.4089 0.9254
4.7500 0.7253 0.0189 0.0113 -0.0189 0.4024 0.9347
5.0000 0.7673 0.0194 0.0117 -0.0217 0.3965 0.9420
