-5.0000 -0.4971 0.0159 0.0089 -0.0161 0.9221 0.4144
-4.7500 -0.4670 0.0156 0.0087 -0.0163 0.9133 0.4297
-4.5000 -0.4320 0.0152 0.0084 -0.0174 0.9068 0.4450
-4.2500 -0.4040 0.0150 0.0082 -0.0171 0.8971 0.4596
-4.0000 -0.3713 0.0147 0.0079 -0.0177 0.8901 0.4745
-3.7500 -0.3463 0.0144 0.0077 -0.0168 0.8781 0.4879
-3.5000 -0.3185 0.0142 0.0075 -0.0163 0.8678 0.5018
-3.2500 -0.2891 0.0139 0.0072 -0.0161 0.8582 0.5160
-3.0000 -0.2637 0.0137 0.0070 -0.0152 0.8447 0.5286
-2.7500 -0.2377 0.0135 0.0069 -0.0144 0.8319 0.5429
-2.5000 -0.2110 0.0134 0.0067 -0.0137 0.8199 0.5586
-2.2500 -0.1849 0.0132 0.0066 -0.0129 0.8071 0.5753
-2.0000 -0.1597 0.0131 0.0065 -0.0119 0.7924 0.5904
-1.7500 -0.1333 0.0130 0.0064 -0.0112 0.7789 0.6048
-1.5000 -0.1060 0.0129 0.0063 -0.0107 0.7666 0.6195
-1.2500 -0.0805 0.0128 0.0062 -0.0099 0.7511 0.6329
-1.0000 -0.0544 0.0127 0.0062 -0.0092 0.7360 0.6466
-0.7500 -0.0281 0.0127 0.0061 -0.0084 0.7210 0.6612
-0.5000 -0.0018 0.0127 0.0060 -0.0077 0.7061 0.6759
-0.2500 0.0237 0.0126 0.0060 -0.0068 0.6905 0.6916
0.0000 0.0489 0.0127 0.0060 -0.0059 0.6756 0.7085
0.2500 0.0749 0.0127 0.0060 -0.0051 0.6613 0.7245
0.5000 0.1012 0.0128 0.0060 -0.0044 0.6469 0.7390
0.7500 0.1275 0.0128 0.0061 -0.0037 0.6325 0.7535
1.0000 0.1527 0.0128 0.0062 -0.0029 0.6183 0.7692
1.2500 0.1792 0.0129 0.0063 -0.0022 0.6044 0.7835
1.5000 0.2060 0.0130 0.0064 -0.0015 0.5907 0.7973
1.7500 0.2322 0.0132 0.0065 -0.0008 0.5772 0.8119
2.0000 0.2568 0.0133 0.0066 0.0002 0.5624 0.8272
2.2500 0.2827 0.0135 0.0068 0.0011 0.5479 0.8411
2.5000 0.3102 0.0137 0.0070 0.0016 0.5342 0.8531
2.7500 0.3369 0.0139 0.0071 0.0023 0.5205 0.8658
3.0000 0.3622 0.0141 0.0073 0.0032 0.5056 0.8787
3.2500 0.3888 0.0144 0.0075 0.0039 0.4908 0.8903
3.5000 0.4198 0.0147 0.0078 0.0036 0.4758 0.8987
3.7500 0.4479 0.0149 0.0080 0.0039 0.4618 0.9095
4.0000 0.4760 0.0152 0.0082 0.0041 0.4479 0.9202
4.2500 0.5159 0.0156 0.0086 0.0019 0.4336 0.9255
4.5000 0.5488 0.0160 0.0089 0.0011 0.4208 0.9347
4.7500 0.5919 0.0164 0.0092 -0.0019 0.4063 0.9392
5.0000 0.6267 0.0167 0.0094 -0.0033 0.3921 0.9477
