-5.0000 -0.1299 0.0123 0.0052 -0.0756 0.7713 0.1883
-4.7500 -0.1045 0.0121 0.0050 -0.0750 0.7607 0.1967
-4.5000 -0.0787 0.0119 0.0049 -0.0745 0.7495 0.2053
-4.2500 -0.0530 0.0118 0.0047 -0.0739 0.7384 0.2151
-4.0000 -0.0272 0.0117 0.0046 -0.0733 0.7272 0.2248
-3.7500 -0.0019 0.0115 0.0044 -0.0727 0.7152 0.2360
-3.5000 0.0238 0.0114 0.0043 -0.0722 0.7038 0.2487
-3.2500 0.0490 0.0112 0.0042 -0.0715 0.6914 0.2628
-3.0000 0.0739 0.0111 0.0040 -0.0708 0.6793 0.2795
-2.7500 0.0982 0.0109 0.0039 -0.0701 0.6662 0.3019
-2.5000 0.1214 0.0107 0.0038 -0.0691 0.6531 0.3405
-2.2500 0.1441 0.0104 0.0037 -0.0681 0.6404 0.4027
-2.0000 0.1670 0.0102 0.0037 -0.0671 0.6272 0.4596
-1.7500 0.1910 0.0101 0.0037 -0.0662 0.6148 0.5008
-1.5000 0.2154 0.0101 0.0037 -0.0653 0.6027 0.5345
-1.2500 0.2400 0.0101 0.0037 -0.0645 0.5904 0.5617
-1.0000 0.2649 0.0101 0.0038 -0.0638 0.5770 0.5870
-0.7500 0.2898 0.0101 0.0038 -0.0630 0.5647 0.6114
-0.5000 0.3143 0.0102 0.0038 -0.0622 0.5529 0.6353
-0.2500 0.3391 0.0102 0.0039 -0.0614 0.5400 0.6582
0.0000 0.3639 0.0102 0.0040 -0.0606 0.5284 0.6793
0.2500 0.3883 0.0103 0.0040 -0.0598 0.5171 0.6994
0.5000 0.4134 0.0104 0.0041 -0.0590 0.5059 0.7215
0.7500 0.4377 0.0105 0.0042 -0.0581 0.4958 0.7441
1.0000 0.4621 0.0105 0.0043 -0.0573 0.4856 0.7667
1.2500 0.4859 0.0107 0.0044 -0.0563 0.4769 0.7890
1.5000 0.5109 0.0107 0.0046 -0.0555 0.4681 0.8112
1.7500 0.5344 0.0109 0.0047 -0.0545 0.4596 0.8338
2.0000 0.5587 0.0110 0.0049 -0.0535 0.4520 0.8557
2.2500 0.5825 0.0111 0.0050 -0.0524 0.4453 0.8767
2.5000 0.6062 0.0113 0.0052 -0.0513 0.4391 0.8984
2.7500 0.6305 0.0115 0.0054 -0.0502 0.4330 0.9214
3.0000 0.6560 0.0118 0.0056 -0.0495 0.4273 0.9416
3.2500 0.6867 0.0120 0.0059 -0.0499 0.4222 0.9570
3.5000 0.7261 0.0123 0.0061 -0.0522 0.4166 0.9645
3.7500 0.7609 0.0126 0.0063 -0.0537 0.4115 0.9734
4.0000 0.8040 0.0129 0.0066 -0.0570 0.4060 0.9769
4.2500 0.8465 0.0131 0.0068 -0.0602 0.4003 0.9815
4.5000 0.8856 0.0134 0.0070 -0.0627 0.3947 0.9876
4.7500 0.9275 0.0137 0.0072 -0.0659 0.3894 0.9911
5.0000 0.9701 0.0139 0.0075 -0.0692 0.3852 0.9949
