-5.0000 -0.5559 0.0149 0.0068 -0.0019 1.0000 0.1178
-4.7500 -0.5344 0.0147 0.0066 -0.0010 1.0000 0.1328
-4.5000 -0.5129 0.0144 0.0065 -0.0003 1.0000 0.1503
-4.2500 -0.4911 0.0142 0.0063 0.0004 1.0000 0.1717
-4.0000 -0.4482 0.0138 0.0062 -0.0032 0.9947 0.2161
-3.7500 -0.4053 0.0134 0.0060 -0.0068 0.9893 0.2604
-3.5000 -0.3679 0.0128 0.0059 -0.0093 0.9823 0.3467
-3.2500 -0.3286 0.0122 0.0058 -0.0121 0.9752 0.4515
-3.0000 -0.2849 0.0118 0.0058 -0.0154 0.9703 0.5305
-2.7500 -0.2524 0.0115 0.0057 -0.0162 0.9603 0.5848
-2.5000 -0.2118 0.0112 0.0056 -0.0186 0.9545 0.6366
-2.2500 -0.1730 0.0110 0.0055 -0.0204 0.9477 0.6797
-2.0000 -0.1374 0.0108 0.0054 -0.0215 0.9387 0.7199
-1.7500 -0.0977 0.0106 0.0053 -0.0231 0.9329 0.7593
-1.5000 -0.0696 0.0104 0.0053 -0.0224 0.9204 0.7915
-1.2500 -0.0365 0.0103 0.0052 -0.0226 0.9114 0.8226
-1.0000 -0.0074 0.0102 0.0052 -0.0217 0.8991 0.8502
-0.7500 0.0206 0.0102 0.0052 -0.0208 0.8855 0.8759
-0.5000 0.0515 0.0101 0.0051 -0.0203 0.8715 0.8952
-0.2500 0.0835 0.0101 0.0051 -0.0202 0.8564 0.9123
0.0000 0.1170 0.0101 0.0050 -0.0205 0.8397 0.9273
0.2500 0.1520 0.0102 0.0050 -0.0212 0.8206 0.9417
0.5000 0.1927 0.0103 0.0051 -0.0231 0.8004 0.9549
0.7500 0.2424 0.0104 0.0050 -0.0269 0.7778 0.9642
1.0000 0.2859 0.0105 0.0050 -0.0298 0.7532 0.9753
1.2500 0.3322 0.0106 0.0049 -0.0334 0.7271 0.9846
1.5000 0.3765 0.0106 0.0049 -0.0367 0.6999 0.9930
1.7500 0.4195 0.0107 0.0048 -0.0399 0.6714 1.0000
2.0000 0.4422 0.0107 0.0047 -0.0391 0.6468 1.0000
2.2500 0.4652 0.0108 0.0047 -0.0384 0.6219 1.0000
2.5000 0.4881 0.0109 0.0046 -0.0375 0.5974 1.0000
2.7500 0.5108 0.0110 0.0046 -0.0367 0.5741 1.0000
3.0000 0.5334 0.0111 0.0047 -0.0357 0.5525 1.0000
3.2500 0.5559 0.0113 0.0047 -0.0348 0.5321 1.0000
3.5000 0.5783 0.0115 0.0049 -0.0338 0.5111 1.0000
3.7500 0.6005 0.0117 0.0050 -0.0328 0.4914 1.0000
4.0000 0.6225 0.0118 0.0051 -0.0317 0.4717 1.0000
4.2500 0.6444 0.0121 0.0052 -0.0306 0.4524 1.0000
4.5000 0.6662 0.0123 0.0054 -0.0294 0.4337 1.0000
4.7500 0.6879 0.0125 0.0056 -0.0282 0.4149 1.0000
5.0000 0.7093 0.0128 0.0057 -0.0270 0.3959 1.0000
