-5.0000 -0.2400 0.0132 0.0061 -0.0611 0.8857 0.1864
-4.7500 -0.2145 0.0128 0.0058 -0.0605 0.8756 0.1987
-4.5000 -0.1881 0.0126 0.0056 -0.0599 0.8656 0.2131
-4.2500 -0.1618 0.0123 0.0053 -0.0594 0.8557 0.2286
-4.0000 -0.1360 0.0120 0.0051 -0.0588 0.8448 0.2464
-3.7500 -0.1109 0.0117 0.0049 -0.0581 0.8329 0.2664
-3.5000 -0.0854 0.0114 0.0046 -0.0575 0.8214 0.2901
-3.2500 -0.0609 0.0110 0.0044 -0.0567 0.8095 0.3208
-3.0000 -0.0373 0.0107 0.0042 -0.0558 0.7960 0.3696
-2.7500 -0.0136 0.0104 0.0041 -0.0549 0.7829 0.4300
-2.5000 0.0105 0.0101 0.0040 -0.0539 0.7694 0.4818
-2.2500 0.0352 0.0100 0.0039 -0.0531 0.7557 0.5256
-2.0000 0.0604 0.0098 0.0039 -0.0522 0.7420 0.5624
-1.7500 0.0857 0.0098 0.0038 -0.0514 0.7282 0.5956
-1.5000 0.1108 0.0097 0.0038 -0.0506 0.7133 0.6277
-1.2500 0.1362 0.0096 0.0038 -0.0497 0.6989 0.6573
-1.0000 0.1614 0.0096 0.0038 -0.0489 0.6834 0.6846
-0.7500 0.1867 0.0096 0.0038 -0.0480 0.6681 0.7097
-0.5000 0.2123 0.0096 0.0038 -0.0472 0.6535 0.7340
-0.2500 0.2374 0.0097 0.0039 -0.0464 0.6373 0.7588
0.0000 0.2624 0.0097 0.0039 -0.0454 0.6211 0.7835
0.2500 0.2874 0.0098 0.0039 -0.0445 0.6048 0.8059
0.5000 0.3125 0.0099 0.0040 -0.0436 0.5893 0.8272
0.7500 0.3375 0.0100 0.0041 -0.0426 0.5740 0.8490
1.0000 0.3630 0.0101 0.0042 -0.0417 0.5594 0.8689
1.2500 0.3882 0.0103 0.0043 -0.0408 0.5463 0.8905
1.5000 0.4146 0.0105 0.0045 -0.0400 0.5336 0.9108
1.7500 0.4436 0.0108 0.0047 -0.0398 0.5216 0.9289
2.0000 0.4763 0.0110 0.0049 -0.0404 0.5091 0.9435
2.2500 0.5129 0.0113 0.0051 -0.0420 0.4975 0.9545
2.5000 0.5500 0.0116 0.0053 -0.0438 0.4862 0.9645
2.7500 0.5962 0.0118 0.0055 -0.0476 0.4744 0.9687
3.0000 0.6385 0.0120 0.0056 -0.0507 0.4640 0.9745
3.2500 0.6759 0.0123 0.0057 -0.0527 0.4544 0.9816
3.5000 0.7196 0.0124 0.0059 -0.0562 0.4455 0.9854
3.7500 0.7621 0.0126 0.0060 -0.0595 0.4370 0.9903
4.0000 0.8039 0.0128 0.0061 -0.0626 0.4280 0.9959
4.2500 0.8430 0.0130 0.0063 -0.0652 0.4191 1.0000
4.5000 0.8617 0.0131 0.0063 -0.0636 0.4125 1.0000
4.7500 0.8802 0.0133 0.0065 -0.0621 0.4062 1.0000
5.0000 0.8989 0.0134 0.0067 -0.0605 0.4003 1.0000
