-5.0000 -0.4011 0.0113 0.0050 -0.0352 0.8976 0.2931
-4.7500 -0.3754 0.0110 0.0048 -0.0347 0.8885 0.3075
-4.5000 -0.3492 0.0108 0.0046 -0.0341 0.8791 0.3223
-4.2500 -0.3239 0.0106 0.0045 -0.0335 0.8678 0.3363
-4.0000 -0.2976 0.0104 0.0043 -0.0330 0.8565 0.3516
-3.7500 -0.2719 0.0102 0.0041 -0.0324 0.8447 0.3659
-3.5000 -0.2457 0.0101 0.0040 -0.0318 0.8327 0.3830
-3.2500 -0.2199 0.0099 0.0039 -0.0313 0.8201 0.4012
-3.0000 -0.1941 0.0097 0.0037 -0.0307 0.8073 0.4200
-2.7500 -0.1682 0.0096 0.0036 -0.0301 0.7944 0.4394
-2.5000 -0.1422 0.0095 0.0035 -0.0296 0.7809 0.4577
-2.2500 -0.1162 0.0094 0.0034 -0.0290 0.7671 0.4766
-2.0000 -0.0902 0.0093 0.0034 -0.0285 0.7534 0.4955
-1.7500 -0.0643 0.0092 0.0033 -0.0279 0.7389 0.5155
-1.5000 -0.0385 0.0092 0.0032 -0.0273 0.7246 0.5347
-1.2500 -0.0125 0.0091 0.0032 -0.0267 0.7104 0.5546
-1.0000 0.0135 0.0091 0.0032 -0.0262 0.6959 0.5746
-0.7500 0.0396 0.0090 0.0032 -0.0256 0.6817 0.5938
-0.5000 0.0657 0.0090 0.0032 -0.0251 0.6681 0.6122
-0.2500 0.0917 0.0090 0.0032 -0.0245 0.6532 0.6313
0.0000 0.1174 0.0090 0.0032 -0.0239 0.6387 0.6505
0.2500 0.1432 0.0090 0.0032 -0.0233 0.6248 0.6702
0.5000 0.1692 0.0090 0.0032 -0.0227 0.6117 0.6901
0.7500 0.1952 0.0091 0.0033 -0.0221 0.5995 0.7093
1.0000 0.2213 0.0091 0.0033 -0.0216 0.5865 0.7278
1.2500 0.2473 0.0091 0.0034 -0.0210 0.5733 0.7470
1.5000 0.2730 0.0092 0.0034 -0.0203 0.5602 0.7666
1.7500 0.2988 0.0092 0.0035 -0.0197 0.5482 0.7863
2.0000 0.3246 0.0093 0.0036 -0.0190 0.5362 0.8061
2.2500 0.3506 0.0094 0.0037 -0.0184 0.5248 0.8235
2.5000 0.3765 0.0095 0.0038 -0.0178 0.5131 0.8403
2.7500 0.4024 0.0096 0.0039 -0.0171 0.5012 0.8552
3.0000 0.4282 0.0097 0.0040 -0.0164 0.4889 0.8699
3.2500 0.4535 0.0099 0.0042 -0.0157 0.4768 0.8850
3.5000 0.4787 0.0100 0.0043 -0.0149 0.4632 0.9002
3.7500 0.5039 0.0102 0.0045 -0.0141 0.4488 0.9138
4.0000 0.5302 0.0104 0.0046 -0.0135 0.4344 0.9259
4.2500 0.5585 0.0106 0.0048 -0.0133 0.4212 0.9368
4.5000 0.5870 0.0109 0.0051 -0.0133 0.4094 0.9474
4.7500 0.6204 0.0111 0.0053 -0.0143 0.3968 0.9548
5.0000 0.6523 0.0114 0.0055 -0.0151 0.3839 0.9625
