-5.0000 -0.3733 0.0125 0.0058 -0.0371 0.7726 0.3405
-4.7500 -0.3500 0.0124 0.0057 -0.0361 0.7615 0.3493
-4.5000 -0.3265 0.0122 0.0056 -0.0352 0.7501 0.3585
-4.2500 -0.3026 0.0121 0.0054 -0.0344 0.7392 0.3676
-4.0000 -0.2783 0.0120 0.0053 -0.0336 0.7277 0.3764
-3.7500 -0.2538 0.0120 0.0052 -0.0329 0.7162 0.3854
-3.5000 -0.2297 0.0119 0.0051 -0.0321 0.7044 0.3940
-3.2500 -0.2054 0.0118 0.0050 -0.0313 0.6932 0.4028
-3.0000 -0.1812 0.0117 0.0049 -0.0305 0.6821 0.4123
-2.7500 -0.1571 0.0116 0.0048 -0.0297 0.6714 0.4229
-2.5000 -0.1332 0.0116 0.0048 -0.0288 0.6598 0.4339
-2.2500 -0.1089 0.0115 0.0047 -0.0280 0.6491 0.4451
-2.0000 -0.0845 0.0115 0.0046 -0.0273 0.6389 0.4560
-1.7500 -0.0600 0.0114 0.0046 -0.0265 0.6287 0.4668
-1.5000 -0.0353 0.0114 0.0046 -0.0258 0.6187 0.4779
-1.2500 -0.0107 0.0114 0.0045 -0.0251 0.6088 0.4893
-1.0000 0.0138 0.0113 0.0045 -0.0243 0.5990 0.5007
-0.7500 0.0384 0.0113 0.0045 -0.0236 0.5893 0.5124
-0.5000 0.0628 0.0113 0.0045 -0.0228 0.5798 0.5238
-0.2500 0.0873 0.0113 0.0045 -0.0220 0.5701 0.5359
0.0000 0.1118 0.0113 0.0045 -0.0213 0.5606 0.5479
0.2500 0.1366 0.0113 0.0045 -0.0206 0.5517 0.5605
0.5000 0.1613 0.0114 0.0046 -0.0199 0.5433 0.5730
0.7500 0.1860 0.0114 0.0046 -0.0192 0.5344 0.5862
1.0000 0.2105 0.0114 0.0046 -0.0184 0.5261 0.5994
1.2500 0.2348 0.0114 0.0047 -0.0176 0.5179 0.6131
1.5000 0.2591 0.0114 0.0047 -0.0168 0.5088 0.6263
1.7500 0.2836 0.0115 0.0048 -0.0161 0.5005 0.6398
2.0000 0.3081 0.0115 0.0048 -0.0153 0.4928 0.6533
2.2500 0.3324 0.0115 0.0049 -0.0145 0.4851 0.6664
2.5000 0.3567 0.0116 0.0050 -0.0137 0.4767 0.6797
2.7500 0.3809 0.0117 0.0051 -0.0130 0.4690 0.6940
3.0000 0.4050 0.0118 0.0052 -0.0121 0.4619 0.7075
3.2500 0.4290 0.0118 0.0053 -0.0113 0.4538 0.7222
3.5000 0.4527 0.0119 0.0054 -0.0104 0.4461 0.7365
3.7500 0.4759 0.0120 0.0055 -0.0094 0.4385 0.7513
4.0000 0.4993 0.0121 0.0056 -0.0085 0.4306 0.7651
4.2500 0.5223 0.0122 0.0058 -0.0075 0.4232 0.7790
4.5000 0.5449 0.0123 0.0059 -0.0064 0.4150 0.7929
4.7500 0.5673 0.0124 0.0061 -0.0053 0.4072 0.8076
5.0000 0.5887 0.0126 0.0063 -0.0040 0.3999 0.8213
