-5.0000 -0.5850 0.0292 0.0209 -0.0043 0.8746 0.4550
-4.7500 -0.5678 0.0291 0.0207 -0.0025 0.8614 0.4649
-4.5000 -0.5205 0.0286 0.0202 -0.0058 0.8567 0.4801
-4.2500 -0.4917 0.0285 0.0203 -0.0056 0.8448 0.4898
-4.0000 -0.4492 0.0278 0.0196 -0.0078 0.8387 0.5037
-3.7500 -0.4149 0.0275 0.0193 -0.0085 0.8297 0.5155
-3.5000 -0.3806 0.0272 0.0191 -0.0092 0.8208 0.5273
-3.2500 -0.3392 0.0266 0.0184 -0.0109 0.8161 0.5428
-3.0000 -0.3138 0.0266 0.0186 -0.0099 0.8025 0.5527
-2.7500 -0.2710 0.0260 0.0179 -0.0117 0.7974 0.5679
-2.5000 -0.2489 0.0260 0.0180 -0.0101 0.7837 0.5788
-2.2500 -0.2190 0.0257 0.0177 -0.0100 0.7746 0.5912
-2.0000 -0.1885 0.0254 0.0175 -0.0098 0.7649 0.6034
-1.7500 -0.1607 0.0253 0.0174 -0.0093 0.7540 0.6146
-1.5000 -0.1317 0.0248 0.0168 -0.0088 0.7451 0.6293
-1.2500 -0.1013 0.0249 0.0171 -0.0085 0.7324 0.6396
-1.0000 -0.0642 0.0245 0.0166 -0.0092 0.7245 0.6530
-0.7500 -0.0467 0.0246 0.0167 -0.0071 0.7111 0.6652
-0.5000 -0.0072 0.0245 0.0166 -0.0082 0.7028 0.6762
-0.2500 0.0123 0.0246 0.0167 -0.0064 0.6902 0.6885
0.0000 0.0376 0.0245 0.0166 -0.0054 0.6799 0.7021
0.2500 0.0745 0.0246 0.0167 -0.0060 0.6688 0.7126
0.5000 0.0989 0.0248 0.0169 -0.0049 0.6566 0.7240
0.7500 0.1312 0.0247 0.0167 -0.0050 0.6474 0.7364
1.0000 0.1515 0.0250 0.0171 -0.0033 0.6350 0.7477
1.2500 0.1939 0.0250 0.0170 -0.0049 0.6261 0.7568
1.5000 0.2095 0.0253 0.0174 -0.0026 0.6137 0.7691
1.7500 0.2427 0.0253 0.0173 -0.0028 0.6048 0.7820
2.0000 0.2728 0.0260 0.0180 -0.0025 0.5921 0.7903
2.2500 0.3127 0.0261 0.0180 -0.0038 0.5830 0.8011
2.5000 0.3277 0.0265 0.0185 -0.0013 0.5715 0.8140
2.7500 0.3808 0.0268 0.0187 -0.0048 0.5617 0.8199
3.0000 0.3974 0.0272 0.0192 -0.0027 0.5507 0.8324
3.2500 0.4509 0.0276 0.0193 -0.0064 0.5407 0.8387
3.5000 0.4707 0.0280 0.0198 -0.0049 0.5294 0.8504
3.7500 0.5256 0.0282 0.0199 -0.0091 0.5194 0.8563
4.0000 0.5442 0.0287 0.0205 -0.0076 0.5087 0.8680
4.2500 0.6028 0.0290 0.0206 -0.0127 0.4989 0.8735
4.5000 0.6257 0.0294 0.0212 -0.0121 0.4884 0.8852
4.7500 0.6804 0.0296 0.0211 -0.0167 0.4786 0.8917
5.0000 0.7044 0.0300 0.0217 -0.0165 0.4681 0.9026
