-5.0000 -0.5036 0.0155 0.0076 -0.0226 0.9912 0.1533
-4.7500 -0.4643 0.0152 0.0075 -0.0253 0.9870 0.1796
-4.5000 -0.4270 0.0149 0.0073 -0.0277 0.9809 0.2088
-4.2500 -0.3864 0.0147 0.0072 -0.0306 0.9762 0.2450
-4.0000 -0.3440 0.0144 0.0072 -0.0341 0.9728 0.2965
-3.7500 -0.3133 0.0141 0.0071 -0.0349 0.9647 0.3404
-3.5000 -0.2737 0.0138 0.0070 -0.0375 0.9598 0.3784
-3.2500 -0.2312 0.0136 0.0069 -0.0406 0.9564 0.4166
-3.0000 -0.1958 0.0134 0.0067 -0.0421 0.9498 0.4496
-2.7500 -0.1604 0.0131 0.0066 -0.0436 0.9432 0.4826
-2.5000 -0.1161 0.0128 0.0065 -0.0468 0.9404 0.5208
-2.2500 -0.0885 0.0126 0.0064 -0.0466 0.9305 0.5531
-2.0000 -0.0498 0.0123 0.0062 -0.0485 0.9261 0.5908
-1.7500 -0.0192 0.0120 0.0061 -0.0487 0.9181 0.6267
-1.5000 0.0143 0.0117 0.0059 -0.0493 0.9110 0.6635
-1.2500 0.0462 0.0114 0.0058 -0.0495 0.9037 0.6994
-1.0000 0.0748 0.0112 0.0057 -0.0490 0.8943 0.7344
-0.7500 0.1033 0.0109 0.0056 -0.0483 0.8857 0.7709
-0.5000 0.1305 0.0107 0.0055 -0.0473 0.8757 0.8095
-0.2500 0.1563 0.0106 0.0054 -0.0458 0.8643 0.8464
0.0000 0.1866 0.0104 0.0053 -0.0451 0.8549 0.8805
0.2500 0.2154 0.0104 0.0053 -0.0444 0.8415 0.9105
0.5000 0.2515 0.0104 0.0053 -0.0452 0.8302 0.9340
0.7500 0.2914 0.0104 0.0052 -0.0469 0.8176 0.9528
1.0000 0.3352 0.0104 0.0052 -0.0497 0.8015 0.9674
1.2500 0.3842 0.0104 0.0051 -0.0537 0.7849 0.9780
1.5000 0.4311 0.0104 0.0050 -0.0574 0.7667 0.9901
1.7500 0.4804 0.0103 0.0049 -0.0617 0.7463 1.0000
2.0000 0.5026 0.0103 0.0048 -0.0606 0.7272 1.0000
2.2500 0.5248 0.0103 0.0047 -0.0595 0.7073 1.0000
2.5000 0.5470 0.0104 0.0047 -0.0584 0.6873 1.0000
2.7500 0.5694 0.0105 0.0047 -0.0572 0.6669 1.0000
3.0000 0.5916 0.0106 0.0047 -0.0560 0.6457 1.0000
3.2500 0.6136 0.0107 0.0047 -0.0548 0.6234 1.0000
3.5000 0.6355 0.0109 0.0048 -0.0535 0.6012 1.0000
3.7500 0.6571 0.0111 0.0049 -0.0521 0.5777 1.0000
4.0000 0.6785 0.0113 0.0050 -0.0508 0.5531 1.0000
4.2500 0.6998 0.0115 0.0051 -0.0494 0.5285 1.0000
4.5000 0.7210 0.0117 0.0053 -0.0480 0.5042 1.0000
4.7500 0.7419 0.0120 0.0055 -0.0465 0.4790 1.0000
5.0000 0.7628 0.0123 0.0057 -0.0451 0.4534 1.0000
