-5.0000 -0.1648 0.0136 0.0065 -0.0798 0.7989 0.2744
-4.7500 -0.1412 0.0135 0.0063 -0.0789 0.7882 0.2833
-4.5000 -0.1135 0.0133 0.0061 -0.0787 0.7794 0.2934
-4.2500 -0.0892 0.0132 0.0060 -0.0779 0.7687 0.3032
-4.0000 -0.0618 0.0131 0.0058 -0.0776 0.7592 0.3143
-3.7500 -0.0377 0.0129 0.0057 -0.0767 0.7483 0.3245
-3.5000 -0.0105 0.0128 0.0055 -0.0764 0.7389 0.3360
-3.2500 0.0141 0.0127 0.0054 -0.0757 0.7285 0.3475
-3.0000 0.0410 0.0126 0.0053 -0.0754 0.7194 0.3595
-2.7500 0.0661 0.0125 0.0053 -0.0747 0.7087 0.3724
-2.5000 0.0931 0.0124 0.0051 -0.0744 0.6993 0.3865
-2.2500 0.1171 0.0123 0.0051 -0.0735 0.6883 0.4000
-2.0000 0.1427 0.0122 0.0050 -0.0729 0.6784 0.4148
-1.7500 0.1679 0.0121 0.0050 -0.0723 0.6682 0.4310
-1.5000 0.1928 0.0121 0.0049 -0.0716 0.6583 0.4495
-1.2500 0.2186 0.0120 0.0049 -0.0711 0.6495 0.4689
-1.0000 0.2431 0.0120 0.0049 -0.0703 0.6400 0.4907
-0.7500 0.2691 0.0119 0.0049 -0.0698 0.6319 0.5136
-0.5000 0.2932 0.0119 0.0049 -0.0690 0.6221 0.5374
-0.2500 0.3179 0.0119 0.0049 -0.0682 0.6130 0.5619
0.0000 0.3426 0.0119 0.0050 -0.0674 0.6040 0.5864
0.2500 0.3682 0.0119 0.0050 -0.0668 0.5959 0.6111
0.5000 0.3922 0.0119 0.0051 -0.0659 0.5871 0.6362
0.7500 0.4176 0.0119 0.0052 -0.0652 0.5793 0.6602
1.0000 0.4424 0.0120 0.0053 -0.0645 0.5713 0.6834
1.2500 0.4669 0.0120 0.0054 -0.0636 0.5632 0.7058
1.5000 0.4924 0.0121 0.0055 -0.0630 0.5560 0.7290
1.7500 0.5163 0.0121 0.0056 -0.0620 0.5484 0.7518
2.0000 0.5419 0.0122 0.0057 -0.0613 0.5416 0.7750
2.2500 0.5659 0.0123 0.0059 -0.0603 0.5346 0.7970
2.5000 0.5899 0.0124 0.0060 -0.0593 0.5278 0.8206
2.7500 0.6158 0.0125 0.0062 -0.0586 0.5216 0.8440
3.0000 0.6379 0.0126 0.0064 -0.0571 0.5146 0.8661
3.2500 0.6620 0.0128 0.0065 -0.0560 0.5077 0.8862
3.5000 0.6882 0.0130 0.0067 -0.0554 0.5013 0.9044
3.7500 0.7136 0.0132 0.0069 -0.0547 0.4943 0.9219
4.0000 0.7433 0.0134 0.0071 -0.0549 0.4876 0.9381
4.2500 0.7748 0.0137 0.0074 -0.0555 0.4811 0.9528
4.5000 0.8146 0.0139 0.0077 -0.0579 0.4737 0.9611
4.7500 0.8514 0.0143 0.0079 -0.0598 0.4669 0.9711
5.0000 0.8959 0.0145 0.0082 -0.0634 0.4582 0.9757
