-5.0000 -0.2332 0.0131 0.0061 -0.0652 0.8591 0.2375
-4.7500 -0.2078 0.0128 0.0059 -0.0646 0.8489 0.2493
-4.5000 -0.1813 0.0126 0.0056 -0.0641 0.8390 0.2620
-4.2500 -0.1546 0.0124 0.0054 -0.0636 0.8289 0.2763
-4.0000 -0.1289 0.0121 0.0052 -0.0630 0.8178 0.2907
-3.7500 -0.1031 0.0119 0.0050 -0.0624 0.8062 0.3066
-3.5000 -0.0773 0.0117 0.0049 -0.0619 0.7950 0.3228
-3.2500 -0.0518 0.0115 0.0047 -0.0613 0.7833 0.3415
-3.0000 -0.0267 0.0113 0.0046 -0.0606 0.7714 0.3642
-2.7500 -0.0018 0.0111 0.0044 -0.0599 0.7591 0.3923
-2.5000 0.0228 0.0109 0.0043 -0.0591 0.7465 0.4238
-2.2500 0.0475 0.0107 0.0042 -0.0583 0.7336 0.4584
-2.0000 0.0723 0.0106 0.0042 -0.0575 0.7207 0.4937
-1.7500 0.0969 0.0105 0.0041 -0.0566 0.7070 0.5291
-1.5000 0.1215 0.0104 0.0041 -0.0558 0.6939 0.5607
-1.2500 0.1466 0.0104 0.0041 -0.0550 0.6809 0.5910
-1.0000 0.1718 0.0103 0.0041 -0.0542 0.6677 0.6174
-0.7500 0.1970 0.0103 0.0041 -0.0534 0.6546 0.6424
-0.5000 0.2225 0.0103 0.0041 -0.0527 0.6425 0.6674
-0.2500 0.2478 0.0103 0.0042 -0.0519 0.6304 0.6921
0.0000 0.2730 0.0104 0.0042 -0.0511 0.6183 0.7169
0.2500 0.2982 0.0104 0.0043 -0.0503 0.6064 0.7414
0.5000 0.3234 0.0104 0.0043 -0.0495 0.5946 0.7645
0.7500 0.3486 0.0105 0.0044 -0.0487 0.5831 0.7874
1.0000 0.3739 0.0106 0.0045 -0.0478 0.5721 0.8087
1.2500 0.3992 0.0107 0.0046 -0.0470 0.5618 0.8298
1.5000 0.4242 0.0108 0.0048 -0.0461 0.5512 0.8508
1.7500 0.4495 0.0109 0.0049 -0.0452 0.5416 0.8714
2.0000 0.4750 0.0111 0.0050 -0.0444 0.5324 0.8911
2.2500 0.5017 0.0113 0.0052 -0.0437 0.5236 0.9087
2.5000 0.5306 0.0115 0.0054 -0.0436 0.5150 0.9240
2.7500 0.5620 0.0117 0.0056 -0.0441 0.5062 0.9368
3.0000 0.5960 0.0120 0.0058 -0.0452 0.4980 0.9477
3.2500 0.6305 0.0123 0.0060 -0.0464 0.4903 0.9592
3.5000 0.6779 0.0125 0.0062 -0.0504 0.4805 0.9645
3.7500 0.7239 0.0128 0.0064 -0.0541 0.4708 0.9714
4.0000 0.7643 0.0131 0.0066 -0.0567 0.4627 0.9794
4.2500 0.8095 0.0132 0.0067 -0.0605 0.4540 0.9835
4.5000 0.8520 0.0134 0.0069 -0.0638 0.4457 0.9885
4.7500 0.8928 0.0136 0.0070 -0.0667 0.4376 0.9939
5.0000 0.9328 0.0138 0.0073 -0.0694 0.4283 0.9989
