-5.0000 -0.2266 0.0134 0.0063 -0.0642 0.8117 0.2773
-4.7500 -0.2011 0.0132 0.0061 -0.0635 0.8009 0.2877
-4.5000 -0.1765 0.0130 0.0059 -0.0628 0.7894 0.2982
-4.2500 -0.1503 0.0128 0.0057 -0.0623 0.7790 0.3095
-4.0000 -0.1256 0.0127 0.0056 -0.0615 0.7671 0.3220
-3.7500 -0.1008 0.0125 0.0054 -0.0608 0.7556 0.3352
-3.5000 -0.0753 0.0123 0.0052 -0.0601 0.7443 0.3500
-3.2500 -0.0511 0.0121 0.0051 -0.0593 0.7322 0.3662
-3.0000 -0.0260 0.0120 0.0050 -0.0586 0.7216 0.3841
-2.7500 -0.0018 0.0118 0.0049 -0.0578 0.7094 0.4053
-2.5000 0.0227 0.0117 0.0048 -0.0570 0.6983 0.4308
-2.2500 0.0472 0.0116 0.0047 -0.0562 0.6871 0.4563
-2.0000 0.0713 0.0115 0.0047 -0.0553 0.6748 0.4817
-1.7500 0.0961 0.0115 0.0047 -0.0545 0.6635 0.5059
-1.5000 0.1209 0.0114 0.0046 -0.0537 0.6519 0.5293
-1.2500 0.1456 0.0114 0.0046 -0.0529 0.6398 0.5513
-1.0000 0.1707 0.0114 0.0046 -0.0522 0.6285 0.5732
-0.7500 0.1956 0.0114 0.0046 -0.0514 0.6172 0.5937
-0.5000 0.2205 0.0114 0.0047 -0.0506 0.6063 0.6139
-0.2500 0.2455 0.0114 0.0047 -0.0498 0.5960 0.6350
0.0000 0.2706 0.0114 0.0048 -0.0491 0.5858 0.6561
0.2500 0.2961 0.0115 0.0049 -0.0485 0.5764 0.6756
0.5000 0.3211 0.0115 0.0049 -0.0477 0.5660 0.6932
0.7500 0.3469 0.0116 0.0050 -0.0471 0.5573 0.7108
1.0000 0.3720 0.0116 0.0051 -0.0464 0.5481 0.7284
1.2500 0.3977 0.0118 0.0052 -0.0458 0.5401 0.7465
1.5000 0.4229 0.0118 0.0053 -0.0450 0.5318 0.7644
1.7500 0.4481 0.0119 0.0054 -0.0443 0.5236 0.7826
2.0000 0.4735 0.0120 0.0055 -0.0436 0.5160 0.8011
2.2500 0.4979 0.0121 0.0057 -0.0426 0.5078 0.8195
2.5000 0.5230 0.0123 0.0058 -0.0418 0.5003 0.8380
2.7500 0.5477 0.0124 0.0060 -0.0409 0.4933 0.8562
3.0000 0.5722 0.0125 0.0062 -0.0399 0.4864 0.8740
3.2500 0.5974 0.0127 0.0063 -0.0391 0.4801 0.8911
3.5000 0.6230 0.0130 0.0066 -0.0384 0.4739 0.9070
3.7500 0.6507 0.0132 0.0068 -0.0381 0.4669 0.9205
4.0000 0.6799 0.0135 0.0070 -0.0381 0.4599 0.9337
4.2500 0.7117 0.0137 0.0073 -0.0388 0.4529 0.9456
4.5000 0.7482 0.0140 0.0076 -0.0405 0.4459 0.9544
4.7500 0.7891 0.0144 0.0078 -0.0432 0.4391 0.9608
5.0000 0.8239 0.0146 0.0081 -0.0447 0.4321 0.9695
