-5.0000 -0.2935 0.0346 0.0267 -0.0623 0.9469 0.1112
-4.7500 -0.2506 0.0323 0.0238 -0.0654 0.9396 0.1152
-4.5000 -0.2119 0.0308 0.0222 -0.0678 0.9312 0.1189
-4.2500 -0.1653 0.0294 0.0206 -0.0711 0.9242 0.1262
-4.0000 -0.1188 0.0280 0.0190 -0.0745 0.9171 0.1335
-3.7500 -0.0907 0.0271 0.0179 -0.0744 0.9041 0.1416
-3.5000 -0.0409 0.0260 0.0168 -0.0782 0.8988 0.1553
-3.2500 -0.0111 0.0253 0.0161 -0.0784 0.8867 0.1682
-3.0000 0.0368 0.0244 0.0152 -0.0817 0.8807 0.1881
-2.7500 0.0743 0.0235 0.0143 -0.0830 0.8715 0.2083
-2.5000 0.1119 0.0226 0.0135 -0.0844 0.8622 0.2286
-2.2500 0.1575 0.0214 0.0125 -0.0869 0.8573 0.2586
-2.0000 0.1812 0.0207 0.0120 -0.0858 0.8428 0.2867
-1.7500 0.2209 0.0192 0.0110 -0.0872 0.8369 0.3485
-1.5000 0.2361 0.0178 0.0110 -0.0840 0.8223 0.6369
-1.2500 0.2928 0.0170 0.0108 -0.0848 0.8170 0.9345
-1.0000 0.4020 0.0166 0.0101 -0.0993 0.8040 1.0000
-0.7500 0.4250 0.0163 0.0097 -0.0981 0.7878 1.0000
-0.5000 0.4501 0.0161 0.0092 -0.0971 0.7720 1.0000
-0.2500 0.4747 0.0159 0.0088 -0.0960 0.7556 1.0000
0.0000 0.4958 0.0159 0.0086 -0.0946 0.7373 1.0000
0.2500 0.5182 0.0159 0.0085 -0.0933 0.7197 1.0000
0.5000 0.5413 0.0160 0.0084 -0.0921 0.7028 1.0000
0.7500 0.5650 0.0161 0.0083 -0.0911 0.6866 1.0000
1.0000 0.5896 0.0163 0.0083 -0.0902 0.6714 1.0000
1.2500 0.6149 0.0164 0.0083 -0.0894 0.6573 1.0000
1.5000 0.6368 0.0167 0.0084 -0.0882 0.6418 1.0000
1.7500 0.6597 0.0170 0.0086 -0.0872 0.6277 1.0000
2.0000 0.6848 0.0172 0.0087 -0.0865 0.6156 1.0000
2.2500 0.7086 0.0175 0.0089 -0.0857 0.6032 1.0000
2.5000 0.7319 0.0179 0.0092 -0.0848 0.5920 1.0000
2.7500 0.7579 0.0182 0.0094 -0.0844 0.5821 1.0000
3.0000 0.7807 0.0187 0.0098 -0.0835 0.5720 1.0000
3.2500 0.8064 0.0190 0.0101 -0.0831 0.5630 1.0000
3.5000 0.8304 0.0195 0.0105 -0.0824 0.5544 1.0000
3.7500 0.8546 0.0199 0.0109 -0.0818 0.5456 1.0000
4.0000 0.8820 0.0203 0.0112 -0.0816 0.5384 1.0000
4.2500 0.9029 0.0208 0.0118 -0.0806 0.5295 1.0000
4.5000 0.9298 0.0213 0.0121 -0.0804 0.5228 1.0000
4.7500 0.9539 0.0219 0.0127 -0.0799 0.5163 1.0000
5.0000 0.9761 0.0224 0.0134 -0.0791 0.5089 1.0000
