-5.0000 -0.6294 0.0284 0.0201 0.0053 0.8900 0.4689
-4.7500 -0.5849 0.0282 0.0200 0.0024 0.8829 0.4819
-4.5000 -0.5483 0.0279 0.0197 0.0009 0.8739 0.4945
-4.2500 -0.5116 0.0276 0.0194 -0.0005 0.8648 0.5072
-4.0000 -0.4537 0.0273 0.0192 -0.0052 0.8612 0.5208
-3.7500 -0.4362 0.0272 0.0191 -0.0032 0.8469 0.5312
-3.5000 -0.3905 0.0266 0.0186 -0.0059 0.8421 0.5462
-3.2500 -0.3665 0.0267 0.0187 -0.0047 0.8286 0.5559
-3.0000 -0.3263 0.0261 0.0181 -0.0063 0.8225 0.5705
-2.7500 -0.2971 0.0261 0.0182 -0.0059 0.8104 0.5809
-2.5000 -0.2605 0.0255 0.0176 -0.0067 0.8020 0.5944
-2.2500 -0.2262 0.0253 0.0175 -0.0071 0.7921 0.6063
-2.0000 -0.1972 0.0249 0.0171 -0.0067 0.7809 0.6183
-1.7500 -0.1544 0.0245 0.0166 -0.0083 0.7749 0.6320
-1.5000 -0.1272 0.0243 0.0164 -0.0076 0.7640 0.6446
-1.2500 -0.1000 0.0241 0.0163 -0.0069 0.7530 0.6572
-1.0000 -0.0752 0.0243 0.0166 -0.0058 0.7385 0.6669
-0.7500 -0.0423 0.0238 0.0159 -0.0059 0.7303 0.6816
-0.5000 -0.0142 0.0240 0.0163 -0.0052 0.7158 0.6909
-0.2500 0.0156 0.0237 0.0158 -0.0049 0.7062 0.7051
0.0000 0.0466 0.0238 0.0161 -0.0046 0.6928 0.7153
0.2500 0.0716 0.0238 0.0160 -0.0035 0.6807 0.7283
0.5000 0.1092 0.0237 0.0159 -0.0042 0.6701 0.7399
0.7500 0.1338 0.0239 0.0161 -0.0030 0.6566 0.7516
1.0000 0.1547 0.0239 0.0160 -0.0013 0.6450 0.7666
1.2500 0.1996 0.0242 0.0163 -0.0031 0.6334 0.7744
1.5000 0.2203 0.0242 0.0163 -0.0014 0.6207 0.7880
1.7500 0.2541 0.0246 0.0168 -0.0017 0.6074 0.7970
2.0000 0.2879 0.0248 0.0168 -0.0021 0.5969 0.8082
2.2500 0.3072 0.0250 0.0170 -0.0002 0.5844 0.8219
2.5000 0.3520 0.0255 0.0175 -0.0024 0.5711 0.8278
2.7500 0.3813 0.0256 0.0175 -0.0021 0.5601 0.8404
3.0000 0.4218 0.0262 0.0181 -0.0039 0.5455 0.8471
3.2500 0.4564 0.0264 0.0181 -0.0046 0.5348 0.8584
3.5000 0.4993 0.0268 0.0186 -0.0069 0.5206 0.8652
3.7500 0.5294 0.0271 0.0188 -0.0072 0.5095 0.8763
4.0000 0.5821 0.0274 0.0190 -0.0115 0.4963 0.8819
4.2500 0.6072 0.0277 0.0194 -0.0112 0.4848 0.8940
4.5000 0.6623 0.0280 0.0194 -0.0160 0.4736 0.8998
4.7500 0.6851 0.0283 0.0199 -0.0154 0.4621 0.9125
5.0000 0.7347 0.0286 0.0201 -0.0195 0.4505 0.9193
