-5.0000 -0.3524 0.0319 0.0229 -0.0658 0.8739 0.2827
-4.7500 -0.3056 0.0314 0.0224 -0.0690 0.8702 0.2971
-4.5000 -0.2947 0.0313 0.0223 -0.0665 0.8577 0.3073
-4.2500 -0.2531 0.0309 0.0219 -0.0688 0.8530 0.3228
-4.0000 -0.2321 0.0309 0.0220 -0.0678 0.8437 0.3337
-3.7500 -0.2005 0.0307 0.0218 -0.0685 0.8367 0.3483
-3.5000 -0.1584 0.0302 0.0214 -0.0708 0.8329 0.3655
-3.2500 -0.1335 0.0301 0.0214 -0.0703 0.8244 0.3799
-3.0000 -0.1086 0.0301 0.0213 -0.0699 0.8160 0.3942
-2.7500 -0.0631 0.0294 0.0207 -0.0725 0.8127 0.4140
-2.5000 -0.0383 0.0294 0.0207 -0.0720 0.8041 0.4304
-2.2500 -0.0135 0.0293 0.0207 -0.0714 0.7956 0.4469
-2.0000 0.0324 0.0286 0.0200 -0.0739 0.7929 0.4702
-1.7500 0.0810 0.0278 0.0194 -0.0767 0.7909 0.4930
-1.5000 0.1033 0.0278 0.0195 -0.0756 0.7821 0.5130
-1.2500 0.1257 0.0278 0.0195 -0.0746 0.7733 0.5330
-1.0000 0.1726 0.0270 0.0188 -0.0769 0.7711 0.5602
-0.7500 0.2028 0.0267 0.0186 -0.0767 0.7645 0.5879
-0.5000 0.2330 0.0263 0.0184 -0.0765 0.7578 0.6157
-0.2500 0.2632 0.0260 0.0182 -0.0763 0.7512 0.6434
0.0000 0.2832 0.0261 0.0184 -0.0745 0.7426 0.6759
0.2500 0.3032 0.0261 0.0186 -0.0727 0.7339 0.7084
0.5000 0.3462 0.0253 0.0179 -0.0737 0.7313 0.7513
0.7500 0.3441 0.0262 0.0190 -0.0685 0.7174 0.7855
1.0000 0.3841 0.0255 0.0184 -0.0686 0.7137 0.8337
1.2500 0.4354 0.0247 0.0177 -0.0706 0.7109 0.8812
1.5000 0.4556 0.0257 0.0187 -0.0695 0.6980 0.9235
1.7500 0.5376 0.0250 0.0179 -0.0779 0.6938 0.9539
2.0000 0.6356 0.0240 0.0168 -0.0896 0.6899 0.9697
2.2500 0.6980 0.0244 0.0172 -0.0970 0.6775 0.9900
2.5000 0.7763 0.0236 0.0162 -0.1061 0.6709 1.0000
2.7500 0.7599 0.0242 0.0168 -0.0996 0.6600 1.0000
3.0000 0.7817 0.0239 0.0164 -0.0986 0.6525 1.0000
3.2500 0.7896 0.0242 0.0166 -0.0953 0.6438 1.0000
3.5000 0.8035 0.0243 0.0167 -0.0929 0.6346 1.0000
3.7500 0.8410 0.0240 0.0162 -0.0942 0.6279 1.0000
4.0000 0.8401 0.0246 0.0168 -0.0894 0.6170 1.0000
4.2500 0.8860 0.0241 0.0162 -0.0920 0.6106 1.0000
4.5000 0.8804 0.0249 0.0171 -0.0864 0.5995 1.0000
4.7500 0.9228 0.0246 0.0166 -0.0884 0.5925 1.0000
5.0000 0.9229 0.0253 0.0174 -0.0838 0.5816 1.0000
