-5.0000 -0.4869 0.0266 0.0171 -0.0194 0.9815 0.1534
-4.7500 -0.4422 0.0260 0.0165 -0.0231 0.9740 0.1660
-4.5000 -0.4001 0.0254 0.0159 -0.0261 0.9650 0.1804
-4.2500 -0.3539 0.0246 0.0152 -0.0298 0.9563 0.1976
-4.0000 -0.3155 0.0239 0.0147 -0.0321 0.9461 0.2156
-3.7500 -0.2702 0.0230 0.0140 -0.0355 0.9384 0.2402
-3.5000 -0.2360 0.0222 0.0135 -0.0369 0.9271 0.2696
-3.2500 -0.2004 0.0210 0.0132 -0.0383 0.9171 0.3884
-3.0000 -0.1647 0.0199 0.0128 -0.0397 0.9071 0.5072
-2.7500 -0.1280 0.0194 0.0128 -0.0399 0.8980 0.6382
-2.5000 -0.0932 0.0192 0.0128 -0.0397 0.8870 0.7042
-2.2500 -0.0591 0.0191 0.0127 -0.0393 0.8763 0.7525
-2.0000 -0.0211 0.0189 0.0126 -0.0393 0.8672 0.7928
-1.7500 0.0109 0.0189 0.0126 -0.0383 0.8553 0.8268
-1.5000 0.0536 0.0188 0.0124 -0.0389 0.8471 0.8587
-1.2500 0.1013 0.0188 0.0123 -0.0406 0.8354 0.8820
-1.0000 0.1491 0.0187 0.0122 -0.0424 0.8237 0.9053
-0.7500 0.2092 0.0186 0.0120 -0.0468 0.8112 0.9235
-0.5000 0.2751 0.0185 0.0117 -0.0528 0.7952 0.9410
-0.2500 0.3377 0.0183 0.0114 -0.0585 0.7775 0.9589
0.0000 0.3923 0.0180 0.0109 -0.0633 0.7582 0.9744
0.2500 0.4445 0.0176 0.0104 -0.0679 0.7373 0.9886
0.5000 0.4991 0.0173 0.0099 -0.0733 0.7137 1.0000
0.7500 0.5170 0.0171 0.0096 -0.0720 0.6922 1.0000
1.0000 0.5356 0.0170 0.0094 -0.0707 0.6714 1.0000
1.2500 0.5549 0.0170 0.0092 -0.0694 0.6512 1.0000
1.5000 0.5745 0.0170 0.0091 -0.0682 0.6319 1.0000
1.7500 0.5942 0.0171 0.0090 -0.0669 0.6137 1.0000
2.0000 0.6138 0.0173 0.0090 -0.0656 0.5965 1.0000
2.2500 0.6337 0.0175 0.0091 -0.0644 0.5808 1.0000
2.5000 0.6542 0.0177 0.0092 -0.0632 0.5666 1.0000
2.7500 0.6754 0.0180 0.0093 -0.0620 0.5534 1.0000
3.0000 0.6953 0.0182 0.0095 -0.0607 0.5398 1.0000
3.2500 0.7150 0.0186 0.0098 -0.0593 0.5270 1.0000
3.5000 0.7356 0.0189 0.0100 -0.0580 0.5158 1.0000
3.7500 0.7585 0.0192 0.0103 -0.0571 0.5064 1.0000
4.0000 0.7776 0.0197 0.0107 -0.0557 0.4959 1.0000
4.2500 0.7988 0.0201 0.0111 -0.0546 0.4868 1.0000
4.5000 0.8205 0.0205 0.0114 -0.0535 0.4778 1.0000
4.7500 0.8406 0.0210 0.0119 -0.0522 0.4689 1.0000
5.0000 0.8630 0.0214 0.0123 -0.0512 0.4604 1.0000
