-5.0000 -0.4347 0.0261 0.0170 -0.0611 1.0000 0.1583
-4.7500 -0.4106 0.0257 0.0166 -0.0610 1.0000 0.1724
-4.5000 -0.3864 0.0254 0.0163 -0.0610 1.0000 0.1883
-4.2500 -0.3620 0.0251 0.0161 -0.0610 1.0000 0.2058
-4.0000 -0.3373 0.0249 0.0159 -0.0610 1.0000 0.2250
-3.7500 -0.3125 0.0247 0.0157 -0.0611 1.0000 0.2465
-3.5000 -0.2883 0.0246 0.0158 -0.0611 1.0000 0.2680
-3.2500 -0.2642 0.0246 0.0158 -0.0611 1.0000 0.2927
-3.0000 -0.2386 0.0246 0.0160 -0.0614 0.9996 0.3188
-2.7500 -0.1928 0.0250 0.0165 -0.0654 0.9931 0.3549
-2.5000 -0.1469 0.0255 0.0170 -0.0693 0.9870 0.3926
-2.2500 -0.1090 0.0257 0.0174 -0.0717 0.9792 0.4257
-2.0000 -0.0628 0.0262 0.0180 -0.0755 0.9734 0.4612
-1.7500 -0.0299 0.0263 0.0183 -0.0768 0.9643 0.4933
-1.5000 0.0132 0.0267 0.0188 -0.0799 0.9576 0.5294
-1.2500 0.0439 0.0270 0.0191 -0.0806 0.9480 0.5602
-1.0000 0.0865 0.0273 0.0196 -0.0834 0.9413 0.5947
-0.7500 0.1155 0.0274 0.0198 -0.0837 0.9311 0.6245
-0.5000 0.1503 0.0275 0.0200 -0.0849 0.9225 0.6567
-0.2500 0.1851 0.0276 0.0202 -0.0862 0.9139 0.6889
0.0000 0.2220 0.0276 0.0203 -0.0876 0.9062 0.7236
0.2500 0.2527 0.0275 0.0203 -0.0878 0.8962 0.7591
0.5000 0.2799 0.0274 0.0203 -0.0872 0.8862 0.7992
0.7500 0.3110 0.0271 0.0202 -0.0869 0.8782 0.8503
1.0000 0.3330 0.0266 0.0200 -0.0852 0.8652 1.0000
1.2500 0.3893 0.0265 0.0197 -0.0910 0.8593 1.0000
1.5000 0.4197 0.0267 0.0197 -0.0921 0.8465 1.0000
1.7500 0.4704 0.0263 0.0193 -0.0960 0.8409 1.0000
2.0000 0.4977 0.0264 0.0194 -0.0961 0.8274 1.0000
2.2500 0.5481 0.0258 0.0188 -0.0994 0.8224 1.0000
2.5000 0.5735 0.0259 0.0188 -0.0989 0.8085 1.0000
2.7500 0.6261 0.0249 0.0178 -0.1020 0.8040 1.0000
3.0000 0.6534 0.0246 0.0175 -0.1014 0.7900 1.0000
3.2500 0.7060 0.0234 0.0163 -0.1043 0.7860 1.0000
3.5000 0.7334 0.0231 0.0161 -0.1036 0.7722 1.0000
3.7500 0.7881 0.0218 0.0148 -0.1068 0.7674 1.0000
4.0000 0.8190 0.0212 0.0143 -0.1064 0.7526 1.0000
4.2500 0.8547 0.0205 0.0136 -0.1065 0.7380 1.0000
4.5000 0.8929 0.0198 0.0129 -0.1072 0.7228 1.0000
4.7500 0.9294 0.0192 0.0123 -0.1077 0.7055 1.0000
5.0000 0.9665 0.0186 0.0117 -0.1082 0.6849 1.0000
