-5.0000 -0.4751 0.0345 0.0255 -0.0585 0.9373 0.3112
-4.7500 -0.4489 0.0343 0.0255 -0.0586 0.9270 0.3212
-4.5000 -0.4052 0.0344 0.0255 -0.0618 0.9200 0.3356
-4.2500 -0.3776 0.0343 0.0255 -0.0621 0.9103 0.3468
-4.0000 -0.3397 0.0343 0.0255 -0.0642 0.9032 0.3611
-3.7500 -0.2925 0.0346 0.0259 -0.0677 0.8992 0.3756
-3.5000 -0.2793 0.0345 0.0257 -0.0657 0.8873 0.3869
-3.2500 -0.2346 0.0346 0.0260 -0.0686 0.8818 0.4022
-3.0000 -0.2133 0.0346 0.0260 -0.0677 0.8705 0.4150
-2.7500 -0.1722 0.0345 0.0260 -0.0699 0.8637 0.4304
-2.5000 -0.1419 0.0345 0.0261 -0.0704 0.8549 0.4451
-2.2500 -0.1117 0.0346 0.0261 -0.0710 0.8462 0.4598
-2.0000 -0.0667 0.0344 0.0260 -0.0736 0.8416 0.4765
-1.7500 -0.0502 0.0346 0.0263 -0.0719 0.8298 0.4874
-1.5000 -0.0119 0.0345 0.0262 -0.0734 0.8236 0.5030
-1.2500 0.0347 0.0341 0.0259 -0.0761 0.8200 0.5210
-1.0000 0.0458 0.0345 0.0263 -0.0736 0.8060 0.5329
-0.7500 0.0892 0.0341 0.0260 -0.0756 0.8014 0.5502
-0.5000 0.1167 0.0340 0.0260 -0.0754 0.7923 0.5656
-0.2500 0.1441 0.0340 0.0260 -0.0752 0.7833 0.5810
0.0000 0.1895 0.0334 0.0254 -0.0772 0.7798 0.5993
0.2500 0.2163 0.0333 0.0254 -0.0766 0.7706 0.6152
0.5000 0.2431 0.0332 0.0254 -0.0761 0.7613 0.6310
0.7500 0.2886 0.0323 0.0245 -0.0778 0.7586 0.6498
1.0000 0.3149 0.0321 0.0244 -0.0770 0.7494 0.6661
1.2500 0.3411 0.0318 0.0242 -0.0762 0.7402 0.6824
1.5000 0.3867 0.0305 0.0230 -0.0777 0.7380 0.7021
1.7500 0.4196 0.0298 0.0223 -0.0775 0.7314 0.7217
2.0000 0.4525 0.0291 0.0217 -0.0774 0.7247 0.7413
2.2500 0.4854 0.0284 0.0210 -0.0772 0.7181 0.7609
2.5000 0.5122 0.0279 0.0206 -0.0761 0.7091 0.7826
2.7500 0.5390 0.0274 0.0202 -0.0749 0.7001 0.8043
3.0000 0.5925 0.0258 0.0186 -0.0774 0.6975 0.8299
3.2500 0.5942 0.0262 0.0192 -0.0726 0.6827 0.8535
3.5000 0.6459 0.0248 0.0177 -0.0747 0.6787 0.8839
3.7500 0.6661 0.0248 0.0178 -0.0728 0.6665 0.9209
4.0000 0.7492 0.0235 0.0165 -0.0815 0.6593 0.9568
4.2500 0.8153 0.0232 0.0162 -0.0887 0.6450 0.9947
4.5000 0.8683 0.0224 0.0152 -0.0935 0.6344 1.0000
4.7500 0.8876 0.0225 0.0152 -0.0927 0.6208 1.0000
5.0000 0.9150 0.0226 0.0152 -0.0930 0.6076 1.0000
