-5.0000 -0.3140 0.0121 0.0058 -0.0390 0.8459 0.3814
-4.7500 -0.2880 0.0119 0.0056 -0.0383 0.8361 0.4015
-4.5000 -0.2637 0.0117 0.0055 -0.0374 0.8238 0.4191
-4.2500 -0.2384 0.0116 0.0053 -0.0365 0.8111 0.4362
-4.0000 -0.2127 0.0115 0.0052 -0.0358 0.7984 0.4517
-3.7500 -0.1865 0.0114 0.0050 -0.0351 0.7862 0.4666
-3.5000 -0.1607 0.0112 0.0049 -0.0344 0.7733 0.4814
-3.2500 -0.1354 0.0112 0.0048 -0.0337 0.7595 0.4963
-3.0000 -0.1099 0.0111 0.0048 -0.0329 0.7459 0.5118
-2.7500 -0.0842 0.0110 0.0047 -0.0322 0.7321 0.5270
-2.5000 -0.0585 0.0110 0.0046 -0.0315 0.7176 0.5413
-2.2500 -0.0326 0.0109 0.0045 -0.0308 0.7036 0.5555
-2.0000 -0.0066 0.0109 0.0044 -0.0302 0.6902 0.5694
-1.7500 0.0194 0.0109 0.0044 -0.0296 0.6767 0.5833
-1.5000 0.0451 0.0109 0.0044 -0.0289 0.6636 0.5988
-1.2500 0.0708 0.0108 0.0044 -0.0282 0.6506 0.6143
-1.0000 0.0961 0.0108 0.0044 -0.0274 0.6371 0.6322
-0.7500 0.1211 0.0108 0.0044 -0.0266 0.6232 0.6509
-0.5000 0.1463 0.0108 0.0044 -0.0258 0.6101 0.6695
-0.2500 0.1718 0.0109 0.0044 -0.0251 0.5976 0.6859
0.0000 0.1972 0.0109 0.0045 -0.0243 0.5840 0.7019
0.2500 0.2227 0.0109 0.0045 -0.0236 0.5709 0.7177
0.5000 0.2482 0.0109 0.0046 -0.0229 0.5582 0.7334
0.7500 0.2735 0.0110 0.0046 -0.0221 0.5451 0.7490
1.0000 0.2987 0.0111 0.0047 -0.0214 0.5319 0.7645
1.2500 0.3238 0.0112 0.0048 -0.0206 0.5192 0.7806
1.5000 0.3484 0.0113 0.0049 -0.0198 0.5058 0.7972
1.7500 0.3732 0.0114 0.0050 -0.0189 0.4923 0.8133
2.0000 0.3976 0.0115 0.0051 -0.0180 0.4790 0.8289
2.2500 0.4215 0.0117 0.0052 -0.0169 0.4653 0.8447
2.5000 0.4459 0.0118 0.0054 -0.0159 0.4514 0.8600
2.7500 0.4696 0.0120 0.0056 -0.0148 0.4381 0.8750
3.0000 0.4930 0.0123 0.0057 -0.0137 0.4247 0.8895
3.2500 0.5172 0.0125 0.0060 -0.0127 0.4116 0.9034
3.5000 0.5412 0.0128 0.0062 -0.0117 0.3997 0.9166
3.7500 0.5692 0.0131 0.0064 -0.0116 0.3875 0.9267
4.0000 0.5963 0.0134 0.0067 -0.0113 0.3763 0.9381
4.2500 0.6294 0.0138 0.0070 -0.0124 0.3647 0.9460
4.5000 0.6616 0.0141 0.0073 -0.0132 0.3542 0.9549
4.7500 0.7006 0.0146 0.0076 -0.0157 0.3433 0.9597
5.0000 0.7396 0.0149 0.0080 -0.0181 0.3334 0.9654
