-5.0000 -0.2991 0.0134 0.0067 -0.0366 0.7588 0.4158
-4.7500 -0.2751 0.0134 0.0065 -0.0357 0.7476 0.4253
-4.5000 -0.2508 0.0133 0.0064 -0.0348 0.7375 0.4348
-4.2500 -0.2268 0.0132 0.0063 -0.0339 0.7259 0.4444
-4.0000 -0.2016 0.0131 0.0062 -0.0331 0.7153 0.4528
-3.7500 -0.1774 0.0131 0.0061 -0.0322 0.7030 0.4614
-3.5000 -0.1520 0.0130 0.0060 -0.0315 0.6918 0.4697
-3.2500 -0.1277 0.0129 0.0060 -0.0307 0.6794 0.4780
-3.0000 -0.1025 0.0129 0.0059 -0.0299 0.6686 0.4873
-2.7500 -0.0782 0.0128 0.0058 -0.0291 0.6571 0.4965
-2.5000 -0.0530 0.0128 0.0057 -0.0284 0.6468 0.5073
-2.2500 -0.0290 0.0127 0.0057 -0.0274 0.6352 0.5165
-2.0000 -0.0039 0.0128 0.0056 -0.0267 0.6245 0.5267
-1.7500 0.0202 0.0127 0.0056 -0.0258 0.6130 0.5361
-1.5000 0.0449 0.0127 0.0056 -0.0250 0.6024 0.5470
-1.2500 0.0693 0.0127 0.0056 -0.0242 0.5921 0.5577
-1.0000 0.0938 0.0127 0.0056 -0.0234 0.5819 0.5686
-0.7500 0.1183 0.0127 0.0056 -0.0226 0.5723 0.5803
-0.5000 0.1425 0.0127 0.0056 -0.0217 0.5619 0.5917
-0.2500 0.1673 0.0128 0.0056 -0.0210 0.5525 0.6026
0.0000 0.1913 0.0128 0.0056 -0.0201 0.5424 0.6140
0.2500 0.2156 0.0128 0.0057 -0.0193 0.5329 0.6257
0.5000 0.2399 0.0128 0.0057 -0.0184 0.5232 0.6364
0.7500 0.2638 0.0129 0.0058 -0.0175 0.5135 0.6479
1.0000 0.2876 0.0129 0.0058 -0.0166 0.5041 0.6602
1.2500 0.3109 0.0130 0.0059 -0.0156 0.4941 0.6733
1.5000 0.3343 0.0131 0.0060 -0.0147 0.4847 0.6856
1.7500 0.3574 0.0131 0.0061 -0.0136 0.4747 0.6977
2.0000 0.3805 0.0132 0.0062 -0.0126 0.4658 0.7106
2.2500 0.4030 0.0133 0.0063 -0.0115 0.4564 0.7240
2.5000 0.4254 0.0134 0.0064 -0.0103 0.4474 0.7381
2.7500 0.4472 0.0135 0.0065 -0.0091 0.4382 0.7522
3.0000 0.4689 0.0136 0.0067 -0.0078 0.4285 0.7651
3.2500 0.4900 0.0138 0.0068 -0.0064 0.4194 0.7790
3.5000 0.5101 0.0139 0.0070 -0.0048 0.4099 0.7941
3.7500 0.5301 0.0141 0.0072 -0.0032 0.4010 0.8087
4.0000 0.5486 0.0143 0.0074 -0.0014 0.3928 0.8231
4.2500 0.5671 0.0145 0.0076 0.0005 0.3842 0.8382
4.5000 0.5847 0.0147 0.0078 0.0025 0.3764 0.8536
4.7500 0.6033 0.0149 0.0081 0.0044 0.3683 0.8693
5.0000 0.6217 0.0153 0.0084 0.0063 0.3608 0.8837
