-5.0000 -0.4656 0.0112 0.0051 -0.0231 0.9320 0.3092
-4.7500 -0.4355 0.0109 0.0049 -0.0234 0.9254 0.3246
-4.5000 -0.4102 0.0106 0.0046 -0.0227 0.9154 0.3392
-4.2500 -0.3831 0.0104 0.0044 -0.0223 0.9064 0.3564
-4.0000 -0.3571 0.0101 0.0043 -0.0217 0.8957 0.3745
-3.7500 -0.3312 0.0099 0.0041 -0.0211 0.8849 0.3926
-3.5000 -0.3052 0.0097 0.0039 -0.0205 0.8735 0.4095
-3.2500 -0.2793 0.0096 0.0038 -0.0199 0.8608 0.4262
-3.0000 -0.2533 0.0094 0.0036 -0.0192 0.8479 0.4446
-2.7500 -0.2275 0.0093 0.0035 -0.0186 0.8334 0.4635
-2.5000 -0.2015 0.0091 0.0034 -0.0180 0.8199 0.4821
-2.2500 -0.1753 0.0090 0.0033 -0.0175 0.8058 0.5000
-2.0000 -0.1494 0.0089 0.0032 -0.0168 0.7909 0.5187
-1.7500 -0.1233 0.0089 0.0032 -0.0163 0.7755 0.5392
-1.5000 -0.0974 0.0088 0.0031 -0.0156 0.7605 0.5585
-1.2500 -0.0713 0.0087 0.0031 -0.0151 0.7445 0.5796
-1.0000 -0.0455 0.0087 0.0030 -0.0144 0.7276 0.5990
-0.7500 -0.0194 0.0086 0.0030 -0.0139 0.7115 0.6176
-0.5000 0.0068 0.0086 0.0030 -0.0133 0.6963 0.6355
-0.2500 0.0330 0.0086 0.0029 -0.0128 0.6807 0.6532
0.0000 0.0591 0.0086 0.0029 -0.0122 0.6644 0.6716
0.2500 0.0851 0.0086 0.0030 -0.0116 0.6480 0.6901
0.5000 0.1110 0.0086 0.0030 -0.0110 0.6319 0.7092
0.7500 0.1371 0.0086 0.0030 -0.0104 0.6159 0.7276
1.0000 0.1632 0.0087 0.0031 -0.0098 0.6006 0.7455
1.2500 0.1891 0.0087 0.0031 -0.0092 0.5853 0.7645
1.5000 0.2150 0.0088 0.0032 -0.0085 0.5697 0.7836
1.7500 0.2409 0.0088 0.0033 -0.0079 0.5543 0.8011
2.0000 0.2669 0.0089 0.0033 -0.0073 0.5382 0.8178
2.2500 0.2930 0.0090 0.0034 -0.0067 0.5228 0.8332
2.5000 0.3192 0.0091 0.0035 -0.0061 0.5083 0.8487
2.7500 0.3450 0.0092 0.0036 -0.0054 0.4943 0.8645
3.0000 0.3708 0.0094 0.0038 -0.0047 0.4807 0.8794
3.2500 0.3965 0.0095 0.0039 -0.0040 0.4669 0.8941
3.5000 0.4219 0.0097 0.0040 -0.0032 0.4538 0.9078
3.7500 0.4487 0.0099 0.0042 -0.0027 0.4390 0.9194
4.0000 0.4766 0.0101 0.0044 -0.0025 0.4230 0.9297
4.2500 0.5049 0.0104 0.0046 -0.0024 0.4073 0.9397
4.5000 0.5330 0.0106 0.0048 -0.0022 0.3924 0.9498
4.7500 0.5687 0.0109 0.0051 -0.0038 0.3752 0.9557
5.0000 0.5994 0.0112 0.0053 -0.0043 0.3593 0.9637
