-5.0000 -0.3966 0.0176 0.0102 -0.0393 0.8496 0.3873
-4.7500 -0.3657 0.0173 0.0098 -0.0396 0.8428 0.3967
-4.5000 -0.3439 0.0171 0.0096 -0.0382 0.8319 0.4060
-4.2500 -0.3143 0.0167 0.0093 -0.0383 0.8243 0.4156
-4.0000 -0.2922 0.0166 0.0091 -0.0370 0.8138 0.4263
-3.7500 -0.2632 0.0163 0.0089 -0.0369 0.8051 0.4356
-3.5000 -0.2389 0.0162 0.0088 -0.0360 0.7948 0.4456
-3.2500 -0.2112 0.0160 0.0086 -0.0357 0.7851 0.4550
-3.0000 -0.1863 0.0158 0.0084 -0.0349 0.7750 0.4651
-2.7500 -0.1595 0.0157 0.0083 -0.0345 0.7652 0.4752
-2.5000 -0.1341 0.0155 0.0081 -0.0338 0.7552 0.4859
-2.2500 -0.1073 0.0154 0.0080 -0.0333 0.7455 0.4970
-2.0000 -0.0820 0.0153 0.0079 -0.0326 0.7346 0.5073
-1.7500 -0.0543 0.0152 0.0077 -0.0323 0.7248 0.5186
-1.5000 -0.0305 0.0151 0.0077 -0.0313 0.7124 0.5286
-1.2500 -0.0043 0.0151 0.0076 -0.0308 0.7023 0.5410
-1.0000 0.0212 0.0150 0.0076 -0.0301 0.6909 0.5515
-0.7500 0.0473 0.0149 0.0075 -0.0295 0.6808 0.5637
-0.5000 0.0728 0.0149 0.0075 -0.0288 0.6699 0.5752
-0.2500 0.0983 0.0148 0.0074 -0.0282 0.6591 0.5868
0.0000 0.1235 0.0148 0.0074 -0.0275 0.6485 0.5995
0.2500 0.1488 0.0148 0.0074 -0.0267 0.6380 0.6122
0.5000 0.1758 0.0148 0.0074 -0.0263 0.6282 0.6250
0.7500 0.1987 0.0148 0.0074 -0.0252 0.6166 0.6386
1.0000 0.2265 0.0148 0.0074 -0.0249 0.6067 0.6517
1.2500 0.2491 0.0148 0.0075 -0.0237 0.5950 0.6639
1.5000 0.2764 0.0149 0.0075 -0.0233 0.5854 0.6773
1.7500 0.2983 0.0149 0.0076 -0.0220 0.5742 0.6920
2.0000 0.3256 0.0150 0.0076 -0.0216 0.5649 0.7066
2.2500 0.3480 0.0151 0.0078 -0.0203 0.5542 0.7203
2.5000 0.3750 0.0152 0.0079 -0.0199 0.5451 0.7343
2.7500 0.3973 0.0153 0.0081 -0.0186 0.5347 0.7489
3.0000 0.4226 0.0154 0.0081 -0.0178 0.5249 0.7640
3.2500 0.4440 0.0155 0.0083 -0.0164 0.5139 0.7796
3.5000 0.4697 0.0156 0.0084 -0.0156 0.5041 0.7938
3.7500 0.4917 0.0158 0.0086 -0.0143 0.4937 0.8074
4.0000 0.5171 0.0159 0.0088 -0.0135 0.4849 0.8217
4.2500 0.5381 0.0161 0.0090 -0.0119 0.4754 0.8374
4.5000 0.5634 0.0164 0.0092 -0.0111 0.4667 0.8515
4.7500 0.5860 0.0166 0.0095 -0.0097 0.4569 0.8645
5.0000 0.6086 0.0168 0.0098 -0.0083 0.4471 0.8775
