-5.0000 0.1726 0.0148 0.0073 -0.1535 0.7641 0.2178
-4.7500 0.2028 0.0146 0.0071 -0.1538 0.7584 0.2252
-4.5000 0.2296 0.0145 0.0070 -0.1535 0.7520 0.2326
-4.2500 0.2543 0.0144 0.0069 -0.1529 0.7449 0.2395
-4.0000 0.2848 0.0143 0.0067 -0.1532 0.7391 0.2474
-3.7500 0.3113 0.0142 0.0067 -0.1529 0.7328 0.2547
-3.5000 0.3359 0.0141 0.0066 -0.1522 0.7256 0.2626
-3.2500 0.3648 0.0140 0.0065 -0.1523 0.7197 0.2710
-3.0000 0.3924 0.0140 0.0064 -0.1522 0.7136 0.2798
-2.7500 0.4161 0.0139 0.0064 -0.1513 0.7063 0.2879
-2.5000 0.4449 0.0138 0.0063 -0.1514 0.6998 0.2967
-2.2500 0.4721 0.0138 0.0063 -0.1512 0.6929 0.3061
-2.0000 0.4950 0.0138 0.0063 -0.1502 0.6852 0.3147
-1.7500 0.5237 0.0138 0.0062 -0.1502 0.6790 0.3250
-1.5000 0.5516 0.0138 0.0062 -0.1502 0.6730 0.3357
-1.2500 0.5740 0.0138 0.0063 -0.1491 0.6660 0.3450
-1.0000 0.6007 0.0138 0.0063 -0.1488 0.6597 0.3554
-0.7500 0.6321 0.0139 0.0062 -0.1495 0.6540 0.3675
-0.5000 0.6530 0.0139 0.0063 -0.1481 0.6477 0.3783
-0.2500 0.6779 0.0139 0.0064 -0.1475 0.6416 0.3897
0.0000 0.7077 0.0139 0.0064 -0.1479 0.6362 0.4021
0.2500 0.7336 0.0140 0.0065 -0.1475 0.6307 0.4153
0.5000 0.7558 0.0140 0.0066 -0.1465 0.6245 0.4284
0.7500 0.7814 0.0140 0.0066 -0.1460 0.6184 0.4431
1.0000 0.8105 0.0141 0.0066 -0.1463 0.6123 0.4598
1.2500 0.8297 0.0141 0.0068 -0.1446 0.6058 0.4763
1.5000 0.8536 0.0141 0.0069 -0.1438 0.6000 0.4968
1.7500 0.8840 0.0142 0.0069 -0.1444 0.5947 0.5237
2.0000 0.9055 0.0143 0.0072 -0.1432 0.5892 0.5520
2.2500 0.9263 0.0143 0.0073 -0.1419 0.5834 0.5861
2.5000 0.9510 0.0143 0.0075 -0.1413 0.5783 0.6286
2.7500 0.9828 0.0144 0.0076 -0.1421 0.5735 0.6841
3.0000 0.9964 0.0144 0.0079 -0.1392 0.5684 0.7472
3.2500 1.0092 0.0143 0.0081 -0.1359 0.5633 0.8345
3.5000 1.0439 0.0143 0.0083 -0.1368 0.5580 0.9932
3.7500 1.0742 0.0146 0.0084 -0.1375 0.5527 1.0000
4.0000 1.0852 0.0147 0.0086 -0.1344 0.5470 1.0000
4.2500 1.1036 0.0149 0.0088 -0.1327 0.5412 1.0000
4.5000 1.1307 0.0152 0.0089 -0.1328 0.5359 1.0000
4.7500 1.1489 0.0154 0.0091 -0.1311 0.5303 1.0000
5.0000 1.1657 0.0157 0.0094 -0.1293 0.5245 1.0000
