-5.0000 0.1156 0.0221 0.0140 -0.0983 0.7613 0.0966
-4.7500 0.1426 0.0215 0.0133 -0.0977 0.7507 0.0990
-4.5000 0.1705 0.0209 0.0125 -0.0972 0.7405 0.1012
-4.2500 0.1965 0.0205 0.0119 -0.0963 0.7293 0.1031
-4.0000 0.2227 0.0201 0.0114 -0.0955 0.7179 0.1048
-3.7500 0.2487 0.0193 0.0106 -0.0948 0.7064 0.1070
-3.5000 0.2742 0.0189 0.0102 -0.0941 0.6946 0.1099
-3.2500 0.2997 0.0187 0.0099 -0.0933 0.6825 0.1141
-3.0000 0.3255 0.0185 0.0096 -0.0924 0.6706 0.1181
-2.7500 0.3508 0.0179 0.0090 -0.0917 0.6589 0.1218
-2.5000 0.3758 0.0177 0.0087 -0.0908 0.6468 0.1260
-2.2500 0.4009 0.0175 0.0084 -0.0899 0.6346 0.1305
-2.0000 0.4244 0.0171 0.0081 -0.0888 0.6222 0.1352
-1.7500 0.4483 0.0169 0.0079 -0.0878 0.6095 0.1408
-1.5000 0.4707 0.0167 0.0076 -0.0865 0.5957 0.1462
-1.2500 0.4934 0.0165 0.0074 -0.0852 0.5820 0.1529
-1.0000 0.5152 0.0163 0.0072 -0.0839 0.5681 0.1598
-0.7500 0.5369 0.0162 0.0070 -0.0826 0.5539 0.1689
-0.5000 0.5581 0.0160 0.0068 -0.0812 0.5396 0.1808
-0.2500 0.5792 0.0158 0.0066 -0.0799 0.5257 0.1991
0.0000 0.5914 0.0147 0.0067 -0.0774 0.5117 0.5219
0.2500 0.6065 0.0144 0.0069 -0.0744 0.4973 0.6748
0.5000 0.6217 0.0143 0.0072 -0.0712 0.4818 0.7815
0.7500 0.6396 0.0145 0.0074 -0.0682 0.4664 0.8615
1.0000 0.6654 0.0148 0.0077 -0.0671 0.4490 0.9149
1.2500 0.7040 0.0153 0.0081 -0.0690 0.4299 0.9499
1.5000 0.7471 0.0159 0.0084 -0.0720 0.4109 0.9755
1.7500 0.8054 0.0165 0.0088 -0.0783 0.3921 0.9918
2.0000 0.8269 0.0169 0.0090 -0.0775 0.3811 0.9959
2.2500 0.8484 0.0172 0.0092 -0.0768 0.3701 1.0000
2.5000 0.8568 0.0175 0.0094 -0.0733 0.3626 1.0000
2.7500 0.8677 0.0178 0.0095 -0.0703 0.3557 1.0000
3.0000 0.8792 0.0180 0.0097 -0.0674 0.3492 1.0000
3.2500 0.8943 0.0184 0.0099 -0.0651 0.3438 1.0000
3.5000 0.9111 0.0187 0.0101 -0.0632 0.3387 1.0000
3.7500 0.9300 0.0190 0.0104 -0.0617 0.3341 1.0000
4.0000 0.9548 0.0195 0.0107 -0.0614 0.3301 1.0000
4.2500 0.9735 0.0198 0.0111 -0.0599 0.3262 1.0000
4.5000 0.9950 0.0202 0.0114 -0.0589 0.3225 1.0000
4.7500 1.0194 0.0206 0.0117 -0.0585 0.3193 1.0000
5.0000 1.0476 0.0211 0.0120 -0.0589 0.3164 1.0000
