-5.0000 -0.3939 0.0118 0.0051 -0.0341 0.9640 0.1178
-4.7500 -0.3545 0.0114 0.0048 -0.0365 0.9608 0.1341
-4.5000 -0.3166 0.0111 0.0045 -0.0387 0.9574 0.1542
-4.2500 -0.2882 0.0107 0.0043 -0.0387 0.9491 0.1760
-4.0000 -0.2544 0.0103 0.0040 -0.0399 0.9436 0.2030
-3.7500 -0.2269 0.0100 0.0038 -0.0397 0.9340 0.2285
-3.5000 -0.1987 0.0096 0.0036 -0.0396 0.9251 0.2586
-3.2500 -0.1714 0.0092 0.0033 -0.0393 0.9159 0.2964
-3.0000 -0.1460 0.0089 0.0031 -0.0387 0.9049 0.3469
-2.7500 -0.1210 0.0084 0.0029 -0.0380 0.8939 0.4149
-2.5000 -0.0966 0.0081 0.0028 -0.0372 0.8807 0.4773
-2.2500 -0.0715 0.0079 0.0027 -0.0364 0.8680 0.5343
-2.0000 -0.0463 0.0076 0.0027 -0.0356 0.8541 0.5803
-1.7500 -0.0205 0.0075 0.0026 -0.0348 0.8401 0.6194
-1.5000 0.0053 0.0074 0.0025 -0.0341 0.8239 0.6525
-1.2500 0.0312 0.0073 0.0025 -0.0333 0.8083 0.6842
-1.0000 0.0569 0.0072 0.0024 -0.0326 0.7913 0.7161
-0.7500 0.0827 0.0071 0.0024 -0.0318 0.7748 0.7473
-0.5000 0.1084 0.0071 0.0024 -0.0309 0.7560 0.7770
-0.2500 0.1336 0.0071 0.0024 -0.0299 0.7371 0.8087
0.0000 0.1588 0.0071 0.0024 -0.0289 0.7155 0.8390
0.2500 0.1843 0.0072 0.0025 -0.0279 0.6951 0.8668
0.5000 0.2105 0.0073 0.0026 -0.0271 0.6745 0.8913
0.7500 0.2381 0.0074 0.0026 -0.0266 0.6529 0.9120
1.0000 0.2650 0.0076 0.0028 -0.0259 0.6329 0.9327
1.2500 0.3016 0.0078 0.0029 -0.0274 0.6125 0.9463
1.5000 0.3369 0.0080 0.0030 -0.0287 0.5909 0.9579
1.7500 0.3673 0.0082 0.0031 -0.0291 0.5682 0.9696
2.0000 0.4100 0.0084 0.0031 -0.0322 0.5450 0.9748
2.2500 0.4520 0.0086 0.0032 -0.0352 0.5239 0.9798
2.5000 0.4920 0.0088 0.0033 -0.0379 0.5027 0.9857
2.7500 0.5312 0.0089 0.0033 -0.0404 0.4823 0.9919
3.0000 0.5694 0.0091 0.0034 -0.0427 0.4637 0.9971
3.2500 0.6044 0.0093 0.0035 -0.0443 0.4477 1.0000
3.5000 0.6275 0.0094 0.0036 -0.0436 0.4351 1.0000
3.7500 0.6505 0.0095 0.0036 -0.0427 0.4224 1.0000
4.0000 0.6734 0.0097 0.0038 -0.0418 0.4096 1.0000
4.2500 0.6960 0.0098 0.0039 -0.0409 0.3965 1.0000
4.5000 0.7185 0.0100 0.0040 -0.0399 0.3825 1.0000
4.7500 0.7409 0.0101 0.0041 -0.0389 0.3685 1.0000
5.0000 0.7632 0.0103 0.0043 -0.0378 0.3564 1.0000
