-5.0000 -0.0437 0.0219 0.0140 -0.1182 0.7878 0.2910
-4.7500 -0.0013 0.0214 0.0135 -0.1207 0.7855 0.2999
-4.5000 0.0431 0.0208 0.0129 -0.1236 0.7835 0.3077
-4.2500 0.0892 0.0204 0.0124 -0.1268 0.7816 0.3175
-4.0000 0.0848 0.0207 0.0128 -0.1208 0.7708 0.3215
-3.7500 0.1212 0.0204 0.0125 -0.1223 0.7673 0.3304
-3.5000 0.1636 0.0199 0.0120 -0.1248 0.7646 0.3387
-3.2500 0.2105 0.0195 0.0115 -0.1282 0.7621 0.3485
-3.0000 0.2135 0.0196 0.0118 -0.1235 0.7523 0.3539
-2.7500 0.2503 0.0193 0.0115 -0.1250 0.7478 0.3628
-2.5000 0.2945 0.0189 0.0110 -0.1279 0.7445 0.3728
-2.2500 0.3107 0.0190 0.0111 -0.1256 0.7372 0.3803
-2.0000 0.3367 0.0189 0.0110 -0.1252 0.7310 0.3894
-1.7500 0.3768 0.0186 0.0107 -0.1273 0.7271 0.3989
-1.5000 0.4110 0.0184 0.0105 -0.1284 0.7225 0.4086
-1.2500 0.4219 0.0185 0.0107 -0.1252 0.7141 0.4156
-1.0000 0.4597 0.0183 0.0104 -0.1269 0.7089 0.4266
-0.7500 0.4940 0.0181 0.0103 -0.1280 0.7035 0.4363
-0.5000 0.5083 0.0182 0.0104 -0.1253 0.6953 0.4449
-0.2500 0.5443 0.0180 0.0102 -0.1268 0.6901 0.4551
0.0000 0.5785 0.0179 0.0101 -0.1279 0.6849 0.4657
0.2500 0.5903 0.0181 0.0103 -0.1248 0.6765 0.4754
0.5000 0.6254 0.0179 0.0101 -0.1260 0.6707 0.4867
0.7500 0.6493 0.0179 0.0102 -0.1252 0.6640 0.4984
1.0000 0.6701 0.0180 0.0102 -0.1238 0.6564 0.5100
1.2500 0.7077 0.0178 0.0101 -0.1255 0.6509 0.5230
1.5000 0.7230 0.0180 0.0103 -0.1232 0.6435 0.5342
1.7500 0.7471 0.0180 0.0103 -0.1224 0.6367 0.5469
2.0000 0.7858 0.0179 0.0102 -0.1244 0.6315 0.5617
2.2500 0.7958 0.0181 0.0105 -0.1210 0.6237 0.5740
2.5000 0.8232 0.0181 0.0105 -0.1209 0.6171 0.5894
2.7500 0.8567 0.0181 0.0105 -0.1219 0.6108 0.6057
3.0000 0.8625 0.0182 0.0108 -0.1178 0.6022 0.6200
3.2500 0.8946 0.0182 0.0107 -0.1185 0.5954 0.6380
3.5000 0.9050 0.0183 0.0110 -0.1152 0.5877 0.6551
3.7500 0.9235 0.0184 0.0111 -0.1134 0.5804 0.6742
4.0000 0.9631 0.0183 0.0110 -0.1155 0.5743 0.6998
4.2500 0.9626 0.0186 0.0115 -0.1103 0.5660 0.7223
4.5000 0.9840 0.0187 0.0117 -0.1089 0.5589 0.7543
4.7500 1.0085 0.0187 0.0118 -0.1081 0.5523 0.7967
5.0000 1.0330 0.0187 0.0119 -0.1073 0.5457 0.8391
