-5.0000 -0.3743 0.0139 0.0071 -0.0412 0.8225 0.3625
-4.7500 -0.3495 0.0137 0.0069 -0.0405 0.8129 0.3713
-4.5000 -0.3247 0.0136 0.0067 -0.0398 0.8032 0.3801
-4.2500 -0.3004 0.0134 0.0066 -0.0390 0.7926 0.3888
-4.0000 -0.2755 0.0133 0.0064 -0.0383 0.7820 0.3980
-3.7500 -0.2505 0.0132 0.0062 -0.0376 0.7714 0.4076
-3.5000 -0.2255 0.0130 0.0061 -0.0369 0.7611 0.4160
-3.2500 -0.2001 0.0129 0.0060 -0.0363 0.7509 0.4250
-3.0000 -0.1745 0.0129 0.0059 -0.0357 0.7410 0.4349
-2.7500 -0.1492 0.0128 0.0058 -0.0351 0.7307 0.4438
-2.5000 -0.1234 0.0127 0.0057 -0.0346 0.7209 0.4531
-2.2500 -0.0984 0.0126 0.0056 -0.0339 0.7100 0.4629
-2.0000 -0.0734 0.0126 0.0055 -0.0332 0.6987 0.4730
-1.7500 -0.0485 0.0125 0.0055 -0.0325 0.6871 0.4826
-1.5000 -0.0236 0.0124 0.0054 -0.0318 0.6758 0.4930
-1.2500 0.0014 0.0124 0.0054 -0.0311 0.6649 0.5040
-1.0000 0.0265 0.0124 0.0054 -0.0304 0.6545 0.5153
-0.7500 0.0520 0.0124 0.0053 -0.0298 0.6446 0.5268
-0.5000 0.0768 0.0123 0.0053 -0.0290 0.6338 0.5379
-0.2500 0.1015 0.0123 0.0053 -0.0283 0.6229 0.5495
0.0000 0.1263 0.0123 0.0053 -0.0276 0.6120 0.5615
0.2500 0.1510 0.0123 0.0053 -0.0268 0.6012 0.5734
0.5000 0.1757 0.0123 0.0053 -0.0260 0.5905 0.5850
0.7500 0.2004 0.0123 0.0054 -0.0253 0.5801 0.5973
1.0000 0.2252 0.0124 0.0054 -0.0246 0.5704 0.6101
1.2500 0.2503 0.0124 0.0054 -0.0239 0.5611 0.6231
1.5000 0.2744 0.0124 0.0055 -0.0231 0.5504 0.6359
1.7500 0.2987 0.0125 0.0055 -0.0222 0.5399 0.6484
2.0000 0.3230 0.0125 0.0056 -0.0214 0.5298 0.6614
2.2500 0.3474 0.0126 0.0056 -0.0206 0.5205 0.6749
2.5000 0.3711 0.0126 0.0057 -0.0197 0.5102 0.6889
2.7500 0.3949 0.0127 0.0058 -0.0188 0.5003 0.7027
3.0000 0.4186 0.0128 0.0059 -0.0179 0.4907 0.7167
3.2500 0.4424 0.0129 0.0060 -0.0170 0.4817 0.7315
3.5000 0.4660 0.0130 0.0062 -0.0160 0.4727 0.7470
3.7500 0.4891 0.0131 0.0063 -0.0149 0.4635 0.7628
4.0000 0.5120 0.0132 0.0065 -0.0138 0.4545 0.7796
4.2500 0.5341 0.0133 0.0066 -0.0126 0.4452 0.7961
4.5000 0.5558 0.0135 0.0068 -0.0112 0.4356 0.8120
4.7500 0.5777 0.0136 0.0070 -0.0099 0.4267 0.8276
5.0000 0.5995 0.0138 0.0073 -0.0086 0.4187 0.8431
