-5.0000 -0.3737 0.0284 0.0193 -0.0565 0.9762 0.1246
-4.7500 -0.3300 0.0276 0.0185 -0.0601 0.9704 0.1342
-4.5000 -0.2942 0.0268 0.0177 -0.0620 0.9615 0.1445
-4.2500 -0.2486 0.0262 0.0170 -0.0656 0.9556 0.1600
-4.0000 -0.2153 0.0257 0.0166 -0.0670 0.9461 0.1759
-3.7500 -0.1728 0.0251 0.0160 -0.0700 0.9390 0.1972
-3.5000 -0.1363 0.0247 0.0157 -0.0719 0.9307 0.2186
-3.2500 -0.0982 0.0243 0.0152 -0.0740 0.9218 0.2448
-3.0000 -0.0500 0.0237 0.0148 -0.0778 0.9169 0.2767
-2.7500 -0.0247 0.0234 0.0146 -0.0775 0.9043 0.3025
-2.5000 0.0215 0.0228 0.0142 -0.0809 0.8990 0.3429
-2.2500 0.0480 0.0224 0.0140 -0.0807 0.8874 0.3785
-2.0000 0.0906 0.0217 0.0136 -0.0833 0.8815 0.4331
-1.7500 0.1233 0.0212 0.0135 -0.0840 0.8730 0.5005
-1.5000 0.1554 0.0205 0.0133 -0.0841 0.8644 0.6125
-1.2500 0.1899 0.0196 0.0131 -0.0829 0.8598 0.7880
-1.0000 0.2477 0.0193 0.0130 -0.0867 0.8519 0.9581
-0.7500 0.3204 0.0189 0.0124 -0.0952 0.8458 1.0000
-0.5000 0.3639 0.0185 0.0118 -0.0977 0.8398 1.0000
-0.2500 0.3823 0.0185 0.0117 -0.0959 0.8253 1.0000
0.0000 0.4251 0.0180 0.0110 -0.0980 0.8193 1.0000
0.2500 0.4429 0.0181 0.0111 -0.0960 0.8046 1.0000
0.5000 0.4715 0.0181 0.0109 -0.0958 0.7945 1.0000
0.7500 0.5009 0.0180 0.0107 -0.0957 0.7843 1.0000
1.0000 0.5262 0.0181 0.0107 -0.0950 0.7728 1.0000
1.2500 0.5589 0.0179 0.0104 -0.0953 0.7637 1.0000
1.5000 0.5814 0.0180 0.0105 -0.0942 0.7509 1.0000
1.7500 0.6157 0.0179 0.0102 -0.0947 0.7427 1.0000
2.0000 0.6359 0.0182 0.0105 -0.0933 0.7298 1.0000
2.2500 0.6671 0.0182 0.0104 -0.0935 0.7213 1.0000
2.5000 0.6902 0.0184 0.0106 -0.0924 0.7090 1.0000
2.7500 0.7169 0.0186 0.0107 -0.0919 0.6984 1.0000
3.0000 0.7443 0.0187 0.0108 -0.0915 0.6876 1.0000
3.2500 0.7682 0.0190 0.0111 -0.0907 0.6764 1.0000
3.5000 0.7974 0.0191 0.0111 -0.0905 0.6670 1.0000
3.7500 0.8198 0.0195 0.0115 -0.0896 0.6558 1.0000
4.0000 0.8510 0.0195 0.0115 -0.0896 0.6462 1.0000
4.2500 0.8720 0.0199 0.0119 -0.0884 0.6333 1.0000
4.5000 0.9007 0.0201 0.0120 -0.0881 0.6234 1.0000
4.7500 0.9239 0.0204 0.0124 -0.0872 0.6116 1.0000
5.0000 0.9487 0.0207 0.0127 -0.0864 0.6001 1.0000
