-5.0000 -0.3684 0.0356 0.0265 -0.0508 0.7777 0.3485
-4.7500 -0.3211 0.0347 0.0257 -0.0535 0.7752 0.3587
-4.5000 -0.2714 0.0337 0.0245 -0.0567 0.7734 0.3707
-4.2500 -0.2531 0.0335 0.0244 -0.0551 0.7641 0.3790
-4.0000 -0.2348 0.0333 0.0242 -0.0534 0.7548 0.3872
-3.7500 -0.1835 0.0323 0.0232 -0.0567 0.7531 0.4000
-3.5000 -0.1577 0.0321 0.0230 -0.0562 0.7461 0.4098
-3.2500 -0.1318 0.0318 0.0229 -0.0558 0.7392 0.4196
-3.0000 -0.1060 0.0316 0.0227 -0.0553 0.7322 0.4294
-2.7500 -0.0536 0.0307 0.0218 -0.0588 0.7304 0.4443
-2.5000 -0.0432 0.0309 0.0221 -0.0560 0.7207 0.4546
-2.2500 -0.0327 0.0312 0.0224 -0.0532 0.7109 0.4648
-2.0000 0.0193 0.0303 0.0215 -0.0565 0.7089 0.4818
-1.7500 0.0709 0.0294 0.0207 -0.0598 0.7070 0.4995
-1.5000 0.0772 0.0299 0.0212 -0.0564 0.6972 0.5114
-1.2500 0.0835 0.0304 0.0218 -0.0530 0.6874 0.5234
-1.0000 0.1368 0.0294 0.0208 -0.0564 0.6852 0.5438
-0.7500 0.0962 0.0316 0.0230 -0.0465 0.6689 0.5492
-0.5000 0.1464 0.0307 0.0222 -0.0492 0.6662 0.5704
-0.2500 0.1998 0.0297 0.0213 -0.0525 0.6638 0.5944
0.0000 0.2539 0.0288 0.0205 -0.0559 0.6616 0.6194
0.2500 0.1982 0.0316 0.0234 -0.0439 0.6452 0.6258
0.5000 0.2498 0.0307 0.0226 -0.0466 0.6427 0.6538
0.7500 0.3055 0.0297 0.0217 -0.0498 0.6404 0.6814
1.0000 0.3006 0.0307 0.0229 -0.0447 0.6312 0.7010
1.2500 0.2958 0.0318 0.0240 -0.0397 0.6221 0.7207
1.5000 0.3509 0.0309 0.0231 -0.0427 0.6199 0.7514
1.7500 0.4114 0.0299 0.0222 -0.0462 0.6176 0.7794
2.0000 0.3409 0.0332 0.0257 -0.0323 0.6018 0.7958
2.2500 0.3972 0.0320 0.0245 -0.0347 0.5995 0.8262
2.5000 0.4660 0.0310 0.0234 -0.0393 0.5973 0.8519
2.7500 0.3814 0.0353 0.0280 -0.0242 0.5814 0.8761
3.0000 0.4496 0.0342 0.0269 -0.0286 0.5795 0.8999
3.2500 0.5448 0.0331 0.0256 -0.0380 0.5777 0.9164
3.5000 0.6559 0.0321 0.0244 -0.0507 0.5750 0.9263
3.7500 0.6172 0.0353 0.0279 -0.0427 0.5616 0.9522
4.0000 0.7423 0.0337 0.0260 -0.0579 0.5580 0.9543
4.2500 0.8244 0.0334 0.0256 -0.0673 0.5523 0.9621
4.5000 0.8545 0.0347 0.0270 -0.0697 0.5424 0.9777
4.7500 0.9472 0.0337 0.0258 -0.0805 0.5370 0.9850
5.0000 0.9947 0.0344 0.0266 -0.0856 0.5284 0.9971
