-5.0000 -0.1116 0.0127 0.0061 -0.0754 0.9130 0.0087
-4.7500 -0.0846 0.0123 0.0057 -0.0748 0.9023 0.0087
-4.5000 -0.0575 0.0120 0.0052 -0.0742 0.8916 0.0087
-4.2500 -0.0303 0.0117 0.0048 -0.0737 0.8809 0.0088
-4.0000 -0.0035 0.0114 0.0045 -0.0731 0.8682 0.0089
-3.7500 0.0233 0.0112 0.0042 -0.0726 0.8548 0.0137
-3.5000 0.0502 0.0109 0.0040 -0.0721 0.8415 0.0184
-3.2500 0.0770 0.0107 0.0037 -0.0716 0.8281 0.0232
-3.0000 0.1042 0.0106 0.0035 -0.0711 0.8130 0.0249
-2.7500 0.1312 0.0104 0.0033 -0.0707 0.7968 0.0269
-2.5000 0.1583 0.0104 0.0032 -0.0702 0.7793 0.0291
-2.2500 0.1852 0.0103 0.0030 -0.0698 0.7610 0.0331
-2.0000 0.2120 0.0102 0.0029 -0.0693 0.7411 0.0348
-1.7500 0.2388 0.0102 0.0028 -0.0688 0.7214 0.0373
-1.5000 0.2654 0.0101 0.0027 -0.0684 0.7010 0.0410
-1.2500 0.2921 0.0101 0.0026 -0.0680 0.6793 0.0465
-1.0000 0.3185 0.0101 0.0026 -0.0676 0.6574 0.0602
-0.7500 0.3450 0.0101 0.0025 -0.0671 0.6334 0.0692
-0.5000 0.3712 0.0102 0.0025 -0.0667 0.6083 0.0788
-0.2500 0.3972 0.0103 0.0025 -0.0662 0.5821 0.0892
0.0000 0.4230 0.0104 0.0025 -0.0657 0.5541 0.1027
0.2500 0.4488 0.0105 0.0025 -0.0653 0.5245 0.1191
0.5000 0.4743 0.0106 0.0026 -0.0648 0.4942 0.1435
0.7500 0.4873 0.0088 0.0027 -0.0626 0.4674 0.7613
1.0000 0.5302 0.0089 0.0029 -0.0655 0.4305 0.8806
1.2500 0.5732 0.0091 0.0030 -0.0683 0.3937 1.0000
1.5000 0.5954 0.0094 0.0031 -0.0672 0.3691 1.0000
1.7500 0.6181 0.0097 0.0032 -0.0662 0.3507 1.0000
2.0000 0.6413 0.0100 0.0034 -0.0653 0.3372 1.0000
2.2500 0.6655 0.0102 0.0035 -0.0646 0.3268 1.0000
2.5000 0.6893 0.0104 0.0036 -0.0638 0.3184 1.0000
2.7500 0.7144 0.0106 0.0038 -0.0632 0.3120 1.0000
3.0000 0.7389 0.0109 0.0039 -0.0626 0.3063 1.0000
3.2500 0.7636 0.0111 0.0041 -0.0620 0.3016 1.0000
3.5000 0.7894 0.0113 0.0043 -0.0616 0.2975 1.0000
3.7500 0.8149 0.0115 0.0044 -0.0612 0.2936 1.0000
4.0000 0.8400 0.0118 0.0046 -0.0607 0.2901 1.0000
4.2500 0.8649 0.0121 0.0049 -0.0603 0.2866 1.0000
4.5000 0.8910 0.0123 0.0051 -0.0600 0.2836 1.0000
4.7500 0.9168 0.0125 0.0053 -0.0596 0.2808 1.0000
5.0000 0.9425 0.0127 0.0056 -0.0593 0.2778 1.0000
