-5.0000 -0.5529 0.0187 0.0099 -0.0102 1.0000 0.2556
-4.7500 -0.5328 0.0182 0.0095 -0.0090 1.0000 0.2881
-4.5000 -0.5122 0.0178 0.0092 -0.0080 1.0000 0.3221
-4.2500 -0.4909 0.0174 0.0090 -0.0070 1.0000 0.3575
-4.0000 -0.4695 0.0170 0.0088 -0.0061 1.0000 0.3926
-3.7500 -0.4481 0.0168 0.0087 -0.0051 1.0000 0.4293
-3.5000 -0.4267 0.0166 0.0087 -0.0041 1.0000 0.4677
-3.2500 -0.4051 0.0164 0.0086 -0.0032 1.0000 0.5069
-3.0000 -0.3837 0.0163 0.0086 -0.0022 1.0000 0.5455
-2.7500 -0.3625 0.0161 0.0087 -0.0011 1.0000 0.5837
-2.5000 -0.3417 0.0161 0.0088 0.0001 1.0000 0.6238
-2.2500 -0.3214 0.0160 0.0090 0.0014 1.0000 0.6658
-2.0000 -0.3019 0.0161 0.0092 0.0030 1.0000 0.7078
-1.7500 -0.2748 0.0163 0.0095 0.0033 0.9965 0.7547
-1.5000 -0.2477 0.0164 0.0098 0.0036 0.9929 0.8016
-1.2500 -0.2077 0.0167 0.0102 0.0020 0.9832 0.8542
-1.0000 -0.1592 0.0171 0.0107 -0.0011 0.9745 0.9063
-0.7500 -0.0964 0.0175 0.0111 -0.0075 0.9666 0.9474
-0.5000 -0.0160 0.0179 0.0113 -0.0177 0.9607 0.9747
-0.2500 0.0751 0.0181 0.0114 -0.0302 0.9569 0.9915
0.0000 0.1433 0.0179 0.0112 -0.0388 0.9470 1.0000
0.2500 0.2031 0.0176 0.0109 -0.0456 0.9380 1.0000
0.5000 0.2470 0.0173 0.0106 -0.0493 0.9237 1.0000
0.7500 0.2908 0.0170 0.0103 -0.0526 0.9092 1.0000
1.0000 0.3319 0.0166 0.0099 -0.0549 0.8934 1.0000
1.2500 0.3690 0.0162 0.0094 -0.0561 0.8763 1.0000
1.5000 0.4001 0.0158 0.0091 -0.0560 0.8580 1.0000
1.7500 0.4276 0.0155 0.0087 -0.0552 0.8394 1.0000
2.0000 0.4496 0.0153 0.0085 -0.0534 0.8177 1.0000
2.2500 0.4720 0.0152 0.0084 -0.0517 0.7958 1.0000
2.5000 0.4950 0.0150 0.0082 -0.0500 0.7738 1.0000
2.7500 0.5184 0.0149 0.0080 -0.0483 0.7509 1.0000
3.0000 0.5409 0.0149 0.0079 -0.0466 0.7269 1.0000
3.2500 0.5624 0.0149 0.0079 -0.0448 0.7014 1.0000
3.5000 0.5846 0.0150 0.0079 -0.0432 0.6758 1.0000
3.7500 0.6072 0.0151 0.0079 -0.0416 0.6500 1.0000
4.0000 0.6283 0.0153 0.0080 -0.0398 0.6215 1.0000
4.2500 0.6495 0.0155 0.0081 -0.0380 0.5920 1.0000
4.5000 0.6703 0.0157 0.0082 -0.0362 0.5613 1.0000
4.7500 0.6906 0.0160 0.0083 -0.0344 0.5297 1.0000
5.0000 0.7106 0.0163 0.0086 -0.0326 0.4975 1.0000
