-5.0000 -0.5870 0.0307 0.0220 -0.0112 0.8779 0.4263
-4.7500 -0.5654 0.0307 0.0221 -0.0101 0.8656 0.4341
-4.5000 -0.5183 0.0302 0.0217 -0.0133 0.8608 0.4474
-4.2500 -0.5015 0.0302 0.0217 -0.0114 0.8483 0.4570
-4.0000 -0.4547 0.0298 0.0214 -0.0145 0.8435 0.4697
-3.7500 -0.4236 0.0295 0.0211 -0.0149 0.8348 0.4808
-3.5000 -0.3926 0.0293 0.0209 -0.0153 0.8261 0.4920
-3.2500 -0.3406 0.0286 0.0203 -0.0190 0.8229 0.5062
-3.0000 -0.3288 0.0287 0.0204 -0.0161 0.8091 0.5164
-2.7500 -0.2797 0.0281 0.0198 -0.0190 0.8048 0.5298
-2.5000 -0.2505 0.0278 0.0196 -0.0188 0.7959 0.5418
-2.2500 -0.2213 0.0275 0.0193 -0.0187 0.7870 0.5538
-2.0000 -0.1749 0.0269 0.0187 -0.0211 0.7830 0.5679
-1.7500 -0.1647 0.0270 0.0188 -0.0181 0.7701 0.5804
-1.5000 -0.1193 0.0265 0.0184 -0.0202 0.7649 0.5929
-1.2500 -0.0903 0.0261 0.0181 -0.0199 0.7560 0.6061
-1.0000 -0.0614 0.0258 0.0178 -0.0196 0.7470 0.6194
-0.7500 -0.0132 0.0253 0.0173 -0.0220 0.7419 0.6330
-0.5000 0.0041 0.0253 0.0174 -0.0197 0.7289 0.6450
-0.2500 0.0424 0.0249 0.0169 -0.0207 0.7219 0.6597
0.0000 0.0613 0.0249 0.0169 -0.0188 0.7100 0.6734
0.2500 0.0973 0.0247 0.0168 -0.0194 0.7016 0.6859
0.5000 0.1238 0.0246 0.0168 -0.0185 0.6908 0.6991
0.7500 0.1568 0.0245 0.0167 -0.0186 0.6822 0.7134
1.0000 0.1798 0.0245 0.0167 -0.0173 0.6710 0.7280
1.2500 0.2091 0.0244 0.0166 -0.0169 0.6620 0.7432
1.5000 0.2396 0.0246 0.0168 -0.0165 0.6508 0.7550
1.7500 0.2678 0.0247 0.0169 -0.0158 0.6403 0.7684
2.0000 0.2990 0.0246 0.0169 -0.0156 0.6302 0.7828
2.2500 0.3193 0.0248 0.0171 -0.0138 0.6191 0.7981
2.5000 0.3625 0.0249 0.0171 -0.0154 0.6093 0.8085
2.7500 0.3840 0.0253 0.0175 -0.0138 0.5976 0.8218
3.0000 0.4181 0.0253 0.0174 -0.0142 0.5884 0.8367
3.2500 0.4505 0.0259 0.0181 -0.0145 0.5763 0.8461
3.5000 0.4911 0.0260 0.0180 -0.0160 0.5670 0.8585
3.7500 0.5196 0.0265 0.0186 -0.0159 0.5546 0.8699
4.0000 0.5742 0.0265 0.0185 -0.0199 0.5442 0.8789
4.2500 0.5899 0.0270 0.0190 -0.0178 0.5317 0.8945
4.5000 0.6532 0.0273 0.0192 -0.0238 0.5195 0.8995
4.7500 0.6919 0.0276 0.0195 -0.0258 0.5078 0.9115
5.0000 0.7409 0.0280 0.0199 -0.0298 0.4958 0.9196
