-5.0000 0.0240 0.0178 0.0097 -0.1134 0.8097 0.1756
-4.7500 0.0538 0.0173 0.0093 -0.1136 0.8018 0.1833
-4.5000 0.0818 0.0170 0.0089 -0.1133 0.7933 0.1918
-4.2500 0.1084 0.0168 0.0087 -0.1129 0.7834 0.2002
-4.0000 0.1389 0.0164 0.0083 -0.1131 0.7754 0.2091
-3.7500 0.1636 0.0162 0.0081 -0.1122 0.7641 0.2183
-3.5000 0.1942 0.0159 0.0077 -0.1125 0.7558 0.2280
-3.2500 0.2180 0.0157 0.0076 -0.1116 0.7437 0.2378
-3.0000 0.2473 0.0155 0.0073 -0.1116 0.7339 0.2498
-2.7500 0.2723 0.0153 0.0071 -0.1108 0.7219 0.2622
-2.5000 0.2992 0.0152 0.0069 -0.1104 0.7110 0.2759
-2.2500 0.3263 0.0150 0.0067 -0.1101 0.7002 0.2909
-2.0000 0.3508 0.0148 0.0066 -0.1093 0.6880 0.3065
-1.7500 0.3769 0.0146 0.0064 -0.1088 0.6770 0.3247
-1.5000 0.4030 0.0144 0.0063 -0.1084 0.6665 0.3475
-1.2500 0.4267 0.0142 0.0062 -0.1075 0.6550 0.3787
-1.0000 0.4500 0.0139 0.0062 -0.1067 0.6441 0.4375
-0.7500 0.4720 0.0136 0.0063 -0.1054 0.6339 0.5479
-0.5000 0.4942 0.0134 0.0063 -0.1039 0.6241 0.6462
-0.2500 0.5157 0.0134 0.0065 -0.1021 0.6139 0.7182
0.0000 0.5386 0.0134 0.0066 -0.1006 0.6050 0.7765
0.2500 0.5629 0.0135 0.0067 -0.0992 0.5967 0.8281
0.5000 0.5873 0.0136 0.0069 -0.0978 0.5876 0.8738
0.7500 0.6201 0.0138 0.0071 -0.0982 0.5799 0.9137
1.0000 0.6587 0.0141 0.0073 -0.1000 0.5710 0.9450
1.2500 0.7049 0.0143 0.0075 -0.1035 0.5624 0.9678
1.5000 0.7580 0.0146 0.0076 -0.1086 0.5539 0.9826
1.7500 0.8114 0.0149 0.0078 -0.1140 0.5458 0.9944
2.0000 0.8488 0.0150 0.0079 -0.1163 0.5392 1.0000
2.2500 0.8686 0.0152 0.0079 -0.1151 0.5341 1.0000
2.5000 0.8838 0.0154 0.0081 -0.1129 0.5283 1.0000
2.7500 0.9035 0.0156 0.0082 -0.1115 0.5231 1.0000
3.0000 0.9283 0.0159 0.0083 -0.1111 0.5186 1.0000
3.2500 0.9440 0.0161 0.0086 -0.1089 0.5129 1.0000
3.5000 0.9648 0.0163 0.0088 -0.1076 0.5074 1.0000
3.7500 0.9904 0.0166 0.0089 -0.1073 0.5027 1.0000
4.0000 1.0073 0.0168 0.0092 -0.1053 0.4972 1.0000
4.2500 1.0298 0.0170 0.0094 -0.1043 0.4922 1.0000
4.5000 1.0573 0.0173 0.0095 -0.1044 0.4879 1.0000
4.7500 1.0759 0.0176 0.0099 -0.1028 0.4828 1.0000
5.0000 1.0984 0.0179 0.0102 -0.1019 0.4779 1.0000
