-5.0000 0.0493 0.0156 0.0084 -0.1548 0.9133 0.0555
-4.7500 0.0863 0.0153 0.0081 -0.1566 0.9123 0.0643
-4.5000 0.1230 0.0149 0.0078 -0.1585 0.9114 0.0743
-4.2500 0.1353 0.0150 0.0079 -0.1556 0.9027 0.0869
-4.0000 0.1694 0.0147 0.0077 -0.1570 0.9006 0.1059
-3.7500 0.2055 0.0143 0.0073 -0.1586 0.8989 0.1220
-3.5000 0.2419 0.0139 0.0070 -0.1603 0.8975 0.1440
-3.2500 0.2780 0.0135 0.0067 -0.1619 0.8961 0.1691
-3.0000 0.2965 0.0136 0.0069 -0.1602 0.8888 0.1893
-2.7500 0.3271 0.0134 0.0067 -0.1607 0.8857 0.2132
-2.5000 0.3599 0.0131 0.0066 -0.1618 0.8836 0.2538
-2.2500 0.3939 0.0128 0.0065 -0.1631 0.8817 0.3059
-2.0000 0.4287 0.0125 0.0063 -0.1643 0.8800 0.3336
-1.7500 0.4500 0.0126 0.0064 -0.1630 0.8732 0.3555
-1.5000 0.4802 0.0124 0.0063 -0.1634 0.8691 0.3829
-1.2500 0.5132 0.0121 0.0061 -0.1642 0.8662 0.4129
-1.0000 0.5472 0.0118 0.0059 -0.1652 0.8638 0.4443
-0.7500 0.5732 0.0118 0.0059 -0.1648 0.8583 0.4733
-0.5000 0.6008 0.0116 0.0058 -0.1646 0.8528 0.5031
-0.2500 0.6328 0.0114 0.0057 -0.1651 0.8490 0.5331
0.0000 0.6668 0.0111 0.0055 -0.1661 0.8460 0.5644
0.2500 0.6894 0.0112 0.0056 -0.1650 0.8387 0.5927
0.5000 0.7185 0.0110 0.0055 -0.1650 0.8337 0.6248
0.7500 0.7505 0.0108 0.0054 -0.1656 0.8300 0.6607
1.0000 0.7747 0.0107 0.0055 -0.1647 0.8231 0.7030
1.2500 0.8002 0.0104 0.0054 -0.1638 0.8166 0.7665
1.5000 0.8301 0.0098 0.0051 -0.1634 0.8117 1.0000
1.7500 0.8541 0.0098 0.0052 -0.1626 0.8024 1.0000
2.0000 0.8858 0.0097 0.0050 -0.1631 0.7956 1.0000
2.2500 0.9112 0.0098 0.0050 -0.1625 0.7865 1.0000
2.5000 0.9409 0.0097 0.0049 -0.1626 0.7781 1.0000
2.7500 0.9664 0.0098 0.0050 -0.1620 0.7676 1.0000
3.0000 0.9965 0.0097 0.0048 -0.1621 0.7579 1.0000
3.2500 1.0203 0.0098 0.0049 -0.1611 0.7451 1.0000
3.5000 1.0464 0.0099 0.0050 -0.1606 0.7335 1.0000
3.7500 1.0738 0.0099 0.0050 -0.1603 0.7219 1.0000
4.0000 1.0989 0.0100 0.0050 -0.1596 0.7072 1.0000
4.2500 1.1210 0.0101 0.0051 -0.1582 0.6863 1.0000
4.5000 1.1398 0.0103 0.0051 -0.1560 0.6517 1.0000
4.7500 1.1554 0.0107 0.0052 -0.1532 0.6062 1.0000
5.0000 1.1720 0.0111 0.0055 -0.1509 0.5679 1.0000
