-5.0000 -0.3482 0.0280 0.0188 -0.0544 0.8980 0.2629
-4.7500 -0.3271 0.0276 0.0185 -0.0533 0.8853 0.2740
-4.5000 -0.2807 0.0269 0.0179 -0.0565 0.8805 0.2919
-4.2500 -0.2573 0.0266 0.0176 -0.0558 0.8689 0.3064
-4.0000 -0.2124 0.0259 0.0170 -0.0587 0.8634 0.3284
-3.7500 -0.1764 0.0253 0.0165 -0.0599 0.8552 0.3508
-3.5000 -0.1405 0.0246 0.0160 -0.0611 0.8470 0.3733
-3.2500 -0.0939 0.0238 0.0153 -0.0639 0.8432 0.4040
-3.0000 -0.0716 0.0234 0.0151 -0.0627 0.8309 0.4290
-2.7500 -0.0289 0.0226 0.0145 -0.0646 0.8267 0.4690
-2.5000 -0.0067 0.0223 0.0144 -0.0631 0.8145 0.5062
-2.2500 0.0241 0.0218 0.0141 -0.0627 0.8058 0.5519
-2.0000 0.0570 0.0212 0.0138 -0.0625 0.7976 0.6056
-1.7500 0.0815 0.0210 0.0137 -0.0607 0.7864 0.6522
-1.5000 0.1178 0.0205 0.0133 -0.0607 0.7800 0.7017
-1.2500 0.1390 0.0205 0.0135 -0.0584 0.7676 0.7392
-1.0000 0.1730 0.0203 0.0133 -0.0578 0.7600 0.7758
-0.7500 0.1985 0.0203 0.0134 -0.0560 0.7483 0.8082
-0.5000 0.2259 0.0204 0.0135 -0.0545 0.7377 0.8397
-0.2500 0.2664 0.0205 0.0135 -0.0551 0.7287 0.8645
0.0000 0.2986 0.0208 0.0137 -0.0549 0.7170 0.8888
0.2500 0.3525 0.0208 0.0135 -0.0584 0.7080 0.9071
0.5000 0.4007 0.0210 0.0138 -0.0617 0.6949 0.9240
0.7500 0.4601 0.0211 0.0136 -0.0670 0.6848 0.9386
1.0000 0.5156 0.0212 0.0137 -0.0721 0.6728 0.9537
1.2500 0.5766 0.0213 0.0136 -0.0785 0.6607 0.9665
1.5000 0.6391 0.0211 0.0132 -0.0850 0.6508 0.9797
1.7500 0.6977 0.0211 0.0133 -0.0916 0.6376 0.9950
2.0000 0.7321 0.0211 0.0131 -0.0936 0.6281 1.0000
2.2500 0.7474 0.0212 0.0132 -0.0921 0.6186 1.0000
2.5000 0.7660 0.0213 0.0132 -0.0910 0.6107 1.0000
2.7500 0.7788 0.0215 0.0134 -0.0889 0.6014 1.0000
3.0000 0.8020 0.0216 0.0133 -0.0883 0.5948 1.0000
3.2500 0.8097 0.0221 0.0139 -0.0854 0.5853 1.0000
3.5000 0.8302 0.0222 0.0139 -0.0842 0.5776 1.0000
3.7500 0.8430 0.0226 0.0143 -0.0818 0.5690 1.0000
4.0000 0.8596 0.0228 0.0145 -0.0799 0.5606 1.0000
4.2500 0.8825 0.0230 0.0146 -0.0790 0.5537 1.0000
4.5000 0.8909 0.0236 0.0152 -0.0759 0.5447 1.0000
4.7500 0.9165 0.0237 0.0152 -0.0753 0.5375 1.0000
5.0000 0.9275 0.0243 0.0158 -0.0725 0.5291 1.0000
