-5.0000 -0.2530 0.0412 0.0328 -0.1161 0.9572 0.1234
-4.7500 -0.2194 0.0405 0.0323 -0.1179 0.9491 0.1287
-4.5000 -0.1838 0.0397 0.0312 -0.1203 0.9440 0.1369
-4.2500 -0.1345 0.0395 0.0308 -0.1248 0.9391 0.1488
-4.0000 -0.1104 0.0392 0.0304 -0.1248 0.9310 0.1588
-3.7500 -0.0698 0.0390 0.0302 -0.1277 0.9249 0.1731
-3.5000 -0.0327 0.0390 0.0302 -0.1298 0.9184 0.1881
-3.2500 -0.0069 0.0390 0.0302 -0.1301 0.9116 0.2012
-3.0000 0.0369 0.0391 0.0302 -0.1333 0.9070 0.2206
-2.7500 0.0603 0.0391 0.0303 -0.1331 0.8996 0.2347
-2.5000 0.0935 0.0392 0.0304 -0.1346 0.8935 0.2528
-2.2500 0.1392 0.0394 0.0306 -0.1380 0.8899 0.2755
-2.0000 0.1539 0.0396 0.0308 -0.1364 0.8809 0.2900
-1.7500 0.1936 0.0396 0.0309 -0.1387 0.8757 0.3130
-1.5000 0.2213 0.0398 0.0312 -0.1390 0.8681 0.3333
-1.2500 0.2535 0.0400 0.0314 -0.1400 0.8610 0.3564
-1.0000 0.3008 0.0400 0.0315 -0.1433 0.8573 0.3849
-0.7500 0.3109 0.0404 0.0319 -0.1409 0.8468 0.4017
-0.5000 0.3503 0.0405 0.0321 -0.1430 0.8424 0.4309
-0.2500 0.3775 0.0408 0.0324 -0.1431 0.8347 0.4562
0.0000 0.4048 0.0410 0.0327 -0.1431 0.8270 0.4816
0.2500 0.4504 0.0408 0.0327 -0.1457 0.8236 0.5149
0.5000 0.4578 0.0415 0.0335 -0.1430 0.8118 0.5356
0.7500 0.4969 0.0415 0.0335 -0.1447 0.8077 0.5700
1.0000 0.5409 0.0412 0.0333 -0.1469 0.8050 0.6067
1.2500 0.5446 0.0420 0.0342 -0.1437 0.7918 0.6310
1.5000 0.5869 0.0415 0.0339 -0.1454 0.7884 0.6739
1.7500 0.6093 0.0415 0.0340 -0.1443 0.7799 0.7225
2.0000 0.6316 0.0414 0.0342 -0.1432 0.7715 0.7711
2.2500 0.6679 0.0402 0.0332 -0.1432 0.7685 1.0000
2.5000 0.6739 0.0415 0.0344 -0.1411 0.7544 1.0000
2.7500 0.7196 0.0411 0.0339 -0.1438 0.7511 1.0000
3.0000 0.7458 0.0413 0.0341 -0.1436 0.7425 1.0000
3.2500 0.7720 0.0416 0.0343 -0.1434 0.7339 1.0000
3.5000 0.7982 0.0418 0.0344 -0.1431 0.7252 1.0000
3.7500 0.8244 0.0420 0.0346 -0.1429 0.7166 1.0000
4.0000 0.8683 0.0412 0.0338 -0.1446 0.7136 1.0000
4.2500 0.9114 0.0404 0.0329 -0.1461 0.7106 1.0000
4.5000 0.9390 0.0402 0.0328 -0.1457 0.7025 1.0000
4.7500 0.9667 0.0400 0.0326 -0.1452 0.6943 1.0000
5.0000 1.0165 0.0382 0.0307 -0.1469 0.6926 1.0000
