-5.0000 -0.3768 0.0526 0.0441 -0.0899 0.8120 0.2885
-4.7500 -0.3342 0.0526 0.0441 -0.0923 0.8075 0.2963
-4.5000 -0.3115 0.0525 0.0440 -0.0920 0.7993 0.3025
-4.2500 -0.2888 0.0525 0.0440 -0.0918 0.7910 0.3088
-4.0000 -0.2438 0.0521 0.0434 -0.0948 0.7870 0.3185
-3.7500 -0.1956 0.0522 0.0435 -0.0977 0.7846 0.3273
-3.5000 -0.2094 0.0527 0.0439 -0.0933 0.7719 0.3320
-3.2500 -0.1735 0.0528 0.0442 -0.0943 0.7677 0.3387
-3.0000 -0.1272 0.0526 0.0439 -0.0972 0.7650 0.3490
-2.7500 -0.1108 0.0529 0.0442 -0.0962 0.7566 0.3561
-2.5000 -0.0944 0.0532 0.0445 -0.0952 0.7481 0.3632
-2.2500 -0.0492 0.0530 0.0443 -0.0974 0.7451 0.3726
-2.0000 -0.0323 0.0534 0.0447 -0.0964 0.7368 0.3798
-1.7500 -0.0154 0.0539 0.0452 -0.0954 0.7285 0.3869
-1.5000 0.0278 0.0536 0.0449 -0.0975 0.7258 0.3974
-1.2500 0.0442 0.0542 0.0456 -0.0965 0.7177 0.4053
-1.0000 0.0606 0.0548 0.0462 -0.0956 0.7097 0.4132
-0.7500 0.1052 0.0544 0.0457 -0.0977 0.7070 0.4256
-0.5000 0.1217 0.0550 0.0464 -0.0967 0.6988 0.4338
-0.2500 0.1382 0.0556 0.0470 -0.0957 0.6907 0.4420
0.0000 0.1831 0.0551 0.0465 -0.0977 0.6883 0.4547
0.2500 0.1980 0.0559 0.0473 -0.0966 0.6801 0.4629
0.5000 0.2129 0.0567 0.0481 -0.0955 0.6718 0.4711
0.7500 0.2576 0.0559 0.0475 -0.0970 0.6696 0.4818
1.0000 0.2731 0.0566 0.0483 -0.0959 0.6609 0.4907
1.2500 0.2885 0.0574 0.0490 -0.0948 0.6523 0.4996
1.5000 0.3322 0.0567 0.0483 -0.0965 0.6503 0.5137
1.7500 0.3419 0.0581 0.0496 -0.0951 0.6415 0.5231
2.0000 0.3516 0.0594 0.0510 -0.0937 0.6327 0.5324
2.2500 0.3934 0.0586 0.0503 -0.0948 0.6307 0.5463
2.5000 0.4156 0.0590 0.0507 -0.0943 0.6240 0.5584
2.7500 0.4379 0.0594 0.0512 -0.0938 0.6174 0.5704
3.0000 0.4601 0.0598 0.0516 -0.0933 0.6107 0.5825
3.2500 0.5061 0.0585 0.0504 -0.0946 0.6094 0.5986
3.5000 0.5142 0.0600 0.0519 -0.0932 0.6000 0.6099
3.7500 0.5223 0.0615 0.0534 -0.0917 0.5907 0.6211
4.0000 0.5680 0.0600 0.0520 -0.0928 0.5895 0.6385
4.2500 0.6137 0.0585 0.0506 -0.0939 0.5883 0.6559
4.5000 0.6594 0.0570 0.0492 -0.0950 0.5871 0.6733
4.7500 0.7051 0.0555 0.0478 -0.0961 0.5859 0.6907
5.0000 0.7508 0.0540 0.0464 -0.0972 0.5847 0.7081
