-5.0000 -0.3370 0.0114 0.0050 -0.0498 0.8692 0.2893
-4.7500 -0.3115 0.0112 0.0049 -0.0491 0.8589 0.3008
-4.5000 -0.2855 0.0110 0.0047 -0.0486 0.8489 0.3131
-4.2500 -0.2593 0.0109 0.0046 -0.0481 0.8386 0.3258
-4.0000 -0.2329 0.0107 0.0044 -0.0477 0.8285 0.3394
-3.7500 -0.2066 0.0105 0.0043 -0.0472 0.8185 0.3535
-3.5000 -0.1803 0.0104 0.0041 -0.0468 0.8075 0.3681
-3.2500 -0.1537 0.0103 0.0040 -0.0464 0.7965 0.3829
-3.0000 -0.1274 0.0102 0.0039 -0.0459 0.7842 0.3976
-2.7500 -0.1015 0.0101 0.0038 -0.0453 0.7719 0.4113
-2.5000 -0.0751 0.0100 0.0037 -0.0449 0.7601 0.4255
-2.2500 -0.0485 0.0099 0.0037 -0.0445 0.7486 0.4399
-2.0000 -0.0223 0.0098 0.0036 -0.0440 0.7368 0.4541
-1.7500 0.0041 0.0098 0.0035 -0.0436 0.7248 0.4697
-1.5000 0.0305 0.0097 0.0035 -0.0431 0.7130 0.4850
-1.2500 0.0566 0.0097 0.0034 -0.0426 0.7005 0.5010
-1.0000 0.0826 0.0096 0.0034 -0.0421 0.6883 0.5181
-0.7500 0.1086 0.0096 0.0034 -0.0415 0.6760 0.5387
-0.5000 0.1342 0.0095 0.0034 -0.0409 0.6640 0.5587
-0.2500 0.1601 0.0095 0.0034 -0.0404 0.6519 0.5798
0.0000 0.1860 0.0095 0.0034 -0.0398 0.6401 0.5997
0.2500 0.2119 0.0095 0.0034 -0.0393 0.6288 0.6182
0.5000 0.2380 0.0095 0.0034 -0.0388 0.6178 0.6376
0.7500 0.2639 0.0095 0.0035 -0.0382 0.6070 0.6568
1.0000 0.2895 0.0095 0.0035 -0.0376 0.5956 0.6768
1.2500 0.3151 0.0095 0.0036 -0.0369 0.5835 0.6978
1.5000 0.3405 0.0095 0.0036 -0.0363 0.5722 0.7194
1.7500 0.3660 0.0096 0.0037 -0.0356 0.5607 0.7402
2.0000 0.3914 0.0096 0.0038 -0.0349 0.5494 0.7603
2.2500 0.4168 0.0097 0.0039 -0.0342 0.5381 0.7804
2.5000 0.4421 0.0097 0.0040 -0.0335 0.5275 0.8014
2.7500 0.4674 0.0098 0.0041 -0.0327 0.5172 0.8211
3.0000 0.4924 0.0099 0.0042 -0.0319 0.5068 0.8414
3.2500 0.5172 0.0100 0.0044 -0.0310 0.4960 0.8608
3.5000 0.5412 0.0102 0.0045 -0.0300 0.4852 0.8802
3.7500 0.5665 0.0103 0.0047 -0.0291 0.4732 0.8971
4.0000 0.5918 0.0105 0.0048 -0.0283 0.4613 0.9128
4.2500 0.6162 0.0107 0.0050 -0.0274 0.4489 0.9289
4.5000 0.6462 0.0110 0.0053 -0.0276 0.4356 0.9405
4.7500 0.6742 0.0112 0.0055 -0.0276 0.4233 0.9522
5.0000 0.7108 0.0115 0.0057 -0.0294 0.4097 0.9590
