-5.0000 0.0303 0.0179 0.0096 -0.1019 0.7755 0.1860
-4.7500 0.0566 0.0176 0.0094 -0.1014 0.7654 0.1932
-4.5000 0.0829 0.0173 0.0090 -0.1009 0.7550 0.2008
-4.2500 0.1092 0.0170 0.0087 -0.1004 0.7446 0.2086
-4.0000 0.1354 0.0167 0.0084 -0.0998 0.7341 0.2167
-3.7500 0.1612 0.0165 0.0082 -0.0993 0.7233 0.2255
-3.5000 0.1868 0.0163 0.0079 -0.0987 0.7124 0.2350
-3.2500 0.2126 0.0160 0.0077 -0.0981 0.7017 0.2452
-3.0000 0.2374 0.0158 0.0075 -0.0974 0.6904 0.2569
-2.7500 0.2611 0.0156 0.0073 -0.0965 0.6783 0.2702
-2.5000 0.2848 0.0154 0.0071 -0.0956 0.6666 0.2855
-2.2500 0.3080 0.0151 0.0069 -0.0947 0.6549 0.3044
-2.0000 0.3303 0.0148 0.0067 -0.0936 0.6432 0.3330
-1.7500 0.3509 0.0144 0.0067 -0.0923 0.6320 0.4057
-1.5000 0.3702 0.0141 0.0067 -0.0906 0.6205 0.5235
-1.2500 0.3911 0.0140 0.0068 -0.0889 0.6088 0.5968
-1.0000 0.4127 0.0139 0.0069 -0.0874 0.5965 0.6450
-0.7500 0.4355 0.0140 0.0070 -0.0861 0.5851 0.6834
-0.5000 0.4580 0.0141 0.0071 -0.0847 0.5739 0.7174
-0.2500 0.4808 0.0141 0.0072 -0.0833 0.5634 0.7492
0.0000 0.5039 0.0143 0.0073 -0.0820 0.5534 0.7791
0.2500 0.5268 0.0144 0.0074 -0.0807 0.5436 0.8072
0.5000 0.5496 0.0146 0.0076 -0.0792 0.5344 0.8358
0.7500 0.5730 0.0148 0.0078 -0.0779 0.5260 0.8647
1.0000 0.5989 0.0150 0.0080 -0.0770 0.5180 0.8906
1.2500 0.6266 0.0153 0.0082 -0.0766 0.5096 0.9147
1.5000 0.6595 0.0156 0.0085 -0.0773 0.5018 0.9361
1.7500 0.7006 0.0160 0.0087 -0.0799 0.4943 0.9513
2.0000 0.7462 0.0163 0.0090 -0.0835 0.4875 0.9631
2.2500 0.7951 0.0167 0.0093 -0.0880 0.4801 0.9730
2.5000 0.8485 0.0171 0.0096 -0.0933 0.4737 0.9825
2.7500 0.9034 0.0174 0.0098 -0.0991 0.4677 0.9911
3.0000 0.9556 0.0177 0.0101 -0.1045 0.4616 0.9987
3.2500 0.9791 0.0179 0.0102 -0.1043 0.4575 1.0000
3.5000 0.9900 0.0180 0.0104 -0.1017 0.4535 1.0000
3.7500 1.0043 0.0182 0.0105 -0.0995 0.4495 1.0000
4.0000 1.0247 0.0185 0.0106 -0.0985 0.4460 1.0000
4.2500 1.0345 0.0187 0.0108 -0.0954 0.4416 1.0000
4.5000 1.0537 0.0189 0.0110 -0.0940 0.4377 1.0000
4.7500 1.0707 0.0192 0.0112 -0.0923 0.4338 1.0000
5.0000 1.0867 0.0194 0.0115 -0.0903 0.4298 1.0000
