-5.0000 -0.2504 0.0417 0.0329 -0.1032 0.8462 0.2358
-4.7500 -0.2048 0.0414 0.0325 -0.1064 0.8433 0.2461
-4.5000 -0.2075 0.0416 0.0327 -0.1023 0.8325 0.2514
-4.2500 -0.1705 0.0415 0.0326 -0.1040 0.8280 0.2608
-4.0000 -0.1253 0.0412 0.0323 -0.1068 0.8250 0.2729
-3.7500 -0.1214 0.0415 0.0325 -0.1039 0.8141 0.2806
-3.5000 -0.0860 0.0415 0.0325 -0.1052 0.8092 0.2926
-3.2500 -0.0428 0.0412 0.0323 -0.1075 0.8062 0.3055
-3.0000 -0.0391 0.0419 0.0330 -0.1045 0.7959 0.3121
-2.7500 -0.0053 0.0417 0.0328 -0.1057 0.7906 0.3252
-2.5000 0.0371 0.0415 0.0325 -0.1078 0.7874 0.3402
-2.2500 0.0547 0.0419 0.0330 -0.1067 0.7796 0.3505
-2.0000 0.0723 0.0423 0.0335 -0.1056 0.7719 0.3608
-1.7500 0.1135 0.0420 0.0332 -0.1075 0.7684 0.3761
-1.5000 0.1491 0.0419 0.0331 -0.1086 0.7640 0.3913
-1.2500 0.1533 0.0428 0.0340 -0.1059 0.7525 0.4013
-1.0000 0.1947 0.0424 0.0336 -0.1076 0.7488 0.4189
-0.7500 0.2407 0.0418 0.0330 -0.1098 0.7465 0.4377
-0.5000 0.2560 0.0424 0.0337 -0.1084 0.7379 0.4503
-0.2500 0.2713 0.0430 0.0344 -0.1070 0.7292 0.4629
0.0000 0.3140 0.0425 0.0339 -0.1087 0.7269 0.4835
0.2500 0.3287 0.0432 0.0347 -0.1073 0.7182 0.4975
0.5000 0.3434 0.0440 0.0355 -0.1059 0.7094 0.5115
0.7500 0.3870 0.0432 0.0348 -0.1075 0.7068 0.5342
1.0000 0.4334 0.0422 0.0339 -0.1093 0.7052 0.5594
1.2500 0.4464 0.0430 0.0348 -0.1076 0.6958 0.5781
1.5000 0.4594 0.0438 0.0357 -0.1059 0.6864 0.5968
1.7500 0.5027 0.0428 0.0348 -0.1072 0.6848 0.6252
2.0000 0.5297 0.0425 0.0347 -0.1064 0.6794 0.6651
2.2500 0.5566 0.0421 0.0345 -0.1056 0.6740 0.7050
2.5000 0.5836 0.0418 0.0343 -0.1049 0.6686 0.7449
2.7500 0.6105 0.0415 0.0342 -0.1041 0.6632 0.7848
3.0000 0.6375 0.0412 0.0341 -0.1033 0.6578 0.8247
3.2500 0.6644 0.0409 0.0339 -0.1026 0.6524 0.8646
3.5000 0.6914 0.0405 0.0338 -0.1018 0.6470 0.9045
3.7500 0.7183 0.0402 0.0336 -0.1010 0.6416 0.9444
4.0000 0.7453 0.0399 0.0335 -0.1002 0.6362 0.9843
4.2500 0.7722 0.0396 0.0333 -0.0994 0.6308 1.0242
4.5000 0.7992 0.0392 0.0332 -0.0987 0.6254 1.0641
4.7500 0.8261 0.0389 0.0330 -0.0979 0.6200 1.1040
5.0000 0.8531 0.0386 0.0329 -0.0971 0.6146 1.1439
