-5.0000 -0.1874 0.0115 0.0047 -0.0756 0.8877 0.1119
-4.7500 -0.1601 0.0112 0.0044 -0.0753 0.8792 0.1221
-4.5000 -0.1331 0.0110 0.0043 -0.0750 0.8701 0.1342
-4.2500 -0.1063 0.0108 0.0041 -0.0746 0.8596 0.1473
-4.0000 -0.0795 0.0106 0.0039 -0.0742 0.8490 0.1618
-3.7500 -0.0520 0.0104 0.0037 -0.0739 0.8389 0.1803
-3.5000 -0.0256 0.0102 0.0037 -0.0736 0.8272 0.2042
-3.2500 0.0016 0.0100 0.0035 -0.0733 0.8166 0.2251
-3.0000 0.0286 0.0099 0.0034 -0.0730 0.8043 0.2445
-2.7500 0.0553 0.0097 0.0033 -0.0726 0.7916 0.2651
-2.5000 0.0821 0.0096 0.0031 -0.0723 0.7786 0.2889
-2.2500 0.1085 0.0094 0.0030 -0.0719 0.7652 0.3183
-2.0000 0.1344 0.0092 0.0029 -0.0714 0.7520 0.3576
-1.7500 0.1595 0.0089 0.0028 -0.0708 0.7384 0.4245
-1.5000 0.1842 0.0086 0.0028 -0.0702 0.7244 0.5019
-1.2500 0.2092 0.0084 0.0028 -0.0695 0.7102 0.5680
-1.0000 0.2344 0.0083 0.0028 -0.0687 0.6956 0.6234
-0.7500 0.2595 0.0083 0.0028 -0.0679 0.6812 0.6721
-0.5000 0.2843 0.0082 0.0028 -0.0670 0.6649 0.7192
-0.2500 0.3089 0.0081 0.0029 -0.0660 0.6486 0.7633
0.0000 0.3335 0.0081 0.0029 -0.0649 0.6328 0.8037
0.2500 0.3582 0.0082 0.0030 -0.0639 0.6180 0.8398
0.5000 0.3829 0.0083 0.0031 -0.0628 0.6040 0.8738
0.7500 0.4085 0.0084 0.0032 -0.0619 0.5898 0.9048
1.0000 0.4365 0.0085 0.0032 -0.0615 0.5764 0.9295
1.2500 0.4671 0.0087 0.0034 -0.0618 0.5638 0.9494
1.5000 0.5040 0.0089 0.0035 -0.0635 0.5508 0.9638
1.7500 0.5442 0.0090 0.0036 -0.0660 0.5388 0.9748
2.0000 0.5872 0.0092 0.0037 -0.0691 0.5277 0.9829
2.2500 0.6290 0.0094 0.0038 -0.0721 0.5165 0.9900
2.5000 0.6742 0.0096 0.0039 -0.0759 0.5050 0.9958
2.7500 0.7130 0.0097 0.0040 -0.0783 0.4946 1.0000
3.0000 0.7342 0.0098 0.0040 -0.0771 0.4856 1.0000
3.2500 0.7553 0.0100 0.0041 -0.0758 0.4774 1.0000
3.5000 0.7769 0.0101 0.0042 -0.0747 0.4686 1.0000
3.7500 0.7982 0.0103 0.0043 -0.0734 0.4607 1.0000
4.0000 0.8203 0.0104 0.0044 -0.0723 0.4523 1.0000
4.2500 0.8418 0.0106 0.0045 -0.0710 0.4448 1.0000
4.5000 0.8645 0.0107 0.0046 -0.0700 0.4371 1.0000
4.7500 0.8864 0.0109 0.0048 -0.0688 0.4297 1.0000
5.0000 0.9090 0.0110 0.0049 -0.0678 0.4226 1.0000
