-5.0000 -0.1844 0.0115 0.0048 -0.0750 0.8599 0.1578
-4.7500 -0.1576 0.0113 0.0047 -0.0747 0.8502 0.1711
-4.5000 -0.1304 0.0111 0.0045 -0.0743 0.8402 0.1836
-4.2500 -0.1041 0.0109 0.0043 -0.0739 0.8292 0.1956
-4.0000 -0.0771 0.0107 0.0041 -0.0735 0.8189 0.2084
-3.7500 -0.0505 0.0106 0.0039 -0.0731 0.8071 0.2223
-3.5000 -0.0239 0.0104 0.0038 -0.0727 0.7952 0.2376
-3.2500 0.0030 0.0103 0.0037 -0.0723 0.7834 0.2539
-3.0000 0.0296 0.0101 0.0035 -0.0719 0.7709 0.2714
-2.7500 0.0560 0.0100 0.0034 -0.0715 0.7576 0.2909
-2.5000 0.0823 0.0099 0.0033 -0.0711 0.7449 0.3153
-2.2500 0.1085 0.0097 0.0032 -0.0706 0.7322 0.3396
-2.0000 0.1338 0.0095 0.0031 -0.0701 0.7186 0.3784
-1.7500 0.1585 0.0093 0.0030 -0.0694 0.7051 0.4377
-1.5000 0.1832 0.0091 0.0030 -0.0687 0.6917 0.4971
-1.2500 0.2080 0.0089 0.0030 -0.0679 0.6784 0.5507
-1.0000 0.2331 0.0088 0.0030 -0.0672 0.6642 0.5972
-0.7500 0.2583 0.0088 0.0030 -0.0665 0.6500 0.6363
-0.5000 0.2836 0.0088 0.0031 -0.0657 0.6361 0.6726
-0.2500 0.3087 0.0088 0.0031 -0.0649 0.6228 0.7067
0.0000 0.3341 0.0088 0.0031 -0.0642 0.6099 0.7389
0.2500 0.3595 0.0088 0.0032 -0.0634 0.5966 0.7697
0.5000 0.3844 0.0088 0.0033 -0.0625 0.5838 0.8011
0.7500 0.4088 0.0089 0.0034 -0.0614 0.5713 0.8338
1.0000 0.4336 0.0090 0.0035 -0.0604 0.5582 0.8635
1.2500 0.4587 0.0091 0.0036 -0.0595 0.5466 0.8917
1.5000 0.4847 0.0092 0.0037 -0.0587 0.5360 0.9167
1.7500 0.5132 0.0094 0.0038 -0.0585 0.5259 0.9366
2.0000 0.5455 0.0096 0.0040 -0.0592 0.5161 0.9506
2.2500 0.5828 0.0098 0.0041 -0.0610 0.5068 0.9632
2.5000 0.6220 0.0100 0.0043 -0.0633 0.4972 0.9742
2.7500 0.6670 0.0102 0.0044 -0.0669 0.4879 0.9801
3.0000 0.7065 0.0104 0.0046 -0.0694 0.4792 0.9872
3.2500 0.7494 0.0106 0.0047 -0.0726 0.4715 0.9916
3.5000 0.7940 0.0107 0.0048 -0.0763 0.4633 0.9967
3.7500 0.8304 0.0109 0.0049 -0.0783 0.4549 1.0000
4.0000 0.8500 0.0110 0.0050 -0.0768 0.4481 1.0000
4.2500 0.8691 0.0111 0.0051 -0.0751 0.4409 1.0000
4.5000 0.8881 0.0113 0.0052 -0.0735 0.4342 1.0000
4.7500 0.9080 0.0114 0.0053 -0.0720 0.4274 1.0000
5.0000 0.9271 0.0115 0.0054 -0.0703 0.4202 1.0000
