-5.0000 -0.1686 0.0126 0.0056 -0.0712 0.7313 0.2690
-4.7500 -0.1445 0.0125 0.0055 -0.0704 0.7212 0.2777
-4.5000 -0.1195 0.0124 0.0053 -0.0697 0.7108 0.2867
-4.2500 -0.0952 0.0123 0.0052 -0.0689 0.7005 0.2965
-4.0000 -0.0705 0.0122 0.0051 -0.0682 0.6903 0.3061
-3.7500 -0.0459 0.0121 0.0050 -0.0675 0.6795 0.3159
-3.5000 -0.0218 0.0120 0.0049 -0.0666 0.6691 0.3261
-3.2500 0.0023 0.0120 0.0048 -0.0658 0.6574 0.3371
-3.0000 0.0262 0.0118 0.0047 -0.0650 0.6469 0.3494
-2.7500 0.0498 0.0118 0.0047 -0.0641 0.6366 0.3636
-2.5000 0.0739 0.0117 0.0046 -0.0632 0.6269 0.3789
-2.2500 0.0977 0.0116 0.0046 -0.0623 0.6170 0.3952
-2.0000 0.1214 0.0115 0.0045 -0.0615 0.6075 0.4139
-1.7500 0.1451 0.0115 0.0045 -0.0606 0.5973 0.4345
-1.5000 0.1688 0.0114 0.0045 -0.0597 0.5878 0.4561
-1.2500 0.1925 0.0114 0.0045 -0.0587 0.5780 0.4778
-1.0000 0.2165 0.0114 0.0045 -0.0579 0.5690 0.4988
-0.7500 0.2402 0.0114 0.0045 -0.0570 0.5597 0.5189
-0.5000 0.2644 0.0114 0.0046 -0.0562 0.5514 0.5394
-0.2500 0.2888 0.0115 0.0046 -0.0554 0.5437 0.5579
0.0000 0.3132 0.0115 0.0047 -0.0546 0.5360 0.5765
0.2500 0.3377 0.0115 0.0047 -0.0538 0.5281 0.5943
0.5000 0.3621 0.0115 0.0048 -0.0531 0.5209 0.6114
0.7500 0.3866 0.0115 0.0049 -0.0523 0.5136 0.6283
1.0000 0.4109 0.0116 0.0049 -0.0515 0.5066 0.6447
1.2500 0.4354 0.0117 0.0050 -0.0508 0.4999 0.6606
1.5000 0.4599 0.0117 0.0051 -0.0500 0.4932 0.6765
1.7500 0.4846 0.0118 0.0052 -0.0493 0.4874 0.6924
2.0000 0.5092 0.0119 0.0053 -0.0486 0.4818 0.7096
2.2500 0.5334 0.0120 0.0054 -0.0478 0.4762 0.7274
2.5000 0.5581 0.0121 0.0056 -0.0471 0.4710 0.7450
2.7500 0.5824 0.0122 0.0057 -0.0464 0.4657 0.7623
3.0000 0.6058 0.0123 0.0059 -0.0454 0.4601 0.7798
3.2500 0.6292 0.0124 0.0060 -0.0445 0.4547 0.7987
3.5000 0.6527 0.0125 0.0062 -0.0435 0.4494 0.8175
3.7500 0.6730 0.0126 0.0063 -0.0418 0.4440 0.8366
4.0000 0.6933 0.0127 0.0065 -0.0402 0.4386 0.8557
4.2500 0.7159 0.0129 0.0067 -0.0391 0.4334 0.8741
4.5000 0.7356 0.0131 0.0069 -0.0373 0.4288 0.8927
4.7500 0.7558 0.0132 0.0072 -0.0356 0.4238 0.9121
5.0000 0.7780 0.0135 0.0074 -0.0343 0.4190 0.9307
