-5.0000 0.0524 0.0125 0.0054 -0.1210 0.7389 0.2027
-4.7500 0.0786 0.0124 0.0053 -0.1206 0.7304 0.2104
-4.5000 0.1048 0.0123 0.0052 -0.1202 0.7219 0.2181
-4.2500 0.1311 0.0122 0.0051 -0.1197 0.7134 0.2257
-4.0000 0.1583 0.0122 0.0049 -0.1194 0.7054 0.2339
-3.7500 0.1833 0.0121 0.0049 -0.1187 0.6961 0.2420
-3.5000 0.2101 0.0120 0.0048 -0.1184 0.6880 0.2502
-3.2500 0.2352 0.0120 0.0047 -0.1178 0.6786 0.2589
-3.0000 0.2615 0.0120 0.0047 -0.1173 0.6702 0.2678
-2.7500 0.2865 0.0119 0.0046 -0.1167 0.6604 0.2770
-2.5000 0.3122 0.0119 0.0046 -0.1161 0.6518 0.2862
-2.2500 0.3377 0.0119 0.0046 -0.1155 0.6428 0.2959
-2.0000 0.3637 0.0119 0.0045 -0.1151 0.6350 0.3060
-1.7500 0.3884 0.0118 0.0046 -0.1144 0.6260 0.3163
-1.5000 0.4135 0.0118 0.0046 -0.1138 0.6174 0.3283
-1.2500 0.4386 0.0118 0.0046 -0.1132 0.6088 0.3402
-1.0000 0.4635 0.0119 0.0045 -0.1125 0.6006 0.3532
-0.7500 0.4883 0.0118 0.0046 -0.1119 0.5927 0.3672
-0.5000 0.5129 0.0118 0.0046 -0.1112 0.5849 0.3828
-0.2500 0.5386 0.0119 0.0046 -0.1108 0.5783 0.4016
0.0000 0.5631 0.0118 0.0047 -0.1101 0.5717 0.4234
0.2500 0.5878 0.0118 0.0047 -0.1095 0.5654 0.4506
0.5000 0.6138 0.0118 0.0048 -0.1092 0.5596 0.4876
0.7500 0.6375 0.0118 0.0049 -0.1083 0.5538 0.5314
1.0000 0.6617 0.0117 0.0050 -0.1076 0.5480 0.5756
1.2500 0.6868 0.0118 0.0052 -0.1070 0.5425 0.6190
1.5000 0.7103 0.0118 0.0053 -0.1061 0.5370 0.6614
1.7500 0.7331 0.0118 0.0054 -0.1050 0.5311 0.7023
2.0000 0.7567 0.0118 0.0056 -0.1041 0.5256 0.7445
2.2500 0.7792 0.0118 0.0057 -0.1029 0.5202 0.7874
2.5000 0.7997 0.0119 0.0059 -0.1011 0.5149 0.8326
2.7500 0.8202 0.0120 0.0061 -0.0993 0.5099 0.8803
3.0000 0.8450 0.0122 0.0063 -0.0984 0.5050 0.9248
3.2500 0.8774 0.0123 0.0065 -0.0992 0.4994 0.9609
3.5000 0.9196 0.0126 0.0067 -0.1023 0.4938 0.9852
3.7500 0.9510 0.0128 0.0069 -0.1033 0.4888 0.9926
4.0000 0.9824 0.0130 0.0071 -0.1044 0.4838 1.0000
4.2500 0.9961 0.0131 0.0072 -0.1017 0.4795 1.0000
4.5000 1.0164 0.0133 0.0073 -0.1004 0.4751 1.0000
4.7500 1.0356 0.0135 0.0074 -0.0988 0.4707 1.0000
5.0000 1.0535 0.0137 0.0076 -0.0971 0.4659 1.0000
