-5.0000 -0.5453 0.0128 0.0063 -0.0108 0.9711 0.2947
-4.7500 -0.5108 0.0125 0.0061 -0.0124 0.9654 0.3170
-4.5000 -0.4723 0.0122 0.0059 -0.0147 0.9612 0.3420
-4.2500 -0.4310 0.0119 0.0057 -0.0175 0.9581 0.3663
-4.0000 -0.3877 0.0117 0.0055 -0.0207 0.9557 0.3915
-3.7500 -0.3584 0.0114 0.0053 -0.0210 0.9472 0.4130
-3.5000 -0.3210 0.0111 0.0051 -0.0228 0.9426 0.4378
-3.2500 -0.2845 0.0108 0.0049 -0.0244 0.9382 0.4617
-3.0000 -0.2552 0.0106 0.0047 -0.0245 0.9298 0.4815
-2.7500 -0.2222 0.0103 0.0045 -0.0253 0.9238 0.5020
-2.5000 -0.1937 0.0101 0.0044 -0.0251 0.9150 0.5227
-2.2500 -0.1660 0.0099 0.0042 -0.0247 0.9054 0.5431
-2.0000 -0.1384 0.0097 0.0041 -0.0242 0.8953 0.5642
-1.7500 -0.1110 0.0095 0.0040 -0.0237 0.8846 0.5855
-1.5000 -0.0842 0.0093 0.0039 -0.0231 0.8725 0.6071
-1.2500 -0.0576 0.0092 0.0037 -0.0224 0.8594 0.6276
-1.0000 -0.0309 0.0090 0.0036 -0.0218 0.8455 0.6469
-0.7500 -0.0045 0.0089 0.0036 -0.0210 0.8301 0.6669
-0.5000 0.0219 0.0088 0.0035 -0.0202 0.8138 0.6878
-0.2500 0.0480 0.0088 0.0034 -0.0195 0.7965 0.7088
0.0000 0.0742 0.0087 0.0034 -0.0187 0.7790 0.7283
0.2500 0.1002 0.0087 0.0034 -0.0179 0.7599 0.7472
0.5000 0.1263 0.0087 0.0034 -0.0172 0.7420 0.7668
0.7500 0.1520 0.0087 0.0034 -0.0163 0.7215 0.7870
1.0000 0.1775 0.0087 0.0034 -0.0154 0.7006 0.8068
1.2500 0.2028 0.0088 0.0035 -0.0144 0.6789 0.8269
1.5000 0.2281 0.0089 0.0036 -0.0135 0.6587 0.8465
1.7500 0.2536 0.0090 0.0037 -0.0125 0.6382 0.8650
2.0000 0.2792 0.0091 0.0038 -0.0116 0.6174 0.8831
2.2500 0.3053 0.0093 0.0039 -0.0108 0.5977 0.9001
2.5000 0.3326 0.0095 0.0040 -0.0102 0.5779 0.9154
2.7500 0.3606 0.0097 0.0042 -0.0099 0.5565 0.9298
3.0000 0.3942 0.0100 0.0044 -0.0107 0.5338 0.9399
3.2500 0.4257 0.0103 0.0045 -0.0113 0.5112 0.9508
3.5000 0.4648 0.0105 0.0047 -0.0135 0.4861 0.9567
3.7500 0.5035 0.0108 0.0048 -0.0158 0.4612 0.9634
4.0000 0.5363 0.0111 0.0050 -0.0168 0.4387 0.9725
4.2500 0.5782 0.0113 0.0052 -0.0199 0.4107 0.9770
4.5000 0.6205 0.0116 0.0054 -0.0231 0.3814 0.9819
4.7500 0.6619 0.0119 0.0055 -0.0261 0.3542 0.9881
5.0000 0.7020 0.0122 0.0057 -0.0289 0.3287 0.9944
