-5.0000 0.0728 0.0141 0.0062 -0.0803 0.6467 0.1444
-4.7500 0.0945 0.0140 0.0060 -0.0789 0.6374 0.1502
-4.5000 0.1163 0.0138 0.0059 -0.0775 0.6280 0.1560
-4.2500 0.1385 0.0137 0.0057 -0.0762 0.6191 0.1641
-4.0000 0.1567 0.0133 0.0054 -0.0743 0.6104 0.1913
-3.7500 0.1748 0.0129 0.0052 -0.0724 0.6017 0.2185
-3.5000 0.1870 0.0122 0.0050 -0.0697 0.5930 0.3641
-3.2500 0.2077 0.0120 0.0050 -0.0681 0.5840 0.4068
-3.0000 0.2295 0.0120 0.0050 -0.0667 0.5754 0.4357
-2.7500 0.2519 0.0120 0.0050 -0.0654 0.5660 0.4584
-2.5000 0.2748 0.0120 0.0050 -0.0642 0.5571 0.4766
-2.2500 0.2978 0.0120 0.0050 -0.0630 0.5484 0.4927
-2.0000 0.3203 0.0120 0.0051 -0.0617 0.5395 0.5078
-1.7500 0.3431 0.0121 0.0051 -0.0605 0.5306 0.5224
-1.5000 0.3655 0.0121 0.0052 -0.0592 0.5220 0.5355
-1.2500 0.3874 0.0121 0.0052 -0.0579 0.5128 0.5489
-1.0000 0.4092 0.0122 0.0053 -0.0565 0.5037 0.5622
-0.7500 0.4293 0.0123 0.0053 -0.0548 0.4951 0.5759
-0.5000 0.4487 0.0123 0.0054 -0.0530 0.4860 0.5907
-0.2500 0.4682 0.0124 0.0055 -0.0513 0.4770 0.6055
0.0000 0.4882 0.0125 0.0056 -0.0496 0.4676 0.6208
0.2500 0.5081 0.0126 0.0057 -0.0480 0.4582 0.6375
0.5000 0.5287 0.0128 0.0059 -0.0466 0.4487 0.6547
0.7500 0.5493 0.0129 0.0061 -0.0452 0.4393 0.6719
1.0000 0.5701 0.0131 0.0063 -0.0438 0.4296 0.6919
1.2500 0.5899 0.0133 0.0065 -0.0423 0.4198 0.7123
1.5000 0.6092 0.0135 0.0067 -0.0407 0.4096 0.7324
1.7500 0.6280 0.0137 0.0070 -0.0391 0.3989 0.7516
2.0000 0.6468 0.0140 0.0073 -0.0375 0.3880 0.7724
2.2500 0.6657 0.0143 0.0076 -0.0360 0.3768 0.7938
2.5000 0.6831 0.0146 0.0079 -0.0342 0.3663 0.8170
2.7500 0.6997 0.0149 0.0083 -0.0322 0.3560 0.8422
3.0000 0.7147 0.0153 0.0087 -0.0299 0.3460 0.8691
3.2500 0.7284 0.0157 0.0092 -0.0274 0.3364 0.8973
3.5000 0.7430 0.0162 0.0096 -0.0251 0.3270 0.9242
3.7500 0.7613 0.0167 0.0101 -0.0236 0.3187 0.9483
4.0000 0.7870 0.0173 0.0107 -0.0239 0.3111 0.9659
4.2500 0.8171 0.0179 0.0112 -0.0251 0.3040 0.9809
4.5000 0.8531 0.0186 0.0118 -0.0277 0.2981 0.9886
4.7500 0.8903 0.0192 0.0124 -0.0304 0.2926 0.9956
5.0000 0.9152 0.0198 0.0129 -0.0309 0.2886 1.0001
