-5.0000 -0.4398 0.0133 0.0066 -0.0255 0.8508 0.3681
-4.7500 -0.4159 0.0131 0.0065 -0.0246 0.8396 0.3786
-4.5000 -0.3917 0.0129 0.0063 -0.0237 0.8282 0.3897
-4.2500 -0.3678 0.0128 0.0061 -0.0228 0.8156 0.4012
-4.0000 -0.3438 0.0126 0.0059 -0.0218 0.8028 0.4127
-3.7500 -0.3194 0.0125 0.0057 -0.0210 0.7903 0.4246
-3.5000 -0.2951 0.0123 0.0056 -0.0201 0.7772 0.4367
-3.2500 -0.2703 0.0122 0.0055 -0.0193 0.7645 0.4488
-3.0000 -0.2456 0.0121 0.0054 -0.0185 0.7517 0.4610
-2.7500 -0.2213 0.0120 0.0053 -0.0177 0.7381 0.4735
-2.5000 -0.1967 0.0120 0.0052 -0.0168 0.7248 0.4868
-2.2500 -0.1719 0.0119 0.0051 -0.0161 0.7120 0.4994
-2.0000 -0.1468 0.0118 0.0050 -0.0154 0.6998 0.5123
-1.7500 -0.1218 0.0118 0.0050 -0.0146 0.6876 0.5247
-1.5000 -0.0967 0.0117 0.0049 -0.0139 0.6756 0.5376
-1.2500 -0.0717 0.0117 0.0049 -0.0132 0.6626 0.5503
-1.0000 -0.0466 0.0117 0.0049 -0.0125 0.6499 0.5630
-0.7500 -0.0213 0.0116 0.0049 -0.0118 0.6381 0.5754
-0.5000 0.0040 0.0116 0.0048 -0.0111 0.6264 0.5883
-0.2500 0.0293 0.0116 0.0048 -0.0105 0.6146 0.6010
0.0000 0.0543 0.0116 0.0049 -0.0097 0.6028 0.6148
0.2500 0.0793 0.0116 0.0049 -0.0090 0.5912 0.6294
0.5000 0.1044 0.0117 0.0049 -0.0083 0.5797 0.6432
0.7500 0.1296 0.0117 0.0049 -0.0076 0.5681 0.6563
1.0000 0.1548 0.0117 0.0050 -0.0069 0.5566 0.6696
1.2500 0.1803 0.0118 0.0050 -0.0063 0.5464 0.6821
1.5000 0.2055 0.0118 0.0051 -0.0056 0.5354 0.6957
1.7500 0.2306 0.0118 0.0051 -0.0049 0.5245 0.7096
2.0000 0.2557 0.0119 0.0052 -0.0041 0.5138 0.7234
2.2500 0.2808 0.0120 0.0053 -0.0034 0.5038 0.7376
2.5000 0.3057 0.0121 0.0054 -0.0026 0.4940 0.7526
2.7500 0.3309 0.0122 0.0055 -0.0019 0.4846 0.7665
3.0000 0.3559 0.0123 0.0056 -0.0012 0.4747 0.7798
3.2500 0.3808 0.0124 0.0058 -0.0004 0.4646 0.7932
3.5000 0.4056 0.0125 0.0059 0.0004 0.4549 0.8065
3.7500 0.4297 0.0126 0.0060 0.0013 0.4451 0.8204
4.0000 0.4531 0.0128 0.0062 0.0023 0.4350 0.8349
4.2500 0.4771 0.0130 0.0064 0.0033 0.4246 0.8482
4.5000 0.5013 0.0131 0.0066 0.0043 0.4151 0.8609
4.7500 0.5252 0.0134 0.0068 0.0053 0.4065 0.8732
5.0000 0.5487 0.0136 0.0070 0.0063 0.3982 0.8851
