-5.0000 -0.4281 0.0139 0.0070 -0.0264 0.8054 0.3766
-4.7500 -0.4049 0.0137 0.0068 -0.0254 0.7940 0.3851
-4.5000 -0.3817 0.0136 0.0066 -0.0244 0.7822 0.3938
-4.2500 -0.3582 0.0134 0.0065 -0.0234 0.7706 0.4029
-4.0000 -0.3345 0.0133 0.0063 -0.0225 0.7589 0.4125
-3.7500 -0.3107 0.0132 0.0062 -0.0216 0.7472 0.4223
-3.5000 -0.2869 0.0131 0.0061 -0.0208 0.7357 0.4322
-3.2500 -0.2631 0.0130 0.0060 -0.0199 0.7241 0.4434
-3.0000 -0.2393 0.0129 0.0059 -0.0190 0.7126 0.4541
-2.7500 -0.2154 0.0128 0.0058 -0.0181 0.7010 0.4656
-2.5000 -0.1914 0.0127 0.0057 -0.0172 0.6890 0.4760
-2.2500 -0.1672 0.0127 0.0056 -0.0163 0.6773 0.4868
-2.0000 -0.1430 0.0126 0.0056 -0.0155 0.6658 0.4977
-1.7500 -0.1193 0.0126 0.0055 -0.0145 0.6537 0.5098
-1.5000 -0.0952 0.0126 0.0055 -0.0137 0.6423 0.5216
-1.2500 -0.0709 0.0125 0.0054 -0.0128 0.6306 0.5327
-1.0000 -0.0463 0.0125 0.0054 -0.0121 0.6194 0.5431
-0.7500 -0.0217 0.0125 0.0054 -0.0113 0.6085 0.5537
-0.5000 0.0030 0.0125 0.0054 -0.0106 0.5981 0.5645
-0.2500 0.0278 0.0125 0.0054 -0.0099 0.5879 0.5757
0.0000 0.0524 0.0125 0.0054 -0.0091 0.5774 0.5875
0.2500 0.0770 0.0125 0.0054 -0.0083 0.5673 0.5992
0.5000 0.1015 0.0125 0.0055 -0.0076 0.5577 0.6117
0.7500 0.1263 0.0126 0.0055 -0.0068 0.5483 0.6239
1.0000 0.1506 0.0126 0.0055 -0.0060 0.5380 0.6360
1.2500 0.1752 0.0126 0.0056 -0.0052 0.5283 0.6479
1.5000 0.1998 0.0127 0.0056 -0.0045 0.5186 0.6593
1.7500 0.2242 0.0127 0.0057 -0.0037 0.5089 0.6714
2.0000 0.2485 0.0127 0.0057 -0.0029 0.4995 0.6835
2.2500 0.2730 0.0128 0.0058 -0.0021 0.4905 0.6954
2.5000 0.2976 0.0129 0.0059 -0.0013 0.4819 0.7075
2.7500 0.3221 0.0130 0.0060 -0.0006 0.4736 0.7203
3.0000 0.3466 0.0131 0.0061 0.0002 0.4657 0.7332
3.2500 0.3707 0.0131 0.0062 0.0010 0.4572 0.7460
3.5000 0.3948 0.0132 0.0063 0.0019 0.4495 0.7592
3.7500 0.4189 0.0134 0.0065 0.0027 0.4417 0.7724
4.0000 0.4428 0.0135 0.0066 0.0036 0.4337 0.7854
4.2500 0.4671 0.0137 0.0068 0.0044 0.4265 0.7982
4.5000 0.4899 0.0138 0.0070 0.0055 0.4186 0.8119
4.7500 0.5131 0.0139 0.0072 0.0065 0.4111 0.8247
5.0000 0.5361 0.0141 0.0074 0.0076 0.4034 0.8368
