-5.0000 -0.4142 0.0123 0.0060 -0.0268 0.8984 0.3827
-4.7500 -0.3894 0.0120 0.0058 -0.0259 0.8876 0.4006
-4.5000 -0.3647 0.0118 0.0056 -0.0250 0.8761 0.4172
-4.2500 -0.3393 0.0116 0.0055 -0.0242 0.8647 0.4328
-4.0000 -0.3136 0.0114 0.0053 -0.0235 0.8529 0.4465
-3.7500 -0.2876 0.0113 0.0051 -0.0228 0.8404 0.4612
-3.5000 -0.2618 0.0111 0.0050 -0.0221 0.8279 0.4750
-3.2500 -0.2356 0.0110 0.0049 -0.0215 0.8156 0.4895
-3.0000 -0.2100 0.0109 0.0047 -0.0207 0.8018 0.5043
-2.7500 -0.1841 0.0108 0.0046 -0.0201 0.7879 0.5187
-2.5000 -0.1583 0.0107 0.0045 -0.0194 0.7733 0.5329
-2.2500 -0.1325 0.0106 0.0044 -0.0187 0.7582 0.5472
-2.0000 -0.1065 0.0105 0.0043 -0.0181 0.7441 0.5625
-1.7500 -0.0809 0.0105 0.0043 -0.0174 0.7292 0.5791
-1.5000 -0.0556 0.0104 0.0042 -0.0166 0.7139 0.5968
-1.2500 -0.0301 0.0104 0.0042 -0.0158 0.6989 0.6138
-1.0000 -0.0042 0.0104 0.0042 -0.0152 0.6845 0.6295
-0.7500 0.0218 0.0104 0.0041 -0.0146 0.6703 0.6444
-0.5000 0.0475 0.0103 0.0041 -0.0139 0.6556 0.6602
-0.2500 0.0732 0.0103 0.0041 -0.0132 0.6406 0.6760
0.0000 0.0987 0.0104 0.0042 -0.0125 0.6252 0.6926
0.2500 0.1242 0.0104 0.0042 -0.0118 0.6105 0.7092
0.5000 0.1499 0.0105 0.0042 -0.0111 0.5962 0.7250
0.7500 0.1756 0.0105 0.0042 -0.0104 0.5819 0.7408
1.0000 0.2014 0.0105 0.0043 -0.0098 0.5680 0.7564
1.2500 0.2272 0.0106 0.0044 -0.0091 0.5540 0.7716
1.5000 0.2528 0.0107 0.0045 -0.0084 0.5402 0.7874
1.7500 0.2782 0.0108 0.0046 -0.0077 0.5270 0.8031
2.0000 0.3037 0.0109 0.0047 -0.0069 0.5135 0.8185
2.2500 0.3288 0.0110 0.0048 -0.0061 0.4995 0.8347
2.5000 0.3543 0.0112 0.0049 -0.0054 0.4860 0.8488
2.7500 0.3793 0.0113 0.0051 -0.0045 0.4723 0.8633
3.0000 0.4038 0.0115 0.0052 -0.0036 0.4578 0.8775
3.2500 0.4289 0.0117 0.0054 -0.0027 0.4434 0.8902
3.5000 0.4543 0.0120 0.0056 -0.0019 0.4299 0.9024
3.7500 0.4800 0.0122 0.0058 -0.0012 0.4164 0.9143
4.0000 0.5076 0.0125 0.0060 -0.0010 0.4032 0.9242
4.2500 0.5366 0.0128 0.0063 -0.0011 0.3908 0.9331
4.5000 0.5648 0.0131 0.0065 -0.0010 0.3788 0.9430
4.7500 0.6023 0.0135 0.0068 -0.0030 0.3652 0.9480
5.0000 0.6328 0.0138 0.0071 -0.0035 0.3531 0.9570
