-5.0000 -0.4305 0.0163 0.0090 -0.0330 0.9146 0.3560
-4.7500 -0.3991 0.0159 0.0087 -0.0335 0.9069 0.3716
-4.5000 -0.3628 0.0155 0.0083 -0.0349 0.9024 0.3883
-4.2500 -0.3387 0.0152 0.0081 -0.0340 0.8916 0.4024
-4.0000 -0.3050 0.0148 0.0078 -0.0348 0.8858 0.4185
-3.7500 -0.2809 0.0146 0.0076 -0.0337 0.8741 0.4334
-3.5000 -0.2516 0.0142 0.0073 -0.0336 0.8653 0.4500
-3.2500 -0.2250 0.0140 0.0071 -0.0329 0.8546 0.4672
-3.0000 -0.1994 0.0138 0.0069 -0.0322 0.8437 0.4851
-2.7500 -0.1705 0.0135 0.0067 -0.0319 0.8347 0.5037
-2.5000 -0.1459 0.0134 0.0066 -0.0310 0.8221 0.5221
-2.2500 -0.1197 0.0132 0.0064 -0.0302 0.8103 0.5402
-2.0000 -0.0920 0.0130 0.0063 -0.0297 0.7988 0.5588
-1.7500 -0.0676 0.0128 0.0062 -0.0286 0.7841 0.5772
-1.5000 -0.0418 0.0127 0.0061 -0.0278 0.7709 0.5964
-1.2500 -0.0158 0.0126 0.0060 -0.0270 0.7581 0.6163
-1.0000 0.0102 0.0126 0.0060 -0.0263 0.7453 0.6363
-0.7500 0.0365 0.0125 0.0060 -0.0256 0.7327 0.6559
-0.5000 0.0630 0.0125 0.0059 -0.0249 0.7198 0.6745
-0.2500 0.0882 0.0125 0.0059 -0.0240 0.7060 0.6932
0.0000 0.1155 0.0125 0.0059 -0.0235 0.6939 0.7107
0.2500 0.1409 0.0125 0.0060 -0.0226 0.6797 0.7283
0.5000 0.1669 0.0125 0.0060 -0.0218 0.6667 0.7469
0.7500 0.1933 0.0126 0.0061 -0.0210 0.6540 0.7660
1.0000 0.2183 0.0126 0.0062 -0.0200 0.6401 0.7844
1.2500 0.2446 0.0127 0.0062 -0.0192 0.6277 0.8019
1.5000 0.2702 0.0128 0.0063 -0.0183 0.6147 0.8188
1.7500 0.2959 0.0130 0.0065 -0.0174 0.6027 0.8353
2.0000 0.3235 0.0131 0.0066 -0.0169 0.5919 0.8501
2.2500 0.3503 0.0133 0.0068 -0.0161 0.5794 0.8642
2.5000 0.3783 0.0135 0.0070 -0.0156 0.5680 0.8782
2.7500 0.4067 0.0138 0.0072 -0.0152 0.5564 0.8919
3.0000 0.4329 0.0140 0.0074 -0.0144 0.5434 0.9059
3.2500 0.4682 0.0143 0.0076 -0.0155 0.5301 0.9145
3.5000 0.5000 0.0146 0.0078 -0.0159 0.5176 0.9254
3.7500 0.5391 0.0149 0.0081 -0.0179 0.5044 0.9331
4.0000 0.5758 0.0151 0.0083 -0.0195 0.4915 0.9421
4.2500 0.6210 0.0154 0.0085 -0.0229 0.4775 0.9475
4.5000 0.6560 0.0156 0.0087 -0.0243 0.4643 0.9571
4.7500 0.7017 0.0159 0.0089 -0.0280 0.4501 0.9615
5.0000 0.7415 0.0162 0.0091 -0.0305 0.4364 0.9690
