-5.0000 -0.4782 0.0128 0.0063 -0.0215 0.9346 0.3359
-4.7500 -0.4432 0.0125 0.0061 -0.0228 0.9291 0.3522
-4.5000 -0.4121 0.0122 0.0058 -0.0233 0.9225 0.3683
-4.2500 -0.3864 0.0119 0.0056 -0.0227 0.9120 0.3847
-4.0000 -0.3562 0.0116 0.0054 -0.0229 0.9045 0.4031
-3.7500 -0.3313 0.0114 0.0052 -0.0220 0.8928 0.4216
-3.5000 -0.3037 0.0111 0.0050 -0.0217 0.8834 0.4389
-3.2500 -0.2778 0.0109 0.0048 -0.0210 0.8714 0.4557
-3.0000 -0.2522 0.0107 0.0046 -0.0202 0.8589 0.4720
-2.7500 -0.2263 0.0105 0.0045 -0.0195 0.8462 0.4908
-2.5000 -0.2003 0.0104 0.0043 -0.0188 0.8336 0.5102
-2.2500 -0.1746 0.0102 0.0042 -0.0181 0.8201 0.5284
-2.0000 -0.1488 0.0101 0.0041 -0.0174 0.8062 0.5462
-1.7500 -0.1228 0.0100 0.0040 -0.0168 0.7923 0.5652
-1.5000 -0.0968 0.0099 0.0040 -0.0161 0.7780 0.5843
-1.2500 -0.0712 0.0099 0.0039 -0.0154 0.7622 0.6028
-1.0000 -0.0452 0.0098 0.0039 -0.0147 0.7469 0.6211
-0.7500 -0.0193 0.0098 0.0038 -0.0140 0.7318 0.6395
-0.5000 0.0064 0.0097 0.0038 -0.0133 0.7163 0.6588
-0.2500 0.0321 0.0097 0.0038 -0.0125 0.7002 0.6772
0.0000 0.0579 0.0097 0.0038 -0.0118 0.6849 0.6963
0.2500 0.0835 0.0097 0.0039 -0.0111 0.6686 0.7150
0.5000 0.1094 0.0097 0.0039 -0.0104 0.6528 0.7328
0.7500 0.1352 0.0098 0.0039 -0.0097 0.6373 0.7507
1.0000 0.1611 0.0098 0.0040 -0.0089 0.6227 0.7687
1.2500 0.1870 0.0099 0.0040 -0.0082 0.6077 0.7863
1.5000 0.2129 0.0099 0.0041 -0.0075 0.5933 0.8039
1.7500 0.2388 0.0100 0.0042 -0.0068 0.5791 0.8204
2.0000 0.2647 0.0101 0.0043 -0.0061 0.5638 0.8363
2.2500 0.2907 0.0103 0.0044 -0.0054 0.5494 0.8517
2.5000 0.3165 0.0104 0.0045 -0.0046 0.5346 0.8667
2.7500 0.3426 0.0106 0.0047 -0.0039 0.5200 0.8810
3.0000 0.3688 0.0108 0.0048 -0.0032 0.5053 0.8943
3.2500 0.3953 0.0110 0.0050 -0.0026 0.4914 0.9068
3.5000 0.4232 0.0112 0.0052 -0.0023 0.4782 0.9174
3.7500 0.4522 0.0114 0.0053 -0.0023 0.4637 0.9276
4.0000 0.4824 0.0117 0.0056 -0.0025 0.4478 0.9375
4.2500 0.5135 0.0120 0.0058 -0.0029 0.4315 0.9472
4.5000 0.5530 0.0123 0.0061 -0.0052 0.4144 0.9521
4.7500 0.5854 0.0126 0.0063 -0.0061 0.3997 0.9609
5.0000 0.6290 0.0129 0.0065 -0.0094 0.3835 0.9635
