-5.0000 0.0423 0.0192 0.0121 -0.1647 0.9061 0.0667
-4.7500 0.0740 0.0190 0.0120 -0.1658 0.9044 0.0759
-4.5000 0.1077 0.0188 0.0119 -0.1671 0.9030 0.0872
-4.2500 0.1424 0.0187 0.0117 -0.1687 0.9018 0.0993
-4.0000 0.1777 0.0185 0.0116 -0.1704 0.9009 0.1132
-3.7500 0.2149 0.0182 0.0114 -0.1724 0.9001 0.1314
-3.5000 0.2535 0.0179 0.0112 -0.1746 0.8993 0.1537
-3.2500 0.2818 0.0178 0.0112 -0.1749 0.8959 0.1824
-3.0000 0.3101 0.0177 0.0112 -0.1751 0.8925 0.2110
-2.7500 0.3384 0.0176 0.0111 -0.1754 0.8891 0.2396
-2.5000 0.3667 0.0175 0.0111 -0.1756 0.8857 0.2683
-2.2500 0.4040 0.0172 0.0109 -0.1775 0.8847 0.2943
-2.0000 0.4432 0.0169 0.0106 -0.1796 0.8840 0.3218
-1.7500 0.4710 0.0168 0.0106 -0.1796 0.8805 0.3468
-1.5000 0.4989 0.0168 0.0107 -0.1797 0.8771 0.3718
-1.2500 0.5267 0.0168 0.0108 -0.1797 0.8737 0.3968
-1.0000 0.5545 0.0167 0.0108 -0.1797 0.8702 0.4218
-0.7500 0.5928 0.0164 0.0105 -0.1816 0.8693 0.4497
-0.5000 0.6320 0.0160 0.0102 -0.1837 0.8686 0.4808
-0.2500 0.6704 0.0156 0.0099 -0.1855 0.8678 0.5117
0.0000 0.7051 0.0153 0.0097 -0.1866 0.8658 0.5381
0.2500 0.7301 0.0152 0.0096 -0.1858 0.8601 0.5605
0.5000 0.7551 0.0151 0.0096 -0.1850 0.8545 0.5828
0.7500 0.7938 0.0146 0.0091 -0.1868 0.8530 0.6056
1.0000 0.8320 0.0141 0.0088 -0.1885 0.8516 0.6288
1.2500 0.8699 0.0137 0.0084 -0.1902 0.8502 0.6503
1.5000 0.8806 0.0141 0.0089 -0.1867 0.8410 0.6681
1.7500 0.9156 0.0137 0.0085 -0.1878 0.8380 0.6925
2.0000 0.9535 0.0131 0.0081 -0.1894 0.8354 0.7177
2.2500 0.9940 0.0124 0.0075 -0.1914 0.8328 0.7448
2.5000 1.0168 0.0121 0.0073 -0.1899 0.8255 0.7975
2.7500 1.0396 0.0118 0.0072 -0.1884 0.8181 0.8502
3.0000 1.0653 0.0115 0.0070 -0.1876 0.8108 1.0000
3.2500 1.0948 0.0112 0.0068 -0.1876 0.8019 1.0000
3.5000 1.1219 0.0111 0.0066 -0.1871 0.7918 1.0000
3.7500 1.1536 0.0108 0.0063 -0.1874 0.7809 1.0000
4.0000 1.1743 0.0108 0.0063 -0.1857 0.7666 1.0000
4.2500 1.1989 0.0108 0.0063 -0.1847 0.7521 1.0000
4.5000 1.2226 0.0108 0.0063 -0.1836 0.7342 1.0000
4.7500 1.2455 0.0108 0.0062 -0.1822 0.7087 1.0000
5.0000 1.2643 0.0110 0.0062 -0.1800 0.6717 1.0000
