-5.0000 -0.0453 0.0220 0.0152 -0.1380 0.8222 0.2537
-4.7500 -0.0141 0.0217 0.0149 -0.1386 0.8190 0.2615
-4.5000 0.0171 0.0214 0.0146 -0.1392 0.8158 0.2693
-4.2500 0.0483 0.0211 0.0143 -0.1398 0.8126 0.2771
-4.0000 0.0795 0.0208 0.0140 -0.1404 0.8094 0.2849
-3.7500 0.1162 0.0204 0.0135 -0.1418 0.8077 0.2942
-3.5000 0.1551 0.0197 0.0130 -0.1436 0.8066 0.3032
-3.2500 0.1955 0.0191 0.0124 -0.1456 0.8056 0.3128
-3.0000 0.2367 0.0185 0.0118 -0.1478 0.8047 0.3226
-2.7500 0.2791 0.0179 0.0112 -0.1502 0.8039 0.3325
-2.5000 0.3227 0.0173 0.0106 -0.1529 0.8029 0.3436
-2.2500 0.3686 0.0167 0.0101 -0.1562 0.8020 0.3544
-2.0000 0.4164 0.0162 0.0096 -0.1598 0.8011 0.3660
-1.7500 0.4675 0.0158 0.0091 -0.1642 0.8000 0.3784
-1.5000 0.4977 0.0156 0.0089 -0.1645 0.7952 0.3877
-1.2500 0.5278 0.0153 0.0087 -0.1648 0.7903 0.3970
-1.0000 0.5580 0.0151 0.0085 -0.1651 0.7855 0.4062
-0.7500 0.5882 0.0148 0.0083 -0.1654 0.7807 0.4155
-0.5000 0.5791 0.0152 0.0087 -0.1580 0.7686 0.4214
-0.2500 0.6223 0.0147 0.0082 -0.1607 0.7645 0.4328
0.0000 0.6729 0.0142 0.0077 -0.1649 0.7610 0.4456
0.2500 0.6742 0.0144 0.0080 -0.1596 0.7497 0.4526
0.5000 0.7143 0.0141 0.0077 -0.1617 0.7445 0.4649
0.7500 0.7325 0.0142 0.0078 -0.1597 0.7351 0.4749
1.0000 0.7622 0.0140 0.0077 -0.1599 0.7269 0.4848
1.2500 0.7829 0.0141 0.0077 -0.1584 0.7165 0.4949
1.5000 0.8134 0.0140 0.0076 -0.1587 0.7068 0.5055
1.7500 0.8313 0.0141 0.0077 -0.1567 0.6944 0.5154
2.0000 0.8600 0.0141 0.0076 -0.1568 0.6835 0.5271
2.2500 0.8802 0.0142 0.0078 -0.1552 0.6704 0.5365
2.5000 0.8987 0.0144 0.0080 -0.1534 0.6573 0.5472
2.7500 0.9246 0.0145 0.0080 -0.1530 0.6461 0.5575
3.0000 0.9456 0.0148 0.0083 -0.1517 0.6339 0.5686
3.2500 0.9682 0.0150 0.0085 -0.1507 0.6226 0.5799
3.5000 0.9909 0.0152 0.0087 -0.1497 0.6111 0.5908
3.7500 1.0101 0.0155 0.0090 -0.1482 0.5995 0.6019
4.0000 1.0340 0.0158 0.0092 -0.1474 0.5881 0.6124
4.2500 1.0486 0.0162 0.0096 -0.1451 0.5761 0.6231
4.5000 1.0700 0.0165 0.0098 -0.1440 0.5652 0.6334
4.7500 1.0861 0.0169 0.0103 -0.1420 0.5540 0.6445
5.0000 1.1063 0.0173 0.0106 -0.1408 0.5441 0.6556
