-5.0000 -0.1728 0.0205 0.0129 -0.1077 0.9086 0.1800
-4.7500 -0.1450 0.0202 0.0127 -0.1078 0.9028 0.1934
-4.5000 -0.1092 0.0199 0.0124 -0.1095 0.8996 0.2095
-4.2500 -0.0710 0.0196 0.0121 -0.1115 0.8974 0.2271
-4.0000 -0.0315 0.0193 0.0119 -0.1138 0.8956 0.2463
-3.7500 0.0094 0.0190 0.0116 -0.1163 0.8942 0.2673
-3.5000 0.0305 0.0190 0.0117 -0.1152 0.8873 0.2845
-3.2500 0.0516 0.0190 0.0117 -0.1140 0.8804 0.3018
-3.0000 0.0908 0.0187 0.0115 -0.1161 0.8782 0.3242
-2.7500 0.1335 0.0182 0.0111 -0.1188 0.8764 0.3487
-2.5000 0.1774 0.0177 0.0107 -0.1216 0.8750 0.3728
-2.2500 0.2017 0.0176 0.0106 -0.1208 0.8679 0.3931
-2.0000 0.2261 0.0176 0.0106 -0.1200 0.8609 0.4134
-1.7500 0.2638 0.0172 0.0104 -0.1217 0.8587 0.4358
-1.5000 0.3025 0.0169 0.0101 -0.1234 0.8568 0.4605
-1.2500 0.3423 0.0164 0.0097 -0.1253 0.8551 0.4855
-1.0000 0.3570 0.0166 0.0100 -0.1227 0.8442 0.5045
-0.7500 0.3935 0.0162 0.0096 -0.1239 0.8406 0.5308
-0.5000 0.4318 0.0157 0.0092 -0.1254 0.8380 0.5566
-0.2500 0.4714 0.0152 0.0088 -0.1272 0.8355 0.5831
0.0000 0.4881 0.0153 0.0090 -0.1248 0.8247 0.6024
0.2500 0.5231 0.0149 0.0086 -0.1257 0.8201 0.6283
0.5000 0.5600 0.0144 0.0083 -0.1269 0.8168 0.6567
0.7500 0.5815 0.0144 0.0083 -0.1254 0.8076 0.6842
1.0000 0.6128 0.0140 0.0081 -0.1255 0.8012 0.7152
1.2500 0.6491 0.0135 0.0076 -0.1264 0.7965 0.7500
1.5000 0.6669 0.0134 0.0077 -0.1240 0.7854 0.7892
1.7500 0.6965 0.0129 0.0074 -0.1233 0.7788 0.8513
2.0000 0.7344 0.0126 0.0073 -0.1247 0.7687 1.0000
2.2500 0.7691 0.0124 0.0070 -0.1259 0.7601 1.0000
2.5000 0.7947 0.0125 0.0070 -0.1253 0.7484 1.0000
2.7500 0.8281 0.0123 0.0067 -0.1261 0.7388 1.0000
3.0000 0.8542 0.0123 0.0067 -0.1255 0.7261 1.0000
3.2500 0.8799 0.0124 0.0067 -0.1248 0.7124 1.0000
3.5000 0.9062 0.0124 0.0067 -0.1243 0.6983 1.0000
3.7500 0.9325 0.0125 0.0066 -0.1237 0.6836 1.0000
4.0000 0.9578 0.0126 0.0067 -0.1230 0.6676 1.0000
4.2500 0.9825 0.0127 0.0067 -0.1221 0.6515 1.0000
4.5000 1.0074 0.0128 0.0068 -0.1214 0.6354 1.0000
4.7500 1.0323 0.0130 0.0069 -0.1206 0.6190 1.0000
5.0000 1.0527 0.0132 0.0071 -0.1190 0.5990 1.0000
