-5.0000 -0.1629 0.0134 0.0065 -0.0867 0.8367 0.2681
-4.7500 -0.1376 0.0133 0.0063 -0.0861 0.8283 0.2783
-4.5000 -0.1104 0.0131 0.0061 -0.0858 0.8204 0.2891
-4.2500 -0.0817 0.0129 0.0059 -0.0858 0.8135 0.3000
-4.0000 -0.0564 0.0127 0.0058 -0.0851 0.8038 0.3110
-3.7500 -0.0273 0.0125 0.0056 -0.0852 0.7964 0.3226
-3.5000 -0.0023 0.0124 0.0055 -0.0845 0.7867 0.3337
-3.2500 0.0266 0.0123 0.0053 -0.0845 0.7787 0.3462
-3.0000 0.0519 0.0122 0.0052 -0.0839 0.7684 0.3585
-2.7500 0.0801 0.0120 0.0051 -0.0837 0.7595 0.3717
-2.5000 0.1055 0.0120 0.0050 -0.0831 0.7491 0.3852
-2.2500 0.1343 0.0119 0.0049 -0.0831 0.7408 0.3994
-2.0000 0.1591 0.0118 0.0049 -0.0824 0.7303 0.4137
-1.7500 0.1870 0.0118 0.0048 -0.0822 0.7219 0.4284
-1.5000 0.2123 0.0117 0.0048 -0.0816 0.7122 0.4432
-1.2500 0.2398 0.0116 0.0047 -0.0814 0.7036 0.4591
-1.0000 0.2654 0.0116 0.0047 -0.0808 0.6935 0.4767
-0.7500 0.2920 0.0115 0.0046 -0.0804 0.6837 0.4943
-0.5000 0.3172 0.0115 0.0047 -0.0797 0.6733 0.5140
-0.2500 0.3435 0.0114 0.0046 -0.0792 0.6639 0.5348
0.0000 0.3687 0.0114 0.0047 -0.0786 0.6543 0.5566
0.2500 0.3948 0.0114 0.0047 -0.0781 0.6454 0.5804
0.5000 0.4205 0.0114 0.0048 -0.0775 0.6368 0.6056
0.7500 0.4461 0.0113 0.0048 -0.0769 0.6281 0.6315
1.0000 0.4720 0.0114 0.0049 -0.0763 0.6201 0.6573
1.2500 0.4967 0.0114 0.0050 -0.0755 0.6112 0.6847
1.5000 0.5229 0.0114 0.0050 -0.0750 0.6031 0.7136
1.7500 0.5461 0.0114 0.0052 -0.0738 0.5937 0.7430
2.0000 0.5712 0.0115 0.0053 -0.0730 0.5852 0.7729
2.2500 0.5942 0.0115 0.0054 -0.0717 0.5763 0.8036
2.5000 0.6182 0.0115 0.0055 -0.0705 0.5680 0.8330
2.7500 0.6415 0.0117 0.0057 -0.0692 0.5596 0.8628
3.0000 0.6657 0.0118 0.0058 -0.0681 0.5511 0.8891
3.2500 0.6923 0.0120 0.0060 -0.0675 0.5431 0.9123
3.5000 0.7207 0.0121 0.0062 -0.0673 0.5340 0.9333
3.7500 0.7525 0.0124 0.0064 -0.0679 0.5251 0.9514
4.0000 0.7910 0.0126 0.0066 -0.0700 0.5150 0.9640
4.2500 0.8317 0.0129 0.0068 -0.0727 0.5054 0.9746
4.5000 0.8759 0.0131 0.0070 -0.0762 0.4951 0.9825
4.7500 0.9175 0.0134 0.0072 -0.0792 0.4838 0.9904
5.0000 0.9612 0.0136 0.0074 -0.0827 0.4736 0.9963
