-5.0000 -0.1623 0.0136 0.0066 -0.0858 0.8203 0.2803
-4.7500 -0.1333 0.0134 0.0063 -0.0859 0.8136 0.2900
-4.5000 -0.1068 0.0133 0.0062 -0.0855 0.8054 0.2998
-4.2500 -0.0803 0.0131 0.0060 -0.0851 0.7971 0.3096
-4.0000 -0.0553 0.0130 0.0059 -0.0844 0.7880 0.3191
-3.7500 -0.0279 0.0128 0.0058 -0.0841 0.7798 0.3293
-3.5000 -0.0008 0.0127 0.0056 -0.0839 0.7715 0.3399
-3.2500 0.0252 0.0126 0.0055 -0.0833 0.7620 0.3511
-3.0000 0.0527 0.0125 0.0054 -0.0831 0.7535 0.3630
-2.7500 0.0780 0.0124 0.0053 -0.0825 0.7433 0.3752
-2.5000 0.1060 0.0123 0.0052 -0.0823 0.7348 0.3880
-2.2500 0.1310 0.0122 0.0052 -0.0816 0.7248 0.4002
-2.0000 0.1594 0.0121 0.0051 -0.0816 0.7167 0.4129
-1.7500 0.1840 0.0121 0.0051 -0.0808 0.7070 0.4257
-1.5000 0.2117 0.0120 0.0050 -0.0807 0.6986 0.4397
-1.2500 0.2367 0.0120 0.0050 -0.0800 0.6886 0.4545
-1.0000 0.2632 0.0119 0.0049 -0.0795 0.6790 0.4697
-0.7500 0.2885 0.0119 0.0049 -0.0789 0.6693 0.4852
-0.5000 0.3142 0.0118 0.0049 -0.0783 0.6601 0.5015
-0.2500 0.3410 0.0118 0.0049 -0.0780 0.6521 0.5196
0.0000 0.3656 0.0118 0.0050 -0.0773 0.6429 0.5401
0.2500 0.3923 0.0118 0.0050 -0.0769 0.6345 0.5624
0.5000 0.4168 0.0118 0.0050 -0.0761 0.6256 0.5849
0.7500 0.4421 0.0118 0.0051 -0.0754 0.6169 0.6073
1.0000 0.4685 0.0118 0.0051 -0.0750 0.6094 0.6305
1.2500 0.4924 0.0118 0.0052 -0.0741 0.6009 0.6536
1.5000 0.5182 0.0118 0.0053 -0.0735 0.5930 0.6794
1.7500 0.5429 0.0118 0.0054 -0.0727 0.5851 0.7036
2.0000 0.5670 0.0119 0.0055 -0.0717 0.5767 0.7290
2.2500 0.5924 0.0120 0.0056 -0.0710 0.5685 0.7572
2.5000 0.6142 0.0120 0.0057 -0.0695 0.5594 0.7860
2.7500 0.6384 0.0121 0.0059 -0.0685 0.5514 0.8146
3.0000 0.6608 0.0121 0.0060 -0.0671 0.5433 0.8422
3.2500 0.6844 0.0123 0.0062 -0.0659 0.5358 0.8677
3.5000 0.7086 0.0124 0.0064 -0.0648 0.5284 0.8933
3.7500 0.7332 0.0126 0.0066 -0.0638 0.5202 0.9170
4.0000 0.7630 0.0129 0.0068 -0.0639 0.5123 0.9376
4.2500 0.7953 0.0131 0.0070 -0.0647 0.5028 0.9541
4.5000 0.8292 0.0133 0.0072 -0.0660 0.4931 0.9684
4.7500 0.8722 0.0136 0.0074 -0.0692 0.4831 0.9751
5.0000 0.9132 0.0139 0.0077 -0.0721 0.4722 0.9835
