-5.0000 0.1353 0.0117 0.0047 -0.1393 0.8240 0.0335
-4.7500 0.1634 0.0115 0.0045 -0.1392 0.8152 0.0370
-4.5000 0.1908 0.0114 0.0043 -0.1389 0.8054 0.0387
-4.2500 0.2188 0.0112 0.0041 -0.1388 0.7960 0.0408
-4.0000 0.2462 0.0111 0.0039 -0.1386 0.7855 0.0445
-3.7500 0.2737 0.0109 0.0038 -0.1383 0.7749 0.0483
-3.5000 0.3011 0.0108 0.0036 -0.1381 0.7644 0.0520
-3.2500 0.3285 0.0107 0.0035 -0.1378 0.7531 0.0602
-3.0000 0.3555 0.0106 0.0034 -0.1375 0.7405 0.0700
-2.7500 0.3826 0.0106 0.0033 -0.1372 0.7278 0.0768
-2.5000 0.4096 0.0105 0.0032 -0.1369 0.7155 0.0840
-2.2500 0.4365 0.0105 0.0032 -0.1366 0.7021 0.0916
-2.0000 0.4633 0.0104 0.0031 -0.1363 0.6891 0.1005
-1.7500 0.4900 0.0104 0.0031 -0.1360 0.6760 0.1112
-1.5000 0.5164 0.0104 0.0031 -0.1356 0.6610 0.1227
-1.2500 0.5428 0.0105 0.0030 -0.1352 0.6464 0.1361
-1.0000 0.5689 0.0105 0.0031 -0.1349 0.6323 0.1581
-0.7500 0.5948 0.0106 0.0032 -0.1345 0.6179 0.1868
-0.5000 0.6208 0.0106 0.0032 -0.1341 0.6038 0.2062
-0.2500 0.6467 0.0106 0.0032 -0.1337 0.5898 0.2257
0.0000 0.6727 0.0107 0.0033 -0.1333 0.5767 0.2480
0.2500 0.6984 0.0107 0.0033 -0.1329 0.5643 0.2747
0.5000 0.7242 0.0107 0.0034 -0.1326 0.5530 0.3136
0.7500 0.7477 0.0100 0.0036 -0.1322 0.5432 0.6193
1.0000 0.7746 0.0094 0.0037 -0.1314 0.5334 1.0000
1.2500 0.8008 0.0096 0.0038 -0.1310 0.5246 1.0000
1.5000 0.8267 0.0098 0.0039 -0.1306 0.5160 1.0000
1.7500 0.8526 0.0100 0.0040 -0.1303 0.5086 1.0000
2.0000 0.8789 0.0102 0.0041 -0.1300 0.5016 1.0000
2.2500 0.9046 0.0104 0.0042 -0.1296 0.4948 1.0000
2.5000 0.9308 0.0106 0.0043 -0.1293 0.4885 1.0000
2.7500 0.9572 0.0107 0.0044 -0.1290 0.4823 1.0000
3.0000 0.9832 0.0109 0.0046 -0.1287 0.4767 1.0000
3.2500 1.0092 0.0112 0.0048 -0.1284 0.4715 1.0000
3.5000 1.0357 0.0113 0.0049 -0.1282 0.4674 1.0000
3.7500 1.0620 0.0115 0.0051 -0.1280 0.4631 1.0000
4.0000 1.0881 0.0117 0.0053 -0.1277 0.4590 1.0000
4.2500 1.1141 0.0120 0.0054 -0.1275 0.4549 1.0000
4.5000 1.1407 0.0122 0.0057 -0.1274 0.4510 1.0000
4.7500 1.1665 0.0124 0.0059 -0.1271 0.4474 1.0000
5.0000 1.1921 0.0126 0.0061 -0.1268 0.4433 1.0000
