-5.0000 -0.5189 0.0129 0.0058 -0.0126 0.9883 0.1581
-4.7500 -0.4801 0.0125 0.0056 -0.0152 0.9845 0.1842
-4.5000 -0.4401 0.0121 0.0054 -0.0180 0.9814 0.2150
-4.2500 -0.4048 0.0118 0.0052 -0.0198 0.9761 0.2473
-4.0000 -0.3694 0.0114 0.0050 -0.0215 0.9702 0.2809
-3.7500 -0.3306 0.0111 0.0048 -0.0240 0.9659 0.3206
-3.5000 -0.2895 0.0107 0.0046 -0.0269 0.9628 0.3624
-3.2500 -0.2544 0.0104 0.0044 -0.0284 0.9564 0.3998
-3.0000 -0.2190 0.0100 0.0042 -0.0299 0.9502 0.4395
-2.7500 -0.1820 0.0097 0.0040 -0.0317 0.9457 0.4848
-2.5000 -0.1541 0.0094 0.0039 -0.0315 0.9360 0.5287
-2.2500 -0.1216 0.0090 0.0037 -0.0322 0.9291 0.5784
-2.0000 -0.0958 0.0088 0.0036 -0.0313 0.9175 0.6208
-1.7500 -0.0680 0.0085 0.0035 -0.0309 0.9074 0.6568
-1.5000 -0.0403 0.0083 0.0034 -0.0303 0.8967 0.6909
-1.2500 -0.0149 0.0081 0.0033 -0.0293 0.8833 0.7229
-1.0000 0.0115 0.0080 0.0033 -0.0285 0.8707 0.7548
-0.7500 0.0380 0.0079 0.0032 -0.0275 0.8576 0.7865
-0.5000 0.0630 0.0078 0.0032 -0.0263 0.8409 0.8180
-0.2500 0.0886 0.0078 0.0032 -0.0251 0.8240 0.8472
0.0000 0.1148 0.0078 0.0032 -0.0241 0.8057 0.8723
0.2500 0.1414 0.0079 0.0032 -0.0231 0.7870 0.8956
0.5000 0.1696 0.0080 0.0033 -0.0225 0.7677 0.9160
0.7500 0.2025 0.0081 0.0034 -0.0230 0.7481 0.9303
1.0000 0.2312 0.0083 0.0034 -0.0227 0.7284 0.9465
1.2500 0.2722 0.0084 0.0035 -0.0251 0.7077 0.9552
1.5000 0.3118 0.0086 0.0035 -0.0273 0.6841 0.9652
1.7500 0.3467 0.0088 0.0036 -0.0286 0.6625 0.9753
2.0000 0.3922 0.0089 0.0036 -0.0322 0.6393 0.9809
2.2500 0.4346 0.0090 0.0036 -0.0353 0.6157 0.9880
2.5000 0.4749 0.0092 0.0037 -0.0380 0.5894 0.9953
2.7500 0.5122 0.0093 0.0037 -0.0401 0.5657 1.0000
3.0000 0.5359 0.0094 0.0037 -0.0394 0.5454 1.0000
3.2500 0.5590 0.0095 0.0038 -0.0386 0.5236 1.0000
3.5000 0.5818 0.0097 0.0039 -0.0377 0.5019 1.0000
3.7500 0.6044 0.0098 0.0040 -0.0368 0.4811 1.0000
4.0000 0.6270 0.0100 0.0040 -0.0358 0.4593 1.0000
4.2500 0.6492 0.0102 0.0042 -0.0348 0.4363 1.0000
4.5000 0.6710 0.0104 0.0043 -0.0336 0.4109 1.0000
4.7500 0.6925 0.0106 0.0044 -0.0324 0.3831 1.0000
5.0000 0.7139 0.0109 0.0046 -0.0312 0.3572 1.0000
