-5.0000 0.0852 0.0180 0.0100 -0.1352 0.8264 0.1662
-4.7500 0.1126 0.0177 0.0097 -0.1349 0.8183 0.1740
-4.5000 0.1430 0.0172 0.0093 -0.1351 0.8114 0.1819
-4.2500 0.1711 0.0169 0.0089 -0.1349 0.8030 0.1907
-4.0000 0.1990 0.0167 0.0086 -0.1347 0.7949 0.2003
-3.7500 0.2289 0.0163 0.0083 -0.1349 0.7875 0.2102
-3.5000 0.2554 0.0161 0.0081 -0.1345 0.7788 0.2202
-3.2500 0.2854 0.0159 0.0078 -0.1347 0.7711 0.2316
-3.0000 0.3114 0.0157 0.0077 -0.1341 0.7617 0.2434
-2.7500 0.3419 0.0155 0.0074 -0.1344 0.7539 0.2562
-2.5000 0.3668 0.0154 0.0073 -0.1337 0.7438 0.2683
-2.2500 0.3978 0.0151 0.0071 -0.1341 0.7361 0.2824
-2.0000 0.4221 0.0151 0.0070 -0.1333 0.7258 0.2960
-1.7500 0.4533 0.0149 0.0068 -0.1338 0.7183 0.3123
-1.5000 0.4767 0.0149 0.0068 -0.1328 0.7076 0.3284
-1.2500 0.5065 0.0147 0.0067 -0.1330 0.6994 0.3480
-1.0000 0.5303 0.0146 0.0067 -0.1322 0.6890 0.3674
-0.7500 0.5602 0.0145 0.0065 -0.1325 0.6813 0.3923
-0.5000 0.5830 0.0144 0.0066 -0.1315 0.6714 0.4193
-0.2500 0.6115 0.0142 0.0066 -0.1316 0.6641 0.4628
0.0000 0.6336 0.0141 0.0067 -0.1305 0.6553 0.5331
0.2500 0.6569 0.0138 0.0068 -0.1293 0.6477 0.6432
0.5000 0.6777 0.0136 0.0070 -0.1273 0.6404 0.7621
0.7500 0.7001 0.0135 0.0072 -0.1252 0.6323 0.8810
1.0000 0.7558 0.0136 0.0072 -0.1303 0.6252 0.9728
1.2500 0.7988 0.0138 0.0073 -0.1337 0.6168 1.0000
1.5000 0.8216 0.0140 0.0073 -0.1327 0.6100 1.0000
1.7500 0.8482 0.0142 0.0074 -0.1326 0.6042 1.0000
2.0000 0.8682 0.0144 0.0076 -0.1311 0.5973 1.0000
2.2500 0.8931 0.0146 0.0077 -0.1306 0.5913 1.0000
2.5000 0.9177 0.0149 0.0079 -0.1300 0.5854 1.0000
2.7500 0.9423 0.0151 0.0081 -0.1295 0.5794 1.0000
3.0000 0.9666 0.0153 0.0082 -0.1289 0.5729 1.0000
3.2500 0.9958 0.0155 0.0083 -0.1291 0.5672 1.0000
3.5000 1.0166 0.0158 0.0086 -0.1279 0.5608 1.0000
3.7500 1.0404 0.0160 0.0088 -0.1272 0.5547 1.0000
4.0000 1.0681 0.0162 0.0089 -0.1272 0.5493 1.0000
4.2500 1.0934 0.0166 0.0092 -0.1268 0.5438 1.0000
4.5000 1.1148 0.0168 0.0095 -0.1257 0.5377 1.0000
4.7500 1.1408 0.0171 0.0097 -0.1254 0.5324 1.0000
5.0000 1.1719 0.0174 0.0099 -0.1262 0.5276 1.0000
