-5.0000 0.0865 0.0117 0.0050 -0.1509 0.8737 0.1046
-4.7500 0.1160 0.0115 0.0048 -0.1512 0.8697 0.1142
-4.5000 0.1419 0.0113 0.0047 -0.1508 0.8635 0.1240
-4.2500 0.1712 0.0111 0.0045 -0.1510 0.8586 0.1360
-4.0000 0.2021 0.0109 0.0043 -0.1515 0.8542 0.1498
-3.7500 0.2285 0.0107 0.0042 -0.1512 0.8475 0.1652
-3.5000 0.2567 0.0105 0.0041 -0.1512 0.8411 0.1883
-3.2500 0.2872 0.0103 0.0039 -0.1517 0.8359 0.2137
-3.0000 0.3139 0.0102 0.0039 -0.1514 0.8294 0.2322
-2.7500 0.3419 0.0101 0.0038 -0.1513 0.8231 0.2482
-2.5000 0.3717 0.0100 0.0037 -0.1516 0.8180 0.2651
-2.2500 0.3998 0.0099 0.0036 -0.1516 0.8123 0.2826
-2.0000 0.4272 0.0098 0.0036 -0.1515 0.8057 0.3009
-1.7500 0.4562 0.0097 0.0035 -0.1516 0.7999 0.3196
-1.5000 0.4848 0.0097 0.0035 -0.1517 0.7936 0.3392
-1.2500 0.5116 0.0096 0.0035 -0.1514 0.7861 0.3590
-1.0000 0.5406 0.0095 0.0034 -0.1515 0.7796 0.3806
-0.7500 0.5685 0.0095 0.0034 -0.1514 0.7730 0.4039
-0.5000 0.5957 0.0094 0.0034 -0.1512 0.7658 0.4268
-0.2500 0.6247 0.0094 0.0034 -0.1513 0.7595 0.4514
0.0000 0.6522 0.0094 0.0034 -0.1512 0.7526 0.4772
0.2500 0.6789 0.0093 0.0035 -0.1509 0.7449 0.5029
0.5000 0.7076 0.0093 0.0035 -0.1510 0.7380 0.5345
0.7500 0.7333 0.0092 0.0036 -0.1505 0.7294 0.5707
1.0000 0.7602 0.0092 0.0036 -0.1501 0.7208 0.6127
1.2500 0.7860 0.0091 0.0037 -0.1496 0.7119 0.6645
1.5000 0.8082 0.0089 0.0037 -0.1481 0.7036 0.7656
1.7500 0.8304 0.0087 0.0038 -0.1466 0.6952 0.8667
2.0000 0.8647 0.0086 0.0038 -0.1477 0.6860 1.0000
2.2500 0.8924 0.0088 0.0039 -0.1476 0.6780 1.0000
2.5000 0.9179 0.0089 0.0040 -0.1471 0.6688 1.0000
2.7500 0.9447 0.0090 0.0040 -0.1468 0.6600 1.0000
3.0000 0.9697 0.0091 0.0041 -0.1462 0.6495 1.0000
3.2500 0.9951 0.0093 0.0042 -0.1457 0.6382 1.0000
3.5000 1.0190 0.0095 0.0043 -0.1448 0.6255 1.0000
3.7500 1.0437 0.0096 0.0044 -0.1441 0.6142 1.0000
4.0000 1.0679 0.0098 0.0046 -0.1434 0.6026 1.0000
4.2500 1.0917 0.0100 0.0047 -0.1425 0.5905 1.0000
4.5000 1.1150 0.0102 0.0049 -0.1416 0.5785 1.0000
4.7500 1.1382 0.0104 0.0050 -0.1407 0.5665 1.0000
5.0000 1.1608 0.0106 0.0052 -0.1396 0.5540 1.0000
