-5.0000 -0.3126 0.0211 0.0136 -0.0678 0.8404 0.3547
-4.7500 -0.2683 0.0205 0.0130 -0.0707 0.8388 0.3641
-4.5000 -0.2237 0.0200 0.0125 -0.0736 0.8372 0.3747
-4.2500 -0.1993 0.0197 0.0123 -0.0727 0.8296 0.3827
-4.0000 -0.1749 0.0194 0.0120 -0.0718 0.8221 0.3908
-3.7500 -0.1308 0.0189 0.0114 -0.0746 0.8198 0.3996
-3.5000 -0.1033 0.0186 0.0112 -0.0743 0.8125 0.4081
-3.2500 -0.0757 0.0183 0.0109 -0.0740 0.8053 0.4165
-3.0000 -0.0324 0.0178 0.0103 -0.0766 0.8020 0.4275
-2.7500 -0.0120 0.0176 0.0103 -0.0750 0.7920 0.4349
-2.5000 0.0283 0.0173 0.0098 -0.0770 0.7871 0.4459
-2.2500 0.0527 0.0170 0.0097 -0.0761 0.7773 0.4536
-2.0000 0.0920 0.0167 0.0092 -0.0780 0.7709 0.4644
-1.7500 0.1141 0.0165 0.0092 -0.0766 0.7597 0.4722
-1.5000 0.1466 0.0163 0.0089 -0.0772 0.7514 0.4828
-1.2500 0.1760 0.0161 0.0087 -0.0772 0.7417 0.4922
-1.0000 0.2007 0.0160 0.0086 -0.0764 0.7309 0.5024
-0.7500 0.2317 0.0158 0.0085 -0.0767 0.7216 0.5118
-0.5000 0.2586 0.0158 0.0084 -0.0763 0.7109 0.5219
-0.2500 0.2839 0.0157 0.0083 -0.0756 0.6999 0.5310
0.0000 0.3124 0.0157 0.0082 -0.0756 0.6898 0.5414
0.2500 0.3399 0.0156 0.0082 -0.0753 0.6791 0.5514
0.5000 0.3627 0.0156 0.0082 -0.0741 0.6672 0.5624
0.7500 0.3886 0.0156 0.0082 -0.0735 0.6558 0.5721
1.0000 0.4132 0.0156 0.0083 -0.0726 0.6442 0.5828
1.2500 0.4378 0.0157 0.0083 -0.0718 0.6327 0.5935
1.5000 0.4633 0.0158 0.0083 -0.0713 0.6218 0.6049
1.7500 0.4895 0.0159 0.0084 -0.0707 0.6109 0.6150
2.0000 0.5109 0.0160 0.0084 -0.0694 0.5996 0.6260
2.2500 0.5346 0.0161 0.0085 -0.0685 0.5892 0.6369
2.5000 0.5582 0.0162 0.0086 -0.0675 0.5788 0.6477
2.7500 0.5866 0.0163 0.0087 -0.0675 0.5696 0.6578
3.0000 0.6051 0.0164 0.0089 -0.0656 0.5589 0.6697
3.2500 0.6303 0.0165 0.0090 -0.0650 0.5491 0.6806
3.5000 0.6502 0.0167 0.0091 -0.0634 0.5387 0.6933
3.7500 0.6726 0.0168 0.0093 -0.0622 0.5291 0.7051
4.0000 0.6951 0.0169 0.0094 -0.0611 0.5199 0.7187
4.2500 0.7146 0.0171 0.0096 -0.0595 0.5106 0.7309
4.5000 0.7382 0.0173 0.0097 -0.0586 0.5018 0.7453
4.7500 0.7521 0.0174 0.0100 -0.0558 0.4923 0.7588
5.0000 0.7773 0.0175 0.0101 -0.0552 0.4838 0.7731
