-5.0000 -0.3822 0.0282 0.0193 -0.0491 0.9869 0.0974
-4.7500 -0.3407 0.0279 0.0190 -0.0525 0.9773 0.1074
-4.5000 -0.2928 0.0275 0.0185 -0.0569 0.9708 0.1185
-4.2500 -0.2565 0.0266 0.0174 -0.0588 0.9615 0.1275
-4.0000 -0.2116 0.0257 0.0166 -0.0622 0.9542 0.1403
-3.7500 -0.1727 0.0251 0.0159 -0.0645 0.9450 0.1549
-3.5000 -0.1293 0.0244 0.0153 -0.0675 0.9363 0.1750
-3.2500 -0.0903 0.0238 0.0147 -0.0698 0.9270 0.1965
-3.0000 -0.0494 0.0232 0.0142 -0.0723 0.9185 0.2205
-2.7500 -0.0104 0.0226 0.0137 -0.0744 0.9099 0.2479
-2.5000 0.0295 0.0220 0.0132 -0.0766 0.9013 0.2809
-2.2500 0.0780 0.0210 0.0125 -0.0803 0.8969 0.3284
-2.0000 0.1066 0.0202 0.0121 -0.0804 0.8848 0.3838
-1.7500 0.1455 0.0188 0.0118 -0.0818 0.8795 0.5734
-1.5000 0.1649 0.0181 0.0119 -0.0775 0.8682 0.8282
-1.2500 0.2700 0.0176 0.0114 -0.0902 0.8672 0.9910
-1.0000 0.3151 0.0173 0.0109 -0.0934 0.8556 1.0000
-0.7500 0.3497 0.0170 0.0103 -0.0942 0.8446 1.0000
-0.5000 0.3813 0.0167 0.0099 -0.0944 0.8326 1.0000
-0.2500 0.4066 0.0165 0.0096 -0.0935 0.8178 1.0000
0.0000 0.4329 0.0164 0.0093 -0.0928 0.8035 1.0000
0.2500 0.4590 0.0163 0.0091 -0.0920 0.7891 1.0000
0.5000 0.4853 0.0162 0.0089 -0.0912 0.7747 1.0000
0.7500 0.5116 0.0162 0.0087 -0.0904 0.7606 1.0000
1.0000 0.5377 0.0162 0.0086 -0.0897 0.7464 1.0000
1.2500 0.5640 0.0162 0.0085 -0.0890 0.7326 1.0000
1.5000 0.5907 0.0163 0.0085 -0.0883 0.7194 1.0000
1.7500 0.6161 0.0164 0.0085 -0.0876 0.7061 1.0000
2.0000 0.6399 0.0167 0.0087 -0.0867 0.6926 1.0000
2.2500 0.6650 0.0170 0.0089 -0.0861 0.6805 1.0000
2.5000 0.6927 0.0171 0.0089 -0.0857 0.6699 1.0000
2.7500 0.7170 0.0174 0.0092 -0.0849 0.6573 1.0000
3.0000 0.7411 0.0177 0.0095 -0.0842 0.6454 1.0000
3.2500 0.7678 0.0180 0.0097 -0.0838 0.6355 1.0000
3.5000 0.7930 0.0184 0.0100 -0.0832 0.6251 1.0000
3.7500 0.8169 0.0188 0.0104 -0.0825 0.6145 1.0000
4.0000 0.8458 0.0190 0.0105 -0.0824 0.6056 1.0000
4.2500 0.8672 0.0195 0.0111 -0.0814 0.5940 1.0000
4.5000 0.8940 0.0198 0.0114 -0.0810 0.5851 1.0000
4.7500 0.9173 0.0203 0.0118 -0.0802 0.5746 1.0000
5.0000 0.9426 0.0207 0.0122 -0.0797 0.5649 1.0000
