-5.0000 -0.2896 0.0115 0.0051 -0.0532 0.8313 0.2583
-4.7500 -0.2640 0.0114 0.0049 -0.0526 0.8206 0.2705
-4.5000 -0.2384 0.0113 0.0047 -0.0520 0.8099 0.2827
-4.2500 -0.2122 0.0111 0.0045 -0.0515 0.7998 0.2955
-4.0000 -0.1868 0.0109 0.0044 -0.0509 0.7876 0.3089
-3.7500 -0.1610 0.0108 0.0043 -0.0504 0.7762 0.3236
-3.5000 -0.1350 0.0106 0.0041 -0.0499 0.7652 0.3400
-3.2500 -0.1099 0.0105 0.0040 -0.0492 0.7523 0.3591
-3.0000 -0.0848 0.0103 0.0039 -0.0485 0.7394 0.3782
-2.7500 -0.0601 0.0102 0.0038 -0.0478 0.7261 0.4009
-2.5000 -0.0350 0.0100 0.0037 -0.0471 0.7127 0.4262
-2.2500 -0.0097 0.0100 0.0036 -0.0464 0.6999 0.4517
-2.0000 0.0155 0.0099 0.0036 -0.0458 0.6867 0.4753
-1.7500 0.0408 0.0098 0.0035 -0.0451 0.6737 0.4980
-1.5000 0.0662 0.0097 0.0035 -0.0444 0.6607 0.5206
-1.2500 0.0914 0.0097 0.0035 -0.0437 0.6469 0.5428
-1.0000 0.1170 0.0097 0.0035 -0.0431 0.6337 0.5640
-0.7500 0.1426 0.0097 0.0035 -0.0425 0.6215 0.5852
-0.5000 0.1682 0.0097 0.0035 -0.0419 0.6093 0.6059
-0.2500 0.1940 0.0097 0.0035 -0.0413 0.5978 0.6260
0.0000 0.2196 0.0097 0.0036 -0.0407 0.5864 0.6462
0.2500 0.2452 0.0097 0.0036 -0.0400 0.5750 0.6664
0.5000 0.2707 0.0098 0.0036 -0.0394 0.5646 0.6859
0.7500 0.2967 0.0098 0.0037 -0.0388 0.5537 0.7041
1.0000 0.3225 0.0098 0.0038 -0.0382 0.5440 0.7223
1.2500 0.3482 0.0099 0.0038 -0.0376 0.5340 0.7420
1.5000 0.3734 0.0100 0.0039 -0.0369 0.5243 0.7621
1.7500 0.3987 0.0100 0.0040 -0.0362 0.5140 0.7826
2.0000 0.4241 0.0101 0.0042 -0.0354 0.5048 0.8014
2.2500 0.4496 0.0102 0.0043 -0.0347 0.4957 0.8206
2.5000 0.4748 0.0103 0.0044 -0.0340 0.4877 0.8387
2.7500 0.5002 0.0104 0.0045 -0.0333 0.4793 0.8561
3.0000 0.5252 0.0106 0.0046 -0.0325 0.4717 0.8724
3.2500 0.5510 0.0107 0.0048 -0.0317 0.4636 0.8882
3.5000 0.5759 0.0109 0.0050 -0.0309 0.4560 0.9045
3.7500 0.6018 0.0110 0.0052 -0.0302 0.4479 0.9194
4.0000 0.6266 0.0112 0.0053 -0.0294 0.4393 0.9334
4.2500 0.6580 0.0114 0.0055 -0.0300 0.4305 0.9429
4.5000 0.6868 0.0117 0.0057 -0.0301 0.4223 0.9541
4.7500 0.7248 0.0119 0.0060 -0.0321 0.4143 0.9609
5.0000 0.7562 0.0122 0.0062 -0.0328 0.4060 0.9706
