-5.0000 -0.4653 0.0112 0.0051 -0.0239 0.9322 0.3129
-4.7500 -0.4338 0.0109 0.0049 -0.0246 0.9268 0.3298
-4.5000 -0.4094 0.0106 0.0047 -0.0237 0.9167 0.3442
-4.2500 -0.3807 0.0104 0.0045 -0.0236 0.9090 0.3605
-4.0000 -0.3556 0.0102 0.0043 -0.0228 0.8972 0.3755
-3.7500 -0.3292 0.0100 0.0041 -0.0223 0.8862 0.3907
-3.5000 -0.3024 0.0098 0.0039 -0.0218 0.8755 0.4079
-3.2500 -0.2765 0.0096 0.0038 -0.0212 0.8641 0.4254
-3.0000 -0.2504 0.0095 0.0037 -0.0206 0.8518 0.4431
-2.7500 -0.2245 0.0093 0.0036 -0.0200 0.8383 0.4595
-2.5000 -0.1982 0.0092 0.0034 -0.0194 0.8242 0.4764
-2.2500 -0.1722 0.0091 0.0033 -0.0188 0.8088 0.4926
-2.0000 -0.1460 0.0090 0.0032 -0.0183 0.7945 0.5095
-1.7500 -0.1196 0.0089 0.0032 -0.0178 0.7803 0.5269
-1.5000 -0.0933 0.0088 0.0031 -0.0172 0.7647 0.5459
-1.2500 -0.0676 0.0088 0.0030 -0.0166 0.7490 0.5655
-1.0000 -0.0417 0.0087 0.0030 -0.0160 0.7323 0.5860
-0.7500 -0.0158 0.0086 0.0030 -0.0154 0.7152 0.6054
-0.5000 0.0103 0.0086 0.0029 -0.0148 0.6996 0.6239
-0.2500 0.0365 0.0086 0.0029 -0.0142 0.6843 0.6426
0.0000 0.0626 0.0086 0.0029 -0.0137 0.6698 0.6623
0.2500 0.0887 0.0086 0.0030 -0.0131 0.6551 0.6831
0.5000 0.1147 0.0086 0.0030 -0.0125 0.6406 0.7037
0.7500 0.1406 0.0086 0.0030 -0.0119 0.6265 0.7239
1.0000 0.1666 0.0086 0.0031 -0.0113 0.6114 0.7433
1.2500 0.1926 0.0086 0.0032 -0.0106 0.5955 0.7607
1.5000 0.2186 0.0087 0.0032 -0.0100 0.5795 0.7781
1.7500 0.2447 0.0088 0.0032 -0.0094 0.5642 0.7958
2.0000 0.2707 0.0089 0.0033 -0.0088 0.5499 0.8133
2.2500 0.2966 0.0090 0.0034 -0.0081 0.5352 0.8306
2.5000 0.3224 0.0091 0.0035 -0.0074 0.5181 0.8480
2.7500 0.3480 0.0092 0.0037 -0.0067 0.5026 0.8642
3.0000 0.3737 0.0093 0.0038 -0.0060 0.4868 0.8796
3.2500 0.3992 0.0095 0.0039 -0.0052 0.4716 0.8941
3.5000 0.4251 0.0097 0.0041 -0.0045 0.4567 0.9073
3.7500 0.4506 0.0099 0.0042 -0.0038 0.4420 0.9201
4.0000 0.4775 0.0101 0.0044 -0.0034 0.4259 0.9309
4.2500 0.5065 0.0103 0.0046 -0.0034 0.4063 0.9402
4.5000 0.5349 0.0106 0.0048 -0.0034 0.3871 0.9497
4.7500 0.5689 0.0109 0.0050 -0.0046 0.3703 0.9558
5.0000 0.6001 0.0112 0.0052 -0.0053 0.3548 0.9636
