-5.0000 -0.5583 0.0222 0.0127 -0.0003 1.0000 0.1648
-4.7500 -0.5392 0.0215 0.0122 0.0009 1.0000 0.1795
-4.5000 -0.5205 0.0208 0.0116 0.0020 1.0000 0.1974
-4.2500 -0.5023 0.0201 0.0112 0.0031 1.0000 0.2195
-4.0000 -0.4841 0.0195 0.0108 0.0041 1.0000 0.2527
-3.7500 -0.4664 0.0186 0.0106 0.0051 1.0000 0.3278
-3.5000 -0.4343 0.0179 0.0107 0.0037 0.9944 0.4928
-3.2500 -0.3911 0.0179 0.0111 0.0010 0.9854 0.5865
-3.0000 -0.3477 0.0181 0.0114 -0.0017 0.9750 0.6446
-2.7500 -0.3076 0.0182 0.0117 -0.0037 0.9640 0.6878
-2.5000 -0.2603 0.0184 0.0119 -0.0067 0.9548 0.7299
-2.2500 -0.2246 0.0185 0.0121 -0.0073 0.9420 0.7653
-2.0000 -0.1889 0.0186 0.0122 -0.0079 0.9291 0.8007
-1.7500 -0.1421 0.0187 0.0124 -0.0100 0.9201 0.8330
-1.5000 -0.1043 0.0190 0.0126 -0.0103 0.9069 0.8631
-1.2500 -0.0359 0.0191 0.0127 -0.0157 0.9005 0.8867
-1.0000 0.0175 0.0192 0.0128 -0.0189 0.8872 0.9077
-0.7500 0.0906 0.0190 0.0125 -0.0260 0.8786 0.9195
-0.5000 0.1524 0.0187 0.0121 -0.0316 0.8657 0.9314
-0.2500 0.2065 0.0184 0.0118 -0.0360 0.8504 0.9444
0.0000 0.2581 0.0181 0.0113 -0.0399 0.8332 0.9569
0.2500 0.3120 0.0176 0.0108 -0.0443 0.8140 0.9681
0.5000 0.3624 0.0172 0.0103 -0.0483 0.7906 0.9810
0.7500 0.4137 0.0168 0.0098 -0.0526 0.7652 0.9938
1.0000 0.4493 0.0165 0.0093 -0.0543 0.7398 1.0000
1.2500 0.4680 0.0163 0.0090 -0.0529 0.7154 1.0000
1.5000 0.4877 0.0163 0.0088 -0.0515 0.6928 1.0000
1.7500 0.5071 0.0162 0.0087 -0.0502 0.6674 1.0000
2.0000 0.5274 0.0163 0.0085 -0.0488 0.6434 1.0000
2.2500 0.5483 0.0163 0.0084 -0.0476 0.6208 1.0000
2.5000 0.5679 0.0164 0.0084 -0.0462 0.5953 1.0000
2.7500 0.5883 0.0166 0.0084 -0.0448 0.5726 1.0000
3.0000 0.6080 0.0168 0.0085 -0.0433 0.5496 1.0000
3.2500 0.6281 0.0171 0.0086 -0.0420 0.5286 1.0000
3.5000 0.6486 0.0174 0.0088 -0.0406 0.5097 1.0000
3.7500 0.6691 0.0177 0.0090 -0.0393 0.4921 1.0000
4.0000 0.6896 0.0181 0.0093 -0.0381 0.4759 1.0000
4.2500 0.7102 0.0185 0.0097 -0.0368 0.4610 1.0000
4.5000 0.7312 0.0189 0.0100 -0.0356 0.4475 1.0000
4.7500 0.7526 0.0193 0.0103 -0.0344 0.4347 1.0000
5.0000 0.7724 0.0197 0.0107 -0.0330 0.4217 1.0000
