-5.0000 -0.5373 0.0258 0.0179 -0.0080 0.9027 0.4758
-4.7500 -0.5086 0.0258 0.0179 -0.0080 0.8918 0.4930
-4.5000 -0.4630 0.0256 0.0178 -0.0108 0.8852 0.5126
-4.2500 -0.4358 0.0255 0.0178 -0.0105 0.8732 0.5290
-4.0000 -0.3851 0.0253 0.0175 -0.0140 0.8678 0.5480
-3.7500 -0.3597 0.0252 0.0175 -0.0132 0.8558 0.5625
-3.5000 -0.3120 0.0248 0.0172 -0.0161 0.8506 0.5796
-3.2500 -0.2853 0.0247 0.0171 -0.0154 0.8389 0.5940
-3.0000 -0.2394 0.0243 0.0168 -0.0176 0.8332 0.6111
-2.7500 -0.2130 0.0242 0.0167 -0.0166 0.8211 0.6265
-2.5000 -0.1672 0.0237 0.0163 -0.0185 0.8155 0.6438
-2.2500 -0.1424 0.0236 0.0162 -0.0173 0.8027 0.6585
-2.0000 -0.1124 0.0233 0.0159 -0.0169 0.7920 0.6733
-1.7500 -0.0744 0.0228 0.0154 -0.0177 0.7839 0.6883
-1.5000 -0.0449 0.0228 0.0154 -0.0170 0.7713 0.7010
-1.2500 -0.0135 0.0226 0.0152 -0.0166 0.7599 0.7148
-1.0000 0.0252 0.0223 0.0149 -0.0173 0.7506 0.7291
-0.7500 0.0513 0.0222 0.0148 -0.0161 0.7366 0.7432
-0.5000 0.0773 0.0221 0.0147 -0.0149 0.7228 0.7577
-0.2500 0.1052 0.0220 0.0146 -0.0141 0.7100 0.7726
0.0000 0.1459 0.0220 0.0145 -0.0150 0.6984 0.7836
0.2500 0.1724 0.0221 0.0146 -0.0140 0.6832 0.7964
0.5000 0.1998 0.0222 0.0147 -0.0131 0.6695 0.8106
0.7500 0.2348 0.0222 0.0146 -0.0134 0.6577 0.8244
1.0000 0.2695 0.0226 0.0149 -0.0138 0.6417 0.8335
1.2500 0.2990 0.0227 0.0150 -0.0135 0.6281 0.8464
1.5000 0.3420 0.0229 0.0150 -0.0154 0.6154 0.8565
1.7500 0.3758 0.0232 0.0154 -0.0160 0.5993 0.8671
2.0000 0.4066 0.0234 0.0155 -0.0161 0.5853 0.8805
2.2500 0.4595 0.0238 0.0156 -0.0201 0.5700 0.8871
2.5000 0.4962 0.0239 0.0157 -0.0215 0.5553 0.8992
2.7500 0.5467 0.0242 0.0159 -0.0255 0.5391 0.9069
3.0000 0.5845 0.0244 0.0161 -0.0274 0.5243 0.9185
3.2500 0.6247 0.0247 0.0162 -0.0297 0.5094 0.9299
3.5000 0.6710 0.0249 0.0163 -0.0333 0.4942 0.9388
3.7500 0.7077 0.0250 0.0164 -0.0352 0.4812 0.9512
4.0000 0.7587 0.0252 0.0164 -0.0399 0.4670 0.9591
4.2500 0.7960 0.0254 0.0167 -0.0423 0.4536 0.9707
4.5000 0.8439 0.0256 0.0168 -0.0467 0.4414 0.9792
4.7500 0.8874 0.0258 0.0168 -0.0503 0.4310 0.9886
5.0000 0.9339 0.0260 0.0171 -0.0547 0.4187 0.9973
