-5.0000 -0.5367 0.0271 0.0191 -0.0073 0.8798 0.4821
-4.7500 -0.4945 0.0269 0.0190 -0.0095 0.8724 0.4987
-4.5000 -0.4413 0.0266 0.0187 -0.0136 0.8684 0.5162
-4.2500 -0.4261 0.0266 0.0188 -0.0112 0.8542 0.5282
-4.0000 -0.3748 0.0263 0.0185 -0.0147 0.8498 0.5452
-3.7500 -0.3517 0.0262 0.0185 -0.0134 0.8373 0.5581
-3.5000 -0.3056 0.0258 0.0180 -0.0158 0.8315 0.5731
-3.2500 -0.2734 0.0255 0.0177 -0.0160 0.8226 0.5874
-3.0000 -0.2413 0.0252 0.0174 -0.0162 0.8138 0.6017
-2.7500 -0.2047 0.0249 0.0173 -0.0167 0.8049 0.6157
-2.5000 -0.1682 0.0247 0.0171 -0.0172 0.7959 0.6297
-2.2500 -0.1428 0.0245 0.0169 -0.0161 0.7842 0.6443
-2.0000 -0.1013 0.0240 0.0164 -0.0174 0.7770 0.6590
-1.7500 -0.0739 0.0239 0.0163 -0.0166 0.7642 0.6700
-1.5000 -0.0417 0.0234 0.0159 -0.0166 0.7550 0.6846
-1.2500 -0.0073 0.0233 0.0158 -0.0167 0.7438 0.6962
-1.0000 0.0173 0.0232 0.0157 -0.0156 0.7316 0.7094
-0.7500 0.0485 0.0230 0.0154 -0.0153 0.7209 0.7232
-0.5000 0.0861 0.0228 0.0152 -0.0159 0.7098 0.7349
-0.2500 0.1071 0.0227 0.0151 -0.0142 0.6958 0.7495
0.0000 0.1383 0.0228 0.0152 -0.0138 0.6821 0.7607
0.2500 0.1716 0.0228 0.0151 -0.0138 0.6710 0.7740
0.5000 0.1938 0.0228 0.0151 -0.0122 0.6577 0.7894
0.7500 0.2284 0.0232 0.0155 -0.0124 0.6441 0.7993
1.0000 0.2662 0.0232 0.0153 -0.0132 0.6333 0.8117
1.2500 0.2847 0.0234 0.0155 -0.0111 0.6186 0.8263
1.5000 0.3259 0.0237 0.0159 -0.0127 0.6050 0.8347
1.7500 0.3604 0.0239 0.0159 -0.0132 0.5928 0.8465
2.0000 0.3820 0.0241 0.0161 -0.0118 0.5792 0.8610
2.2500 0.4338 0.0245 0.0164 -0.0154 0.5650 0.8668
2.5000 0.4658 0.0247 0.0165 -0.0157 0.5519 0.8798
2.7500 0.5142 0.0251 0.0169 -0.0191 0.5367 0.8866
3.0000 0.5510 0.0254 0.0170 -0.0207 0.5238 0.8978
3.2500 0.6014 0.0256 0.0171 -0.0246 0.5101 0.9056
3.5000 0.6426 0.0258 0.0173 -0.0271 0.4966 0.9157
3.7500 0.6775 0.0261 0.0176 -0.0286 0.4839 0.9279
4.0000 0.7228 0.0264 0.0178 -0.0321 0.4707 0.9370
4.2500 0.7662 0.0266 0.0179 -0.0353 0.4588 0.9463
4.5000 0.8023 0.0269 0.0181 -0.0373 0.4467 0.9577
4.7500 0.8475 0.0272 0.0184 -0.0412 0.4348 0.9663
5.0000 0.8919 0.0273 0.0184 -0.0448 0.4251 0.9755
