-5.0000 -0.3373 0.0279 0.0188 -0.0702 0.9822 0.0935
-4.7500 -0.2963 0.0276 0.0185 -0.0734 0.9764 0.1027
-4.5000 -0.2568 0.0275 0.0183 -0.0764 0.9703 0.1149
-4.2500 -0.2204 0.0273 0.0181 -0.0788 0.9627 0.1293
-4.0000 -0.1752 0.0269 0.0178 -0.0825 0.9579 0.1462
-3.7500 -0.1442 0.0264 0.0172 -0.0835 0.9491 0.1626
-3.5000 -0.1011 0.0260 0.0169 -0.0868 0.9437 0.1846
-3.2500 -0.0693 0.0256 0.0166 -0.0879 0.9351 0.2068
-3.0000 -0.0279 0.0253 0.0163 -0.0908 0.9292 0.2349
-2.7500 0.0031 0.0251 0.0162 -0.0917 0.9210 0.2615
-2.5000 0.0425 0.0248 0.0160 -0.0941 0.9145 0.2945
-2.2500 0.0752 0.0246 0.0159 -0.0952 0.9063 0.3277
-2.0000 0.1127 0.0242 0.0157 -0.0971 0.8989 0.3669
-1.7500 0.1499 0.0238 0.0156 -0.0988 0.8921 0.4125
-1.5000 0.1805 0.0235 0.0155 -0.0993 0.8827 0.4622
-1.2500 0.2238 0.0229 0.0152 -0.1018 0.8784 0.5364
-1.0000 0.2436 0.0227 0.0154 -0.1002 0.8672 0.6141
-0.7500 0.2739 0.0219 0.0152 -0.0989 0.8623 0.7902
-0.5000 0.3332 0.0213 0.0146 -0.1039 0.8594 1.0000
-0.2500 0.3516 0.0216 0.0148 -0.1025 0.8458 1.0000
0.0000 0.3993 0.0212 0.0143 -0.1057 0.8418 1.0000
0.2500 0.4195 0.0216 0.0145 -0.1046 0.8297 1.0000
0.5000 0.4605 0.0214 0.0141 -0.1066 0.8245 1.0000
0.7500 0.4920 0.0214 0.0140 -0.1070 0.8159 1.0000
1.0000 0.5235 0.0213 0.0139 -0.1073 0.8073 1.0000
1.2500 0.5667 0.0208 0.0133 -0.1093 0.8030 1.0000
1.5000 0.5862 0.0212 0.0137 -0.1079 0.7905 1.0000
1.7500 0.6261 0.0208 0.0132 -0.1093 0.7850 1.0000
2.0000 0.6557 0.0207 0.0132 -0.1092 0.7760 1.0000
2.2500 0.6852 0.0207 0.0131 -0.1092 0.7670 1.0000
2.5000 0.7133 0.0208 0.0132 -0.1090 0.7578 1.0000
2.7500 0.7455 0.0207 0.0130 -0.1091 0.7489 1.0000
3.0000 0.7745 0.0207 0.0130 -0.1089 0.7393 1.0000
3.2500 0.8051 0.0206 0.0129 -0.1089 0.7299 1.0000
3.5000 0.8316 0.0208 0.0131 -0.1084 0.7198 1.0000
3.7500 0.8641 0.0206 0.0129 -0.1086 0.7105 1.0000
4.0000 0.8885 0.0208 0.0132 -0.1078 0.6989 1.0000
4.2500 0.9232 0.0205 0.0129 -0.1082 0.6897 1.0000
4.5000 0.9448 0.0209 0.0133 -0.1070 0.6767 1.0000
4.7500 0.9814 0.0206 0.0130 -0.1077 0.6679 1.0000
5.0000 1.0020 0.0209 0.0134 -0.1062 0.6534 1.0000
