-5.0000 -0.3102 0.0126 0.0061 -0.0374 0.8046 0.4088
-4.7500 -0.2847 0.0124 0.0059 -0.0367 0.7934 0.4210
-4.5000 -0.2603 0.0123 0.0058 -0.0357 0.7806 0.4327
-4.2500 -0.2353 0.0122 0.0057 -0.0349 0.7685 0.4445
-4.0000 -0.2093 0.0121 0.0055 -0.0343 0.7567 0.4572
-3.7500 -0.1847 0.0120 0.0054 -0.0334 0.7438 0.4688
-3.5000 -0.1592 0.0120 0.0054 -0.0327 0.7316 0.4798
-3.2500 -0.1334 0.0119 0.0053 -0.0320 0.7200 0.4912
-3.0000 -0.1079 0.0118 0.0052 -0.0313 0.7070 0.5023
-2.7500 -0.0827 0.0118 0.0051 -0.0306 0.6937 0.5142
-2.5000 -0.0572 0.0118 0.0051 -0.0299 0.6813 0.5251
-2.2500 -0.0315 0.0117 0.0050 -0.0292 0.6695 0.5375
-2.0000 -0.0064 0.0117 0.0050 -0.0284 0.6574 0.5504
-1.7500 0.0189 0.0117 0.0049 -0.0277 0.6455 0.5637
-1.5000 0.0444 0.0117 0.0049 -0.0271 0.6339 0.5765
-1.2500 0.0696 0.0117 0.0049 -0.0263 0.6219 0.5896
-1.0000 0.0947 0.0117 0.0049 -0.0256 0.6102 0.6039
-0.7500 0.1199 0.0117 0.0049 -0.0248 0.5990 0.6182
-0.5000 0.1449 0.0117 0.0049 -0.0241 0.5863 0.6316
-0.2500 0.1702 0.0117 0.0049 -0.0234 0.5748 0.6439
0.0000 0.1952 0.0117 0.0049 -0.0226 0.5629 0.6567
0.2500 0.2203 0.0117 0.0050 -0.0219 0.5517 0.6706
0.5000 0.2452 0.0118 0.0050 -0.0211 0.5403 0.6845
0.7500 0.2701 0.0118 0.0051 -0.0204 0.5290 0.6986
1.0000 0.2947 0.0119 0.0051 -0.0196 0.5179 0.7124
1.2500 0.3195 0.0119 0.0052 -0.0188 0.5063 0.7264
1.5000 0.3436 0.0120 0.0053 -0.0179 0.4950 0.7406
1.7500 0.3679 0.0121 0.0054 -0.0170 0.4829 0.7552
2.0000 0.3915 0.0122 0.0055 -0.0160 0.4718 0.7706
2.2500 0.4152 0.0123 0.0056 -0.0150 0.4602 0.7863
2.5000 0.4385 0.0125 0.0058 -0.0139 0.4496 0.8027
2.7500 0.4615 0.0126 0.0059 -0.0128 0.4378 0.8185
3.0000 0.4843 0.0128 0.0061 -0.0116 0.4267 0.8337
3.2500 0.5066 0.0130 0.0063 -0.0103 0.4152 0.8478
3.5000 0.5293 0.0132 0.0065 -0.0091 0.4039 0.8617
3.7500 0.5505 0.0134 0.0067 -0.0077 0.3934 0.8761
4.0000 0.5725 0.0136 0.0069 -0.0063 0.3836 0.8909
4.2500 0.5929 0.0140 0.0072 -0.0047 0.3747 0.9056
4.5000 0.6175 0.0143 0.0075 -0.0038 0.3653 0.9175
4.7500 0.6421 0.0146 0.0078 -0.0031 0.3566 0.9286
5.0000 0.6669 0.0149 0.0081 -0.0025 0.3485 0.9402
