-5.0000 -0.1402 0.0260 0.0184 -0.1273 0.8869 0.2005
-4.7500 -0.1006 0.0257 0.0181 -0.1295 0.8847 0.2132
-4.5000 -0.0583 0.0254 0.0179 -0.1323 0.8831 0.2266
-4.2500 -0.0439 0.0255 0.0180 -0.1301 0.8751 0.2364
-4.0000 -0.0084 0.0254 0.0178 -0.1316 0.8725 0.2506
-3.7500 0.0302 0.0252 0.0177 -0.1337 0.8708 0.2651
-3.5000 0.0709 0.0249 0.0175 -0.1361 0.8695 0.2806
-3.2500 0.0827 0.0252 0.0178 -0.1335 0.8606 0.2913
-3.0000 0.1206 0.0250 0.0176 -0.1353 0.8585 0.3091
-2.7500 0.1612 0.0247 0.0174 -0.1375 0.8570 0.3269
-2.5000 0.1896 0.0246 0.0173 -0.1376 0.8515 0.3419
-2.2500 0.2180 0.0244 0.0172 -0.1377 0.8459 0.3569
-2.0000 0.2602 0.0239 0.0168 -0.1400 0.8443 0.3760
-1.7500 0.2891 0.0238 0.0167 -0.1401 0.8389 0.3918
-1.5000 0.3179 0.0237 0.0166 -0.1401 0.8335 0.4076
-1.2500 0.3585 0.0232 0.0162 -0.1422 0.8319 0.4260
-1.0000 0.4000 0.0227 0.0157 -0.1443 0.8309 0.4445
-0.7500 0.4289 0.0225 0.0156 -0.1442 0.8256 0.4618
-0.5000 0.4579 0.0223 0.0155 -0.1442 0.8202 0.4791
-0.2500 0.4983 0.0217 0.0150 -0.1461 0.8191 0.4971
0.0000 0.5324 0.0212 0.0146 -0.1468 0.8152 0.5154
0.2500 0.5666 0.0208 0.0142 -0.1474 0.8113 0.5337
0.5000 0.6007 0.0203 0.0138 -0.1481 0.8074 0.5520
0.7500 0.6470 0.0194 0.0129 -0.1507 0.8064 0.5720
1.0000 0.6790 0.0190 0.0126 -0.1510 0.8009 0.5898
1.2500 0.7110 0.0185 0.0122 -0.1513 0.7954 0.6076
1.5000 0.7594 0.0178 0.0115 -0.1546 0.7940 0.6272
1.7500 0.7770 0.0177 0.0115 -0.1522 0.7842 0.6420
2.0000 0.8245 0.0170 0.0108 -0.1555 0.7815 0.6610
2.2500 0.8483 0.0167 0.0106 -0.1542 0.7722 0.6768
2.5000 0.8758 0.0163 0.0103 -0.1536 0.7632 0.6947
2.7500 0.9113 0.0158 0.0099 -0.1546 0.7552 0.7137
3.0000 0.9468 0.0154 0.0095 -0.1556 0.7473 0.7327
3.2500 0.9737 0.0151 0.0092 -0.1549 0.7360 0.7527
3.5000 0.9973 0.0149 0.0091 -0.1536 0.7229 0.7743
3.7500 1.0156 0.0148 0.0090 -0.1513 0.7078 0.8004
4.0000 1.0373 0.0145 0.0089 -0.1494 0.6937 0.9002
4.2500 1.0591 0.0142 0.0087 -0.1476 0.6796 1.0000
4.5000 1.0920 0.0142 0.0086 -0.1486 0.6649 1.0000
4.7500 1.1141 0.0144 0.0087 -0.1475 0.6476 1.0000
5.0000 1.1398 0.0146 0.0087 -0.1471 0.6307 1.0000
