-5.0000 -0.4574 0.0452 0.0365 -0.0682 0.8474 0.3320
-4.7500 -0.4102 0.0454 0.0368 -0.0712 0.8435 0.3404
-4.5000 -0.4040 0.0453 0.0367 -0.0684 0.8315 0.3469
-4.2500 -0.3676 0.0451 0.0365 -0.0702 0.8254 0.3556
-4.0000 -0.3214 0.0450 0.0363 -0.0732 0.8217 0.3651
-3.7500 -0.3148 0.0450 0.0363 -0.0708 0.8101 0.3715
-3.5000 -0.2805 0.0450 0.0364 -0.0718 0.8037 0.3794
-3.2500 -0.2351 0.0447 0.0360 -0.0746 0.8001 0.3900
-3.0000 -0.2137 0.0448 0.0361 -0.0741 0.7912 0.3979
-2.7500 -0.1923 0.0449 0.0362 -0.0735 0.7823 0.4057
-2.5000 -0.1460 0.0444 0.0357 -0.0763 0.7786 0.4176
-2.2500 -0.1235 0.0445 0.0359 -0.0756 0.7696 0.4260
-2.0000 -0.1010 0.0447 0.0361 -0.0750 0.7607 0.4344
-1.7500 -0.0566 0.0443 0.0357 -0.0774 0.7576 0.4469
-1.5000 -0.0353 0.0445 0.0360 -0.0766 0.7490 0.4555
-1.2500 -0.0140 0.0448 0.0362 -0.0758 0.7403 0.4641
-1.0000 0.0326 0.0441 0.0355 -0.0783 0.7374 0.4772
-0.7500 0.0561 0.0442 0.0357 -0.0776 0.7290 0.4862
-0.5000 0.0796 0.0443 0.0359 -0.0770 0.7206 0.4952
-0.2500 0.1256 0.0436 0.0351 -0.0792 0.7183 0.5086
0.0000 0.1475 0.0439 0.0354 -0.0785 0.7103 0.5179
0.2500 0.1694 0.0441 0.0358 -0.0777 0.7023 0.5272
0.5000 0.2161 0.0432 0.0349 -0.0798 0.7006 0.5410
0.7500 0.2177 0.0444 0.0362 -0.0766 0.6870 0.5472
1.0000 0.2653 0.0433 0.0350 -0.0786 0.6850 0.5614
1.2500 0.2908 0.0432 0.0350 -0.0780 0.6775 0.5720
1.5000 0.3163 0.0432 0.0350 -0.0774 0.6700 0.5827
1.7500 0.3643 0.0417 0.0336 -0.0792 0.6687 0.5977
2.0000 0.3896 0.0416 0.0335 -0.0785 0.6615 0.6095
2.2500 0.4149 0.0415 0.0335 -0.0778 0.6543 0.6213
2.5000 0.4629 0.0399 0.0319 -0.0794 0.6533 0.6357
2.7500 0.4960 0.0393 0.0313 -0.0797 0.6479 0.6492
3.0000 0.5292 0.0387 0.0307 -0.0800 0.6426 0.6628
3.2500 0.5623 0.0381 0.0301 -0.0803 0.6372 0.6763
3.5000 0.5815 0.0382 0.0303 -0.0789 0.6282 0.6896
3.7500 0.6008 0.0384 0.0305 -0.0774 0.6192 0.7028
4.0000 0.6200 0.0385 0.0307 -0.0760 0.6102 0.7161
4.2500 0.6765 0.0363 0.0285 -0.0786 0.6086 0.7346
4.5000 0.7391 0.0340 0.0262 -0.0821 0.6069 0.7536
4.7500 0.8098 0.0316 0.0238 -0.0870 0.6048 0.7746
5.0000 0.7903 0.0335 0.0259 -0.0805 0.5909 0.7878
