-5.0000 -0.1099 0.0138 0.0065 -0.0758 0.9252 -0.0002
-4.7500 -0.0836 0.0134 0.0062 -0.0752 0.9140 0.0121
-4.5000 -0.0573 0.0130 0.0059 -0.0746 0.9028 0.0244
-4.2500 -0.0280 0.0127 0.0056 -0.0744 0.8938 0.0274
-4.0000 -0.0009 0.0125 0.0053 -0.0739 0.8824 0.0293
-3.7500 0.0262 0.0123 0.0050 -0.0733 0.8694 0.0322
-3.5000 0.0534 0.0121 0.0048 -0.0728 0.8565 0.0348
-3.2500 0.0806 0.0119 0.0046 -0.0723 0.8435 0.0365
-3.0000 0.1077 0.0118 0.0044 -0.0718 0.8296 0.0388
-2.7500 0.1348 0.0116 0.0042 -0.0713 0.8150 0.0421
-2.5000 0.1617 0.0115 0.0041 -0.0709 0.7994 0.0461
-2.2500 0.1886 0.0114 0.0039 -0.0703 0.7832 0.0490
-2.0000 0.2152 0.0113 0.0037 -0.0698 0.7658 0.0522
-1.7500 0.2419 0.0112 0.0036 -0.0693 0.7480 0.0561
-1.5000 0.2685 0.0112 0.0035 -0.0689 0.7291 0.0634
-1.2500 0.2950 0.0111 0.0034 -0.0683 0.7083 0.0723
-1.0000 0.3212 0.0111 0.0033 -0.0678 0.6868 0.0807
-0.7500 0.3472 0.0111 0.0032 -0.0672 0.6643 0.0915
-0.5000 0.3732 0.0111 0.0032 -0.0667 0.6421 0.1040
-0.2500 0.3992 0.0111 0.0031 -0.0662 0.6180 0.1199
0.0000 0.4248 0.0111 0.0031 -0.0656 0.5926 0.1450
0.2500 0.4419 0.0097 0.0031 -0.0643 0.5689 0.5802
0.5000 0.4602 0.0090 0.0033 -0.0609 0.5431 0.9270
0.7500 0.5269 0.0094 0.0034 -0.0689 0.4988 0.9947
1.0000 0.5584 0.0097 0.0035 -0.0698 0.4625 1.0000
1.2500 0.5792 0.0100 0.0035 -0.0685 0.4307 1.0000
1.5000 0.6006 0.0103 0.0036 -0.0672 0.4028 1.0000
1.7500 0.6221 0.0106 0.0037 -0.0660 0.3812 1.0000
2.0000 0.6440 0.0109 0.0039 -0.0649 0.3649 1.0000
2.2500 0.6668 0.0112 0.0040 -0.0639 0.3515 1.0000
2.5000 0.6902 0.0114 0.0042 -0.0631 0.3414 1.0000
2.7500 0.7136 0.0117 0.0043 -0.0622 0.3329 1.0000
3.0000 0.7374 0.0120 0.0046 -0.0615 0.3261 1.0000
3.2500 0.7624 0.0122 0.0047 -0.0609 0.3206 1.0000
3.5000 0.7871 0.0125 0.0049 -0.0603 0.3155 1.0000
3.7500 0.8115 0.0128 0.0052 -0.0597 0.3109 1.0000
4.0000 0.8365 0.0131 0.0054 -0.0593 0.3070 1.0000
4.2500 0.8621 0.0134 0.0056 -0.0588 0.3033 1.0000
4.5000 0.8875 0.0136 0.0059 -0.0584 0.2995 1.0000
4.7500 0.9127 0.0139 0.0061 -0.0580 0.2960 1.0000
5.0000 0.9377 0.0143 0.0065 -0.0576 0.2924 1.0000
