-5.0000 -0.1046 0.0132 0.0063 -0.0585 0.7096 0.4262
-4.7500 -0.0811 0.0132 0.0062 -0.0574 0.6981 0.4362
-4.5000 -0.0574 0.0131 0.0062 -0.0563 0.6868 0.4453
-4.2500 -0.0333 0.0131 0.0061 -0.0553 0.6757 0.4549
-4.0000 -0.0086 0.0131 0.0060 -0.0543 0.6651 0.4654
-3.7500 0.0147 0.0131 0.0060 -0.0532 0.6539 0.4768
-3.5000 0.0384 0.0130 0.0060 -0.0521 0.6432 0.4881
-3.2500 0.0628 0.0130 0.0059 -0.0512 0.6334 0.4977
-3.0000 0.0878 0.0130 0.0059 -0.0504 0.6241 0.5071
-2.7500 0.1121 0.0130 0.0058 -0.0495 0.6143 0.5176
-2.5000 0.1361 0.0130 0.0058 -0.0485 0.6046 0.5277
-2.2500 0.1604 0.0130 0.0059 -0.0476 0.5953 0.5380
-2.0000 0.1850 0.0130 0.0058 -0.0467 0.5865 0.5493
-1.7500 0.2088 0.0130 0.0058 -0.0458 0.5768 0.5603
-1.5000 0.2327 0.0130 0.0059 -0.0448 0.5675 0.5709
-1.2500 0.2568 0.0131 0.0059 -0.0439 0.5585 0.5820
-1.0000 0.2808 0.0131 0.0059 -0.0430 0.5497 0.5936
-0.7500 0.3038 0.0132 0.0060 -0.0419 0.5402 0.6060
-0.5000 0.3269 0.0132 0.0060 -0.0408 0.5308 0.6186
-0.2500 0.3499 0.0132 0.0060 -0.0397 0.5218 0.6315
0.0000 0.3729 0.0133 0.0061 -0.0386 0.5131 0.6440
0.2500 0.3949 0.0133 0.0062 -0.0373 0.5035 0.6567
0.5000 0.4167 0.0134 0.0063 -0.0360 0.4939 0.6700
0.7500 0.4382 0.0135 0.0063 -0.0347 0.4845 0.6836
1.0000 0.4589 0.0136 0.0065 -0.0332 0.4748 0.6972
1.2500 0.4796 0.0137 0.0066 -0.0317 0.4651 0.7108
1.5000 0.4991 0.0137 0.0067 -0.0300 0.4558 0.7250
1.7500 0.5176 0.0139 0.0068 -0.0282 0.4470 0.7397
2.0000 0.5359 0.0140 0.0069 -0.0263 0.4377 0.7550
2.2500 0.5544 0.0141 0.0071 -0.0244 0.4279 0.7716
2.5000 0.5731 0.0143 0.0073 -0.0227 0.4184 0.7886
2.7500 0.5915 0.0146 0.0076 -0.0209 0.4089 0.8063
3.0000 0.6091 0.0148 0.0078 -0.0189 0.3993 0.8241
3.2500 0.6265 0.0151 0.0081 -0.0170 0.3897 0.8430
3.5000 0.6437 0.0154 0.0085 -0.0150 0.3799 0.8610
3.7500 0.6603 0.0157 0.0088 -0.0130 0.3710 0.8801
4.0000 0.6762 0.0161 0.0092 -0.0108 0.3631 0.8983
4.2500 0.6936 0.0165 0.0096 -0.0089 0.3544 0.9165
4.5000 0.7125 0.0169 0.0100 -0.0073 0.3466 0.9353
4.7500 0.7369 0.0175 0.0105 -0.0071 0.3393 0.9500
5.0000 0.7664 0.0180 0.0110 -0.0079 0.3315 0.9633
