-5.0000 -0.5158 0.0249 0.0158 -0.0183 0.9654 0.2535
-4.7500 -0.4731 0.0244 0.0153 -0.0215 0.9567 0.2756
-4.5000 -0.4350 0.0238 0.0150 -0.0238 0.9469 0.2979
-4.2500 -0.3916 0.0232 0.0146 -0.0270 0.9380 0.3270
-4.0000 -0.3573 0.0227 0.0143 -0.0283 0.9271 0.3592
-3.7500 -0.3148 0.0221 0.0140 -0.0311 0.9189 0.4041
-3.5000 -0.2848 0.0217 0.0139 -0.0314 0.9073 0.4516
-3.2500 -0.2423 0.0212 0.0137 -0.0337 0.8995 0.5144
-3.0000 -0.2129 0.0209 0.0137 -0.0334 0.8875 0.5674
-2.7500 -0.1685 0.0206 0.0135 -0.0354 0.8803 0.6205
-2.5000 -0.1387 0.0204 0.0135 -0.0349 0.8685 0.6605
-2.2500 -0.0984 0.0201 0.0133 -0.0358 0.8609 0.6989
-2.0000 -0.0703 0.0201 0.0133 -0.0346 0.8487 0.7311
-1.7500 -0.0308 0.0198 0.0131 -0.0350 0.8412 0.7621
-1.5000 -0.0028 0.0198 0.0131 -0.0337 0.8283 0.7868
-1.2500 0.0379 0.0196 0.0129 -0.0342 0.8210 0.8121
-1.0000 0.0646 0.0196 0.0129 -0.0327 0.8072 0.8358
-0.7500 0.1025 0.0196 0.0129 -0.0329 0.7962 0.8561
-0.5000 0.1457 0.0196 0.0127 -0.0340 0.7853 0.8741
-0.2500 0.1933 0.0197 0.0127 -0.0364 0.7704 0.8886
0.0000 0.2410 0.0197 0.0127 -0.0388 0.7555 0.9031
0.2500 0.2916 0.0198 0.0126 -0.0420 0.7397 0.9183
0.5000 0.3427 0.0198 0.0125 -0.0456 0.7231 0.9339
0.7500 0.4016 0.0197 0.0124 -0.0510 0.7058 0.9465
1.0000 0.4539 0.0197 0.0122 -0.0555 0.6885 0.9597
1.2500 0.5017 0.0196 0.0120 -0.0594 0.6714 0.9730
1.5000 0.5510 0.0194 0.0117 -0.0639 0.6537 0.9846
1.7500 0.6008 0.0193 0.0114 -0.0686 0.6364 0.9950
2.0000 0.6342 0.0193 0.0113 -0.0704 0.6211 1.0000
2.2500 0.6534 0.0193 0.0112 -0.0694 0.6090 1.0000
2.5000 0.6723 0.0193 0.0112 -0.0684 0.5966 1.0000
2.7500 0.6905 0.0195 0.0113 -0.0672 0.5845 1.0000
3.0000 0.7119 0.0196 0.0113 -0.0663 0.5748 1.0000
3.2500 0.7285 0.0198 0.0116 -0.0648 0.5632 1.0000
3.5000 0.7488 0.0200 0.0117 -0.0637 0.5533 1.0000
3.7500 0.7663 0.0202 0.0118 -0.0621 0.5421 1.0000
4.0000 0.7847 0.0205 0.0121 -0.0606 0.5320 1.0000
4.2500 0.8043 0.0207 0.0123 -0.0592 0.5219 1.0000
4.5000 0.8213 0.0211 0.0126 -0.0575 0.5117 1.0000
4.7500 0.8421 0.0213 0.0127 -0.0562 0.5020 1.0000
5.0000 0.8583 0.0217 0.0132 -0.0543 0.4921 1.0000
