-5.0000 -0.1027 0.0120 0.0050 -0.1096 0.9312 0.0459
-4.7500 -0.0736 0.0117 0.0048 -0.1098 0.9262 0.0537
-4.5000 -0.0420 0.0113 0.0045 -0.1105 0.9225 0.0681
-4.2500 -0.0102 0.0110 0.0042 -0.1113 0.9194 0.0888
-4.0000 0.0150 0.0108 0.0041 -0.1107 0.9128 0.1029
-3.7500 0.0435 0.0105 0.0039 -0.1108 0.9076 0.1194
-3.5000 0.0736 0.0102 0.0037 -0.1112 0.9033 0.1402
-3.2500 0.1018 0.0100 0.0035 -0.1112 0.8979 0.1624
-3.0000 0.1286 0.0098 0.0034 -0.1109 0.8905 0.1892
-2.7500 0.1577 0.0095 0.0032 -0.1111 0.8849 0.2205
-2.5000 0.1855 0.0093 0.0032 -0.1110 0.8786 0.2529
-2.2500 0.2120 0.0090 0.0031 -0.1108 0.8712 0.3240
-2.0000 0.2409 0.0088 0.0030 -0.1109 0.8656 0.3637
-1.7500 0.2682 0.0087 0.0030 -0.1107 0.8585 0.3949
-1.5000 0.2960 0.0085 0.0029 -0.1105 0.8510 0.4261
-1.2500 0.3244 0.0084 0.0029 -0.1105 0.8438 0.4591
-1.0000 0.3510 0.0083 0.0028 -0.1101 0.8341 0.4940
-0.7500 0.3792 0.0081 0.0027 -0.1100 0.8265 0.5299
-0.5000 0.4056 0.0080 0.0027 -0.1095 0.8171 0.5706
-0.2500 0.4335 0.0078 0.0027 -0.1093 0.8097 0.6201
0.0000 0.4591 0.0077 0.0027 -0.1087 0.8002 0.6735
0.2500 0.4849 0.0075 0.0027 -0.1080 0.7913 0.7412
0.5000 0.5064 0.0073 0.0028 -0.1061 0.7801 0.8398
0.7500 0.5447 0.0071 0.0027 -0.1076 0.7691 0.9699
1.0000 0.5802 0.0071 0.0027 -0.1092 0.7558 1.0000
1.2500 0.6065 0.0072 0.0027 -0.1088 0.7437 1.0000
1.5000 0.6333 0.0073 0.0027 -0.1084 0.7325 1.0000
1.7500 0.6593 0.0074 0.0027 -0.1079 0.7191 1.0000
2.0000 0.6856 0.0075 0.0028 -0.1075 0.7058 1.0000
2.2500 0.7116 0.0076 0.0028 -0.1070 0.6920 1.0000
2.5000 0.7376 0.0077 0.0029 -0.1065 0.6777 1.0000
2.7500 0.7636 0.0078 0.0030 -0.1060 0.6634 1.0000
3.0000 0.7894 0.0080 0.0031 -0.1055 0.6491 1.0000
3.2500 0.8149 0.0081 0.0032 -0.1049 0.6329 1.0000
3.5000 0.8404 0.0083 0.0033 -0.1044 0.6174 1.0000
3.7500 0.8657 0.0085 0.0034 -0.1038 0.6013 1.0000
4.0000 0.8890 0.0087 0.0035 -0.1028 0.5755 1.0000
4.2500 0.9088 0.0091 0.0037 -0.1011 0.5282 1.0000
4.5000 0.9288 0.0095 0.0039 -0.0996 0.4870 1.0000
4.7500 0.9505 0.0099 0.0041 -0.0984 0.4510 1.0000
5.0000 0.9710 0.0103 0.0043 -0.0971 0.4110 1.0000
