-5.0000 -0.1583 0.0179 0.0098 -0.0732 0.9048 0.1024
-4.7500 -0.1221 0.0174 0.0094 -0.0745 0.8996 0.1118
-4.5000 -0.0968 0.0170 0.0090 -0.0737 0.8886 0.1199
-4.2500 -0.0644 0.0164 0.0084 -0.0742 0.8816 0.1288
-4.0000 -0.0395 0.0159 0.0081 -0.0733 0.8701 0.1374
-3.7500 -0.0087 0.0154 0.0076 -0.0734 0.8619 0.1478
-3.5000 0.0163 0.0151 0.0072 -0.0725 0.8494 0.1586
-3.2500 0.0449 0.0146 0.0068 -0.0723 0.8394 0.1716
-3.0000 0.0702 0.0143 0.0065 -0.0715 0.8262 0.1855
-2.7500 0.0956 0.0139 0.0061 -0.0707 0.8130 0.2020
-2.5000 0.1223 0.0134 0.0057 -0.0702 0.8011 0.2242
-2.2500 0.1448 0.0127 0.0053 -0.0690 0.7864 0.2652
-2.0000 0.1603 0.0116 0.0052 -0.0668 0.7722 0.5129
-1.7500 0.1817 0.0112 0.0052 -0.0649 0.7583 0.6348
-1.5000 0.2051 0.0110 0.0051 -0.0631 0.7439 0.7076
-1.2500 0.2281 0.0109 0.0052 -0.0613 0.7271 0.7629
-1.0000 0.2524 0.0108 0.0052 -0.0597 0.7109 0.8078
-0.7500 0.2781 0.0109 0.0052 -0.0583 0.6939 0.8444
-0.5000 0.3038 0.0110 0.0053 -0.0570 0.6769 0.8811
-0.2500 0.3341 0.0112 0.0053 -0.0567 0.6590 0.9078
0.0000 0.3683 0.0114 0.0054 -0.0573 0.6397 0.9305
0.2500 0.4080 0.0116 0.0055 -0.0591 0.6193 0.9495
0.5000 0.4537 0.0119 0.0056 -0.0624 0.5970 0.9630
0.7500 0.5016 0.0121 0.0056 -0.0663 0.5733 0.9756
1.0000 0.5527 0.0124 0.0056 -0.0710 0.5495 0.9876
1.2500 0.6064 0.0126 0.0056 -0.0764 0.5246 0.9974
1.5000 0.6346 0.0127 0.0056 -0.0769 0.5066 1.0000
1.7500 0.6534 0.0129 0.0056 -0.0755 0.4923 1.0000
2.0000 0.6724 0.0131 0.0057 -0.0741 0.4785 1.0000
2.2500 0.6917 0.0132 0.0058 -0.0727 0.4664 1.0000
2.5000 0.7115 0.0135 0.0059 -0.0713 0.4561 1.0000
2.7500 0.7315 0.0137 0.0060 -0.0699 0.4463 1.0000
3.0000 0.7520 0.0139 0.0062 -0.0686 0.4375 1.0000
3.2500 0.7730 0.0142 0.0063 -0.0674 0.4298 1.0000
3.5000 0.7941 0.0144 0.0066 -0.0662 0.4220 1.0000
3.7500 0.8160 0.0147 0.0067 -0.0651 0.4152 1.0000
4.0000 0.8379 0.0150 0.0070 -0.0640 0.4086 1.0000
4.2500 0.8600 0.0153 0.0072 -0.0630 0.4021 1.0000
4.5000 0.8837 0.0156 0.0075 -0.0623 0.3968 1.0000
4.7500 0.9055 0.0159 0.0077 -0.0612 0.3912 1.0000
5.0000 0.9284 0.0162 0.0080 -0.0603 0.3858 1.0000
