-5.0000 -0.0800 0.0116 0.0046 -0.0980 0.8935 0.0399
-4.7500 -0.0525 0.0113 0.0044 -0.0977 0.8852 0.0438
-4.5000 -0.0249 0.0111 0.0041 -0.0974 0.8769 0.0489
-4.2500 0.0027 0.0109 0.0039 -0.0972 0.8680 0.0553
-4.0000 0.0295 0.0107 0.0037 -0.0969 0.8578 0.0654
-3.7500 0.0570 0.0105 0.0036 -0.0966 0.8480 0.0794
-3.5000 0.0846 0.0103 0.0034 -0.0964 0.8376 0.0882
-3.2500 0.1118 0.0102 0.0032 -0.0961 0.8263 0.0979
-3.0000 0.1393 0.0100 0.0031 -0.0959 0.8151 0.1094
-2.7500 0.1667 0.0099 0.0030 -0.0956 0.8036 0.1228
-2.5000 0.1941 0.0098 0.0029 -0.0954 0.7919 0.1392
-2.2500 0.2212 0.0097 0.0028 -0.0952 0.7787 0.1588
-2.0000 0.2484 0.0096 0.0028 -0.0949 0.7658 0.1814
-1.7500 0.2752 0.0094 0.0027 -0.0947 0.7525 0.2202
-1.5000 0.3019 0.0093 0.0027 -0.0944 0.7382 0.2643
-1.2500 0.3284 0.0092 0.0026 -0.0941 0.7229 0.2989
-1.0000 0.3544 0.0089 0.0026 -0.0937 0.7066 0.3514
-0.7500 0.3779 0.0084 0.0026 -0.0930 0.6908 0.5280
-0.5000 0.4003 0.0080 0.0026 -0.0918 0.6747 0.6818
-0.2500 0.4218 0.0078 0.0027 -0.0900 0.6590 0.7963
0.0000 0.4440 0.0077 0.0028 -0.0881 0.6437 0.8895
0.2500 0.4808 0.0078 0.0028 -0.0895 0.6277 0.9558
0.5000 0.5248 0.0079 0.0029 -0.0928 0.6112 0.9890
0.7500 0.5682 0.0081 0.0029 -0.0962 0.5953 1.0000
1.0000 0.5918 0.0082 0.0029 -0.0953 0.5813 1.0000
1.2500 0.6155 0.0084 0.0029 -0.0945 0.5677 1.0000
1.5000 0.6393 0.0085 0.0030 -0.0936 0.5556 1.0000
1.7500 0.6633 0.0087 0.0031 -0.0928 0.5440 1.0000
2.0000 0.6880 0.0089 0.0031 -0.0922 0.5322 1.0000
2.2500 0.7129 0.0090 0.0032 -0.0915 0.5217 1.0000
2.5000 0.7378 0.0092 0.0033 -0.0910 0.5119 1.0000
2.7500 0.7635 0.0094 0.0034 -0.0905 0.5029 1.0000
3.0000 0.7887 0.0095 0.0036 -0.0900 0.4941 1.0000
3.2500 0.8147 0.0097 0.0037 -0.0896 0.4859 1.0000
3.5000 0.8404 0.0099 0.0038 -0.0892 0.4787 1.0000
3.7500 0.8663 0.0101 0.0040 -0.0888 0.4721 1.0000
4.0000 0.8925 0.0102 0.0041 -0.0885 0.4653 1.0000
4.2500 0.9183 0.0105 0.0043 -0.0882 0.4590 1.0000
4.5000 0.9444 0.0107 0.0045 -0.0879 0.4531 1.0000
4.7500 0.9705 0.0108 0.0047 -0.0875 0.4459 1.0000
5.0000 0.9957 0.0111 0.0048 -0.0871 0.4385 1.0000
