-5.0000 -0.2074 0.0393 0.0302 -0.1011 0.8159 0.2187
-4.7500 -0.1730 0.0390 0.0302 -0.1023 0.8112 0.2275
-4.5000 -0.1325 0.0384 0.0295 -0.1044 0.8081 0.2393
-4.2500 -0.0948 0.0382 0.0291 -0.1060 0.8046 0.2519
-4.0000 -0.0974 0.0389 0.0299 -0.1020 0.7917 0.2564
-3.7500 -0.0589 0.0385 0.0294 -0.1036 0.7876 0.2697
-3.5000 -0.0162 0.0379 0.0289 -0.1057 0.7849 0.2820
-3.0000 0.0165 0.0385 0.0296 -0.1030 0.7676 0.3009
-2.7500 0.0569 0.0379 0.0289 -0.1047 0.7643 0.3147
-2.5000 0.1013 0.0372 0.0282 -0.1069 0.7622 0.3306
-1.7500 0.1705 0.0377 0.0287 -0.1054 0.7415 0.3675
-1.5000 0.2145 0.0369 0.0280 -0.1073 0.7397 0.3843
-0.5000 0.2699 0.0400 0.0312 -0.1014 0.7062 0.4366
-0.2500 0.2957 0.0401 0.0314 -0.1012 0.7004 0.4552
0.0000 0.3343 0.0395 0.0309 -0.1023 0.6974 0.4779
0.2500 0.3777 0.0385 0.0300 -0.1037 0.6954 0.5041
0.5000 0.4227 0.0373 0.0289 -0.1053 0.6940 0.5346
0.7500 0.4665 0.0361 0.0279 -0.1066 0.6926 0.5676
1.7500 0.5614 0.0354 0.0281 -0.1017 0.6702 0.7776
2.7500 0.6724 0.0359 0.0285 -0.1018 0.6473 1.0000
