-5.0000 0.0617 0.0148 0.0074 -0.1287 0.7576 0.2568
-4.7500 0.0906 0.0147 0.0072 -0.1288 0.7511 0.2639
-4.5000 0.1182 0.0145 0.0070 -0.1287 0.7447 0.2706
-4.2500 0.1418 0.0144 0.0070 -0.1277 0.7371 0.2774
-4.0000 0.1709 0.0143 0.0068 -0.1278 0.7306 0.2847
-3.7500 0.1972 0.0142 0.0067 -0.1275 0.7236 0.2925
-3.5000 0.2210 0.0142 0.0067 -0.1266 0.7157 0.3007
-3.2500 0.2498 0.0141 0.0065 -0.1267 0.7092 0.3090
-3.0000 0.2751 0.0140 0.0065 -0.1261 0.7023 0.3173
-2.7500 0.2997 0.0140 0.0064 -0.1254 0.6952 0.3250
-2.5000 0.3294 0.0139 0.0063 -0.1257 0.6893 0.3337
-2.2500 0.3541 0.0139 0.0063 -0.1250 0.6825 0.3421
-2.0000 0.3793 0.0139 0.0063 -0.1244 0.6757 0.3511
-1.7500 0.4099 0.0139 0.0062 -0.1249 0.6698 0.3605
-1.5000 0.4323 0.0139 0.0063 -0.1237 0.6625 0.3696
-1.2500 0.4584 0.0138 0.0063 -0.1233 0.6558 0.3793
-1.0000 0.4872 0.0139 0.0063 -0.1235 0.6501 0.3900
-0.7500 0.5092 0.0138 0.0063 -0.1223 0.6430 0.3995
-0.5000 0.5366 0.0139 0.0063 -0.1221 0.6369 0.4106
-0.2500 0.5612 0.0139 0.0063 -0.1215 0.6305 0.4219
0.0000 0.5844 0.0139 0.0064 -0.1205 0.6237 0.4338
0.2500 0.6134 0.0139 0.0063 -0.1207 0.6178 0.4472
0.5000 0.6350 0.0139 0.0064 -0.1195 0.6111 0.4601
0.7500 0.6586 0.0139 0.0065 -0.1186 0.6047 0.4735
1.0000 0.6889 0.0140 0.0065 -0.1191 0.5991 0.4900
1.2500 0.7084 0.0140 0.0067 -0.1175 0.5927 0.5061
1.5000 0.7312 0.0140 0.0068 -0.1165 0.5864 0.5268
1.7500 0.7599 0.0141 0.0068 -0.1167 0.5811 0.5492
2.0000 0.7810 0.0141 0.0070 -0.1154 0.5755 0.5732
2.2500 0.8020 0.0142 0.0072 -0.1141 0.5696 0.5991
2.5000 0.8275 0.0142 0.0073 -0.1136 0.5642 0.6292
2.7500 0.8526 0.0143 0.0074 -0.1131 0.5590 0.6621
3.0000 0.8689 0.0143 0.0076 -0.1108 0.5531 0.6972
3.2500 0.8886 0.0144 0.0078 -0.1091 0.5472 0.7379
3.5000 0.9160 0.0144 0.0079 -0.1088 0.5414 0.7835
3.7500 0.9242 0.0145 0.0082 -0.1047 0.5353 0.8329
4.0000 0.9393 0.0146 0.0085 -0.1018 0.5294 0.8922
4.2500 0.9746 0.0148 0.0087 -0.1031 0.5238 0.9509
4.5000 1.0160 0.0151 0.0090 -0.1062 0.5176 0.9945
4.7500 1.0306 0.0153 0.0092 -0.1040 0.5113 1.0000
5.0000 1.0491 0.0155 0.0093 -0.1024 0.5053 1.0000
