-5.0000 0.0251 0.0132 0.0059 -0.1190 0.8722 0.0500
-4.7500 0.0532 0.0129 0.0056 -0.1188 0.8641 0.0535
-4.5000 0.0821 0.0126 0.0053 -0.1188 0.8567 0.0576
-4.2500 0.1089 0.0124 0.0051 -0.1184 0.8470 0.0624
-4.0000 0.1382 0.0122 0.0049 -0.1185 0.8393 0.0708
-3.7500 0.1645 0.0120 0.0047 -0.1180 0.8284 0.0784
-3.5000 0.1931 0.0118 0.0045 -0.1179 0.8193 0.0856
-3.2500 0.2200 0.0117 0.0043 -0.1176 0.8081 0.0938
-3.0000 0.2476 0.0115 0.0042 -0.1173 0.7971 0.1037
-2.7500 0.2754 0.0114 0.0040 -0.1171 0.7856 0.1148
-2.5000 0.3023 0.0113 0.0039 -0.1167 0.7731 0.1269
-2.2500 0.3297 0.0112 0.0038 -0.1165 0.7613 0.1411
-2.0000 0.3570 0.0111 0.0037 -0.1162 0.7487 0.1584
-1.7500 0.3836 0.0110 0.0037 -0.1159 0.7350 0.1854
-1.5000 0.4104 0.0110 0.0037 -0.1156 0.7214 0.2123
-1.2500 0.4371 0.0109 0.0036 -0.1153 0.7075 0.2335
-1.0000 0.4635 0.0108 0.0036 -0.1149 0.6930 0.2578
-0.7500 0.4897 0.0107 0.0035 -0.1145 0.6778 0.2872
-0.5000 0.5153 0.0106 0.0034 -0.1140 0.6625 0.3324
-0.2500 0.5376 0.0099 0.0035 -0.1132 0.6485 0.5620
0.0000 0.5534 0.0093 0.0037 -0.1101 0.6341 0.8141
0.2500 0.6063 0.0092 0.0037 -0.1146 0.6180 0.9976
0.5000 0.6321 0.0094 0.0037 -0.1142 0.6042 1.0000
0.7500 0.6564 0.0096 0.0037 -0.1134 0.5915 1.0000
1.0000 0.6812 0.0098 0.0038 -0.1128 0.5785 1.0000
1.2500 0.7063 0.0099 0.0038 -0.1122 0.5675 1.0000
1.5000 0.7316 0.0101 0.0039 -0.1116 0.5572 1.0000
1.7500 0.7572 0.0103 0.0040 -0.1112 0.5476 1.0000
2.0000 0.7826 0.0105 0.0041 -0.1107 0.5385 1.0000
2.2500 0.8085 0.0107 0.0042 -0.1103 0.5300 1.0000
2.5000 0.8342 0.0109 0.0043 -0.1099 0.5217 1.0000
2.7500 0.8601 0.0111 0.0045 -0.1095 0.5142 1.0000
3.0000 0.8860 0.0113 0.0046 -0.1092 0.5067 1.0000
3.2500 0.9122 0.0116 0.0048 -0.1089 0.5002 1.0000
3.5000 0.9383 0.0118 0.0050 -0.1086 0.4940 1.0000
3.7500 0.9644 0.0120 0.0052 -0.1083 0.4880 1.0000
4.0000 0.9909 0.0122 0.0054 -0.1081 0.4827 1.0000
4.2500 1.0173 0.0125 0.0056 -0.1079 0.4777 1.0000
4.5000 1.0433 0.0127 0.0058 -0.1076 0.4725 1.0000
4.7500 1.0695 0.0129 0.0060 -0.1074 0.4675 1.0000
5.0000 1.0966 0.0132 0.0063 -0.1074 0.4625 1.0000
