-5.0000 0.0311 0.0134 0.0061 -0.1170 0.8310 0.1019
-4.7500 0.0603 0.0132 0.0059 -0.1170 0.8228 0.1104
-4.5000 0.0866 0.0131 0.0058 -0.1165 0.8119 0.1192
-4.2500 0.1157 0.0130 0.0056 -0.1166 0.8034 0.1286
-4.0000 0.1419 0.0128 0.0055 -0.1161 0.7926 0.1375
-3.7500 0.1702 0.0127 0.0053 -0.1160 0.7836 0.1459
-3.5000 0.1965 0.0125 0.0051 -0.1156 0.7721 0.1548
-3.2500 0.2241 0.0124 0.0050 -0.1153 0.7615 0.1645
-3.0000 0.2511 0.0122 0.0048 -0.1150 0.7504 0.1745
-2.7500 0.2776 0.0121 0.0047 -0.1145 0.7385 0.1847
-2.5000 0.3046 0.0120 0.0045 -0.1142 0.7269 0.1962
-2.2500 0.3314 0.0119 0.0044 -0.1138 0.7141 0.2092
-2.0000 0.3576 0.0118 0.0043 -0.1133 0.7004 0.2237
-1.7500 0.3838 0.0117 0.0042 -0.1129 0.6870 0.2399
-1.5000 0.4101 0.0117 0.0041 -0.1124 0.6741 0.2576
-1.2500 0.4359 0.0116 0.0041 -0.1119 0.6606 0.2772
-1.0000 0.4616 0.0115 0.0040 -0.1115 0.6476 0.3011
-0.7500 0.4864 0.0113 0.0040 -0.1109 0.6349 0.3594
-0.5000 0.5112 0.0111 0.0040 -0.1104 0.6222 0.4178
-0.2500 0.5325 0.0106 0.0041 -0.1091 0.6108 0.6119
0.0000 0.5530 0.0103 0.0042 -0.1072 0.5992 0.7428
0.2500 0.5730 0.0102 0.0044 -0.1049 0.5880 0.8481
0.5000 0.6047 0.0103 0.0045 -0.1050 0.5768 0.9325
0.7500 0.6520 0.0105 0.0046 -0.1089 0.5642 0.9789
1.0000 0.7041 0.0107 0.0046 -0.1140 0.5535 1.0000
1.2500 0.7256 0.0109 0.0047 -0.1128 0.5448 1.0000
1.5000 0.7478 0.0110 0.0047 -0.1117 0.5373 1.0000
1.7500 0.7703 0.0112 0.0048 -0.1107 0.5297 1.0000
2.0000 0.7938 0.0114 0.0049 -0.1099 0.5230 1.0000
2.2500 0.8174 0.0116 0.0051 -0.1090 0.5162 1.0000
2.5000 0.8418 0.0118 0.0052 -0.1083 0.5100 1.0000
2.7500 0.8669 0.0120 0.0053 -0.1078 0.5042 1.0000
3.0000 0.8913 0.0122 0.0055 -0.1072 0.4980 1.0000
3.2500 0.9166 0.0124 0.0056 -0.1067 0.4924 1.0000
3.5000 0.9420 0.0126 0.0058 -0.1063 0.4870 1.0000
3.7500 0.9667 0.0128 0.0060 -0.1057 0.4813 1.0000
4.0000 0.9924 0.0130 0.0061 -0.1054 0.4761 1.0000
4.2500 1.0177 0.0132 0.0063 -0.1049 0.4709 1.0000
4.5000 1.0425 0.0135 0.0065 -0.1044 0.4656 1.0000
4.7500 1.0687 0.0137 0.0067 -0.1042 0.4611 1.0000
5.0000 1.0944 0.0140 0.0070 -0.1039 0.4566 1.0000
