-5.0000 0.0438 0.0149 0.0071 -0.1076 0.7089 0.2350
-4.7500 0.0668 0.0148 0.0070 -0.1065 0.6990 0.2416
-4.5000 0.0924 0.0147 0.0069 -0.1060 0.6901 0.2484
-4.2500 0.1158 0.0146 0.0068 -0.1050 0.6805 0.2556
-4.0000 0.1406 0.0145 0.0066 -0.1042 0.6709 0.2629
-3.7500 0.1645 0.0144 0.0066 -0.1034 0.6617 0.2703
-3.5000 0.1885 0.0144 0.0065 -0.1025 0.6515 0.2779
-3.2500 0.2134 0.0143 0.0063 -0.1018 0.6423 0.2860
-3.0000 0.2358 0.0143 0.0063 -0.1006 0.6322 0.2946
-2.7500 0.2601 0.0142 0.0062 -0.0999 0.6227 0.3033
-2.5000 0.2830 0.0141 0.0062 -0.0988 0.6133 0.3126
-2.2500 0.3055 0.0140 0.0061 -0.0977 0.6034 0.3223
-2.0000 0.3302 0.0140 0.0060 -0.0970 0.5944 0.3339
-1.7500 0.3514 0.0139 0.0060 -0.0957 0.5856 0.3462
-1.5000 0.3744 0.0139 0.0060 -0.0947 0.5771 0.3609
-1.2500 0.3993 0.0139 0.0060 -0.0941 0.5693 0.3796
-1.0000 0.4202 0.0138 0.0060 -0.0928 0.5619 0.4047
-0.7500 0.4421 0.0137 0.0060 -0.0917 0.5544 0.4408
-0.5000 0.4660 0.0137 0.0061 -0.0909 0.5475 0.4872
-0.2500 0.4882 0.0136 0.0062 -0.0898 0.5412 0.5308
0.0000 0.5097 0.0136 0.0064 -0.0885 0.5347 0.5673
0.2500 0.5330 0.0137 0.0065 -0.0876 0.5284 0.5998
0.5000 0.5597 0.0138 0.0066 -0.0873 0.5220 0.6282
0.7500 0.5824 0.0138 0.0067 -0.0862 0.5169 0.6554
1.0000 0.6039 0.0139 0.0069 -0.0849 0.5115 0.6803
1.2500 0.6266 0.0140 0.0070 -0.0838 0.5061 0.7051
1.5000 0.6510 0.0141 0.0072 -0.0830 0.5011 0.7300
1.7500 0.6803 0.0143 0.0074 -0.0832 0.4960 0.7554
2.0000 0.7000 0.0144 0.0076 -0.0815 0.4923 0.7809
2.2500 0.7200 0.0144 0.0078 -0.0799 0.4882 0.8059
2.5000 0.7405 0.0146 0.0080 -0.0782 0.4841 0.8331
2.7500 0.7615 0.0147 0.0081 -0.0766 0.4799 0.8614
3.0000 0.7872 0.0149 0.0083 -0.0760 0.4752 0.8890
3.2500 0.8130 0.0152 0.0086 -0.0754 0.4707 0.9143
3.5000 0.8364 0.0155 0.0089 -0.0744 0.4669 0.9392
3.7500 0.8698 0.0158 0.0093 -0.0756 0.4625 0.9587
4.0000 0.9092 0.0161 0.0096 -0.0782 0.4582 0.9749
4.2500 0.9573 0.0165 0.0099 -0.0825 0.4537 0.9837
4.5000 1.0119 0.0170 0.0103 -0.0881 0.4485 0.9898
4.7500 1.0553 0.0174 0.0106 -0.0918 0.4445 0.9977
5.0000 1.0621 0.0174 0.0107 -0.0884 0.4407 1.0000
