-5.0000 0.0213 0.0178 0.0098 -0.1168 0.8492 0.1289
-4.7500 0.0487 0.0174 0.0094 -0.1165 0.8410 0.1358
-4.5000 0.0782 0.0169 0.0089 -0.1165 0.8331 0.1438
-4.2500 0.1056 0.0165 0.0086 -0.1161 0.8240 0.1524
-4.0000 0.1351 0.0161 0.0081 -0.1161 0.8153 0.1621
-3.7500 0.1616 0.0159 0.0079 -0.1156 0.8050 0.1713
-3.5000 0.1914 0.0155 0.0075 -0.1156 0.7964 0.1814
-3.2500 0.2172 0.0153 0.0073 -0.1150 0.7852 0.1915
-3.0000 0.2479 0.0149 0.0069 -0.1153 0.7766 0.2033
-2.7500 0.2723 0.0148 0.0068 -0.1144 0.7636 0.2152
-2.5000 0.3002 0.0146 0.0065 -0.1141 0.7525 0.2288
-2.2500 0.3272 0.0143 0.0063 -0.1137 0.7404 0.2440
-2.0000 0.3529 0.0141 0.0062 -0.1131 0.7273 0.2610
-1.7500 0.3807 0.0139 0.0060 -0.1129 0.7157 0.2809
-1.5000 0.4058 0.0138 0.0058 -0.1122 0.7025 0.3021
-1.2500 0.4315 0.0135 0.0057 -0.1117 0.6901 0.3282
-1.0000 0.4577 0.0133 0.0055 -0.1113 0.6786 0.3684
-0.7500 0.4790 0.0128 0.0056 -0.1101 0.6656 0.4831
-0.5000 0.4994 0.0123 0.0056 -0.1082 0.6550 0.6694
-0.2500 0.5186 0.0121 0.0058 -0.1056 0.6430 0.7900
0.0000 0.5462 0.0122 0.0059 -0.1044 0.6322 0.8885
0.2500 0.5911 0.0123 0.0060 -0.1073 0.6200 0.9529
0.5000 0.6444 0.0125 0.0061 -0.1123 0.6085 0.9861
0.7500 0.6946 0.0127 0.0061 -0.1170 0.5975 1.0000
1.0000 0.7147 0.0129 0.0061 -0.1157 0.5879 1.0000
1.2500 0.7352 0.0130 0.0062 -0.1143 0.5784 1.0000
1.5000 0.7586 0.0133 0.0063 -0.1135 0.5705 1.0000
1.7500 0.7795 0.0134 0.0064 -0.1122 0.5626 1.0000
2.0000 0.8029 0.0137 0.0065 -0.1113 0.5554 1.0000
2.2500 0.8276 0.0139 0.0066 -0.1108 0.5485 1.0000
2.5000 0.8493 0.0141 0.0068 -0.1096 0.5410 1.0000
2.7500 0.8735 0.0143 0.0070 -0.1089 0.5343 1.0000
3.0000 0.9004 0.0146 0.0072 -0.1088 0.5285 1.0000
3.2500 0.9230 0.0149 0.0074 -0.1079 0.5225 1.0000
3.5000 0.9476 0.0151 0.0076 -0.1073 0.5168 1.0000
3.7500 0.9741 0.0154 0.0078 -0.1071 0.5115 1.0000
4.0000 1.0003 0.0157 0.0081 -0.1069 0.5062 1.0000
4.2500 1.0231 0.0160 0.0084 -0.1060 0.5004 1.0000
4.5000 1.0482 0.0162 0.0086 -0.1055 0.4951 1.0000
4.7500 1.0753 0.0165 0.0089 -0.1055 0.4905 1.0000
5.0000 1.1010 0.0169 0.0092 -0.1052 0.4857 1.0000
