-5.0000 0.0293 0.0176 0.0095 -0.1128 0.7963 0.1943
-4.7500 0.0553 0.0173 0.0092 -0.1122 0.7866 0.2016
-4.5000 0.0833 0.0170 0.0089 -0.1120 0.7773 0.2097
-4.2500 0.1113 0.0168 0.0086 -0.1118 0.7681 0.2179
-4.0000 0.1376 0.0165 0.0083 -0.1112 0.7580 0.2269
-3.7500 0.1657 0.0163 0.0081 -0.1111 0.7488 0.2362
-3.5000 0.1928 0.0160 0.0078 -0.1107 0.7389 0.2461
-3.2500 0.2186 0.0159 0.0076 -0.1101 0.7279 0.2572
-3.0000 0.2448 0.0157 0.0075 -0.1096 0.7175 0.2683
-2.7500 0.2708 0.0155 0.0073 -0.1091 0.7067 0.2807
-2.5000 0.2969 0.0154 0.0071 -0.1086 0.6960 0.2931
-2.2500 0.3227 0.0152 0.0070 -0.1080 0.6850 0.3071
-2.0000 0.3500 0.0150 0.0068 -0.1077 0.6747 0.3233
-1.7500 0.3731 0.0149 0.0067 -0.1067 0.6627 0.3416
-1.5000 0.3984 0.0147 0.0066 -0.1062 0.6522 0.3643
-1.2500 0.4222 0.0145 0.0065 -0.1053 0.6413 0.3965
-1.0000 0.4448 0.0143 0.0065 -0.1043 0.6309 0.4523
-0.7500 0.4678 0.0141 0.0066 -0.1032 0.6216 0.5436
-0.5000 0.4894 0.0139 0.0067 -0.1017 0.6122 0.6237
-0.2500 0.5120 0.0139 0.0068 -0.1003 0.6028 0.6864
0.0000 0.5358 0.0139 0.0070 -0.0990 0.5945 0.7394
0.2500 0.5575 0.0140 0.0071 -0.0973 0.5857 0.7860
0.5000 0.5833 0.0141 0.0073 -0.0963 0.5788 0.8303
0.7500 0.6064 0.0143 0.0075 -0.0947 0.5712 0.8700
1.0000 0.6346 0.0145 0.0077 -0.0942 0.5639 0.9048
1.2500 0.6733 0.0148 0.0080 -0.0961 0.5572 0.9302
1.5000 0.7119 0.0151 0.0082 -0.0980 0.5504 0.9556
1.7500 0.7591 0.0154 0.0084 -0.1018 0.5435 0.9727
2.0000 0.8158 0.0157 0.0085 -0.1076 0.5369 0.9819
2.2500 0.8654 0.0159 0.0088 -0.1123 0.5297 0.9931
2.5000 0.9087 0.0161 0.0089 -0.1158 0.5233 1.0000
2.7500 0.9272 0.0163 0.0089 -0.1144 0.5185 1.0000
3.0000 0.9419 0.0165 0.0091 -0.1122 0.5137 1.0000
3.2500 0.9561 0.0167 0.0093 -0.1099 0.5087 1.0000
3.5000 0.9739 0.0169 0.0094 -0.1081 0.5039 1.0000
3.7500 0.9955 0.0171 0.0095 -0.1071 0.4992 1.0000
4.0000 1.0182 0.0174 0.0098 -0.1062 0.4943 1.0000
4.2500 1.0327 0.0176 0.0101 -0.1038 0.4894 1.0000
4.5000 1.0519 0.0179 0.0103 -0.1023 0.4845 1.0000
4.7500 1.0749 0.0181 0.0105 -0.1015 0.4800 1.0000
5.0000 1.1041 0.0185 0.0107 -0.1019 0.4755 1.0000
