-5.0000 0.0308 0.0179 0.0097 -0.1099 0.7671 0.2246
-4.7500 0.0602 0.0176 0.0093 -0.1100 0.7589 0.2327
-4.5000 0.0835 0.0174 0.0092 -0.1089 0.7480 0.2400
-4.2500 0.1137 0.0171 0.0088 -0.1091 0.7398 0.2491
-4.0000 0.1361 0.0170 0.0087 -0.1079 0.7286 0.2577
-3.7500 0.1674 0.0167 0.0084 -0.1083 0.7203 0.2675
-3.5000 0.1884 0.0166 0.0083 -0.1069 0.7084 0.2765
-3.2500 0.2185 0.0164 0.0080 -0.1071 0.6996 0.2867
-3.0000 0.2400 0.0163 0.0079 -0.1057 0.6880 0.2974
-2.7500 0.2690 0.0161 0.0077 -0.1058 0.6792 0.3091
-2.5000 0.2910 0.0159 0.0076 -0.1045 0.6683 0.3208
-2.2500 0.3162 0.0158 0.0075 -0.1039 0.6586 0.3358
-2.0000 0.3414 0.0157 0.0073 -0.1033 0.6489 0.3508
-1.7500 0.3674 0.0155 0.0072 -0.1029 0.6398 0.3694
-1.5000 0.3904 0.0154 0.0072 -0.1019 0.6302 0.3930
-1.2500 0.4146 0.0152 0.0072 -0.1011 0.6212 0.4267
-1.0000 0.4378 0.0151 0.0072 -0.1002 0.6124 0.4753
-0.7500 0.4596 0.0150 0.0073 -0.0989 0.6036 0.5369
-0.5000 0.4856 0.0149 0.0074 -0.0983 0.5964 0.5965
-0.2500 0.5057 0.0149 0.0076 -0.0966 0.5878 0.6428
0.0000 0.5307 0.0150 0.0077 -0.0957 0.5804 0.6836
0.2500 0.5542 0.0151 0.0078 -0.0945 0.5730 0.7197
0.5000 0.5761 0.0151 0.0080 -0.0930 0.5655 0.7524
0.7500 0.6020 0.0153 0.0081 -0.0922 0.5592 0.7840
1.0000 0.6256 0.0154 0.0083 -0.0911 0.5530 0.8142
1.2500 0.6474 0.0156 0.0086 -0.0894 0.5467 0.8427
1.5000 0.6722 0.0158 0.0088 -0.0884 0.5411 0.8721
1.7500 0.7052 0.0161 0.0090 -0.0889 0.5360 0.8998
2.0000 0.7327 0.0164 0.0093 -0.0885 0.5305 0.9268
2.2500 0.7687 0.0167 0.0097 -0.0899 0.5247 0.9475
2.5000 0.8157 0.0170 0.0099 -0.0938 0.5192 0.9600
2.7500 0.8649 0.0174 0.0101 -0.0981 0.5136 0.9710
3.0000 0.9127 0.0177 0.0105 -0.1024 0.5071 0.9811
3.2500 0.9632 0.0180 0.0107 -0.1072 0.5011 0.9909
3.5000 1.0175 0.0183 0.0109 -0.1128 0.4958 0.9983
3.7500 1.0417 0.0186 0.0111 -0.1127 0.4913 1.0000
4.0000 1.0448 0.0187 0.0112 -0.1085 0.4870 1.0000
4.2500 1.0540 0.0189 0.0114 -0.1053 0.4825 1.0000
4.5000 1.0690 0.0190 0.0115 -0.1031 0.4782 1.0000
4.7500 1.0915 0.0193 0.0116 -0.1023 0.4740 1.0000
5.0000 1.1084 0.0196 0.0119 -0.1005 0.4699 1.0000
