-5.0000 0.0282 0.0181 0.0098 -0.1078 0.7522 0.2410
-4.7500 0.0574 0.0178 0.0095 -0.1078 0.7441 0.2486
-4.5000 0.0839 0.0176 0.0093 -0.1074 0.7352 0.2572
-4.2500 0.1080 0.0175 0.0091 -0.1065 0.7250 0.2653
-4.0000 0.1403 0.0172 0.0088 -0.1071 0.7167 0.2744
-3.7500 0.1596 0.0171 0.0087 -0.1053 0.7049 0.2828
-3.5000 0.1881 0.0169 0.0084 -0.1052 0.6955 0.2925
-3.2500 0.2112 0.0167 0.0083 -0.1042 0.6851 0.3014
-3.0000 0.2369 0.0165 0.0081 -0.1036 0.6755 0.3119
-2.7500 0.2642 0.0164 0.0080 -0.1034 0.6665 0.3237
-2.5000 0.2866 0.0163 0.0079 -0.1022 0.6562 0.3356
-2.2500 0.3160 0.0161 0.0076 -0.1024 0.6479 0.3498
-2.0000 0.3358 0.0160 0.0077 -0.1008 0.6377 0.3644
-1.7500 0.3613 0.0158 0.0076 -0.1003 0.6290 0.3834
-1.5000 0.3854 0.0158 0.0076 -0.0995 0.6204 0.4070
-1.2500 0.4074 0.0156 0.0076 -0.0983 0.6114 0.4372
-1.0000 0.4349 0.0155 0.0075 -0.0982 0.6037 0.4803
-0.7500 0.4545 0.0155 0.0077 -0.0965 0.5954 0.5283
-0.5000 0.4764 0.0154 0.0078 -0.0952 0.5875 0.5756
-0.2500 0.5044 0.0155 0.0079 -0.0950 0.5806 0.6190
0.0000 0.5243 0.0155 0.0081 -0.0933 0.5732 0.6545
0.2500 0.5470 0.0156 0.0082 -0.0920 0.5663 0.6881
0.5000 0.5738 0.0157 0.0083 -0.0915 0.5604 0.7193
0.7500 0.5978 0.0158 0.0086 -0.0905 0.5542 0.7479
1.0000 0.6186 0.0160 0.0087 -0.0889 0.5474 0.7758
1.2500 0.6425 0.0161 0.0089 -0.0877 0.5415 0.8021
1.5000 0.6726 0.0163 0.0091 -0.0878 0.5361 0.8299
1.7500 0.6909 0.0165 0.0094 -0.0856 0.5309 0.8564
2.0000 0.7138 0.0167 0.0097 -0.0842 0.5256 0.8832
2.2500 0.7416 0.0170 0.0099 -0.0838 0.5207 0.9090
2.5000 0.7803 0.0173 0.0101 -0.0857 0.5160 0.9294
2.7500 0.8141 0.0177 0.0105 -0.0868 0.5108 0.9489
3.0000 0.8591 0.0181 0.0109 -0.0903 0.5049 0.9616
3.2500 0.9096 0.0184 0.0111 -0.0949 0.4995 0.9727
3.5000 0.9662 0.0188 0.0114 -0.1008 0.4945 0.9797
3.7500 1.0105 0.0192 0.0118 -0.1046 0.4892 0.9903
4.0000 1.0631 0.0195 0.0121 -0.1099 0.4840 0.9982
4.2500 1.0854 0.0196 0.0122 -0.1095 0.4800 1.0000
4.5000 1.1041 0.0198 0.0122 -0.1083 0.4764 1.0000
4.7500 1.1103 0.0201 0.0125 -0.1047 0.4726 1.0000
5.0000 1.1128 0.0203 0.0127 -0.1002 0.4684 1.0000
