-5.0000 -0.2860 0.0129 0.0061 -0.0594 0.8859 0.2645
-4.7500 -0.2587 0.0126 0.0059 -0.0590 0.8775 0.2780
-4.5000 -0.2330 0.0124 0.0056 -0.0584 0.8675 0.2928
-4.2500 -0.2069 0.0122 0.0055 -0.0579 0.8580 0.3086
-4.0000 -0.1804 0.0119 0.0053 -0.0574 0.8485 0.3250
-3.7500 -0.1537 0.0117 0.0051 -0.0570 0.8390 0.3406
-3.5000 -0.1269 0.0115 0.0049 -0.0566 0.8293 0.3567
-3.2500 -0.1007 0.0114 0.0047 -0.0560 0.8185 0.3736
-3.0000 -0.0748 0.0112 0.0046 -0.0555 0.8073 0.3920
-2.7500 -0.0490 0.0110 0.0045 -0.0549 0.7955 0.4118
-2.5000 -0.0232 0.0108 0.0043 -0.0543 0.7835 0.4328
-2.2500 0.0026 0.0107 0.0043 -0.0537 0.7711 0.4554
-2.0000 0.0282 0.0106 0.0042 -0.0531 0.7584 0.4783
-1.7500 0.0539 0.0104 0.0041 -0.0524 0.7456 0.5034
-1.5000 0.0797 0.0103 0.0040 -0.0518 0.7334 0.5303
-1.2500 0.1054 0.0103 0.0040 -0.0511 0.7215 0.5579
-1.0000 0.1307 0.0102 0.0040 -0.0504 0.7081 0.5856
-0.7500 0.1560 0.0101 0.0040 -0.0496 0.6949 0.6127
-0.5000 0.1815 0.0101 0.0040 -0.0489 0.6817 0.6392
-0.2500 0.2070 0.0101 0.0040 -0.0482 0.6690 0.6650
0.0000 0.2326 0.0101 0.0040 -0.0474 0.6569 0.6902
0.2500 0.2582 0.0101 0.0040 -0.0467 0.6451 0.7150
0.5000 0.2838 0.0101 0.0041 -0.0460 0.6336 0.7391
0.7500 0.3092 0.0101 0.0042 -0.0452 0.6220 0.7640
1.0000 0.3346 0.0102 0.0043 -0.0444 0.6108 0.7882
1.2500 0.3601 0.0103 0.0044 -0.0436 0.6004 0.8116
1.5000 0.3858 0.0103 0.0045 -0.0428 0.5904 0.8329
1.7500 0.4114 0.0104 0.0046 -0.0420 0.5800 0.8532
2.0000 0.4371 0.0106 0.0047 -0.0412 0.5695 0.8723
2.2500 0.4628 0.0107 0.0048 -0.0404 0.5589 0.8906
2.5000 0.4902 0.0109 0.0050 -0.0399 0.5485 0.9063
2.7500 0.5183 0.0111 0.0051 -0.0396 0.5380 0.9222
3.0000 0.5488 0.0113 0.0053 -0.0398 0.5273 0.9359
3.2500 0.5831 0.0115 0.0055 -0.0409 0.5165 0.9467
3.5000 0.6167 0.0118 0.0057 -0.0420 0.5049 0.9577
3.7500 0.6606 0.0120 0.0059 -0.0452 0.4916 0.9635
4.0000 0.7026 0.0122 0.0060 -0.0482 0.4793 0.9708
4.2500 0.7415 0.0124 0.0062 -0.0505 0.4684 0.9785
4.5000 0.7872 0.0126 0.0063 -0.0543 0.4572 0.9830
4.7500 0.8310 0.0128 0.0066 -0.0578 0.4458 0.9887
5.0000 0.8736 0.0130 0.0067 -0.0610 0.4344 0.9950
