-5.0000 -0.2683 0.0138 0.0067 -0.0584 0.7958 0.3208
-4.7500 -0.2442 0.0137 0.0066 -0.0576 0.7852 0.3303
-4.5000 -0.2194 0.0135 0.0064 -0.0569 0.7752 0.3397
-4.2500 -0.1941 0.0134 0.0063 -0.0562 0.7653 0.3498
-4.0000 -0.1698 0.0132 0.0061 -0.0554 0.7546 0.3603
-3.7500 -0.1451 0.0131 0.0060 -0.0547 0.7440 0.3710
-3.5000 -0.1201 0.0130 0.0059 -0.0540 0.7336 0.3816
-3.2500 -0.0947 0.0129 0.0057 -0.0534 0.7237 0.3924
-3.0000 -0.0695 0.0128 0.0056 -0.0528 0.7136 0.4035
-2.7500 -0.0447 0.0127 0.0055 -0.0521 0.7029 0.4155
-2.5000 -0.0203 0.0126 0.0054 -0.0513 0.6921 0.4281
-2.2500 0.0041 0.0125 0.0054 -0.0505 0.6813 0.4413
-2.0000 0.0288 0.0125 0.0053 -0.0498 0.6712 0.4549
-1.7500 0.0540 0.0124 0.0053 -0.0491 0.6616 0.4692
-1.5000 0.0790 0.0124 0.0052 -0.0485 0.6519 0.4831
-1.2500 0.1034 0.0123 0.0052 -0.0477 0.6419 0.4979
-1.0000 0.1281 0.0123 0.0052 -0.0469 0.6322 0.5131
-0.7500 0.1531 0.0123 0.0052 -0.0462 0.6232 0.5293
-0.5000 0.1781 0.0123 0.0052 -0.0455 0.6142 0.5456
-0.2500 0.2026 0.0123 0.0052 -0.0448 0.6049 0.5622
0.0000 0.2274 0.0123 0.0053 -0.0440 0.5960 0.5793
0.2500 0.2524 0.0123 0.0053 -0.0434 0.5874 0.5960
0.5000 0.2774 0.0123 0.0053 -0.0426 0.5792 0.6136
0.7500 0.3017 0.0123 0.0054 -0.0418 0.5704 0.6312
1.0000 0.3266 0.0123 0.0055 -0.0411 0.5622 0.6481
1.2500 0.3522 0.0124 0.0055 -0.0405 0.5545 0.6647
1.5000 0.3762 0.0124 0.0056 -0.0396 0.5459 0.6808
1.7500 0.4012 0.0125 0.0057 -0.0389 0.5381 0.6968
2.0000 0.4264 0.0125 0.0058 -0.0383 0.5306 0.7136
2.2500 0.4503 0.0126 0.0059 -0.0373 0.5223 0.7311
2.5000 0.4749 0.0127 0.0060 -0.0366 0.5146 0.7483
2.7500 0.4993 0.0128 0.0061 -0.0357 0.5068 0.7651
3.0000 0.5225 0.0128 0.0062 -0.0347 0.4984 0.7816
3.2500 0.5464 0.0130 0.0064 -0.0337 0.4909 0.7992
3.5000 0.5709 0.0131 0.0065 -0.0328 0.4842 0.8178
3.7500 0.5931 0.0132 0.0067 -0.0315 0.4763 0.8354
4.0000 0.6164 0.0134 0.0069 -0.0304 0.4693 0.8518
4.2500 0.6392 0.0135 0.0071 -0.0293 0.4625 0.8692
4.5000 0.6619 0.0137 0.0073 -0.0280 0.4553 0.8838
4.7500 0.6861 0.0140 0.0075 -0.0271 0.4485 0.8978
5.0000 0.7072 0.0142 0.0078 -0.0255 0.4402 0.9123
