-5.0000 0.0687 0.0146 0.0069 -0.1038 0.7782 0.0758
-4.7500 0.0943 0.0144 0.0067 -0.1032 0.7664 0.0780
-4.5000 0.1215 0.0142 0.0064 -0.1027 0.7553 0.0811
-4.2500 0.1471 0.0139 0.0062 -0.1021 0.7434 0.0839
-4.0000 0.1741 0.0138 0.0059 -0.1016 0.7320 0.0877
-3.7500 0.1994 0.0136 0.0058 -0.1010 0.7190 0.0914
-3.5000 0.2259 0.0135 0.0056 -0.1004 0.7067 0.0961
-3.2500 0.2515 0.0134 0.0055 -0.0998 0.6933 0.1008
-3.0000 0.2776 0.0133 0.0053 -0.0992 0.6806 0.1061
-2.7500 0.3035 0.0133 0.0053 -0.0986 0.6661 0.1131
-2.5000 0.3296 0.0133 0.0052 -0.0981 0.6518 0.1212
-2.2500 0.3552 0.0133 0.0052 -0.0974 0.6377 0.1296
-2.0000 0.3800 0.0132 0.0051 -0.0967 0.6227 0.1373
-1.7500 0.4048 0.0131 0.0050 -0.0959 0.6073 0.1448
-1.5000 0.4296 0.0131 0.0049 -0.0952 0.5915 0.1534
-1.2500 0.4538 0.0131 0.0049 -0.0943 0.5751 0.1631
-1.0000 0.4773 0.0131 0.0048 -0.0933 0.5576 0.1748
-0.7500 0.5009 0.0131 0.0047 -0.0924 0.5402 0.1864
-0.5000 0.5244 0.0130 0.0047 -0.0915 0.5230 0.2015
-0.2500 0.5474 0.0130 0.0046 -0.0905 0.5057 0.2222
0.0000 0.5651 0.0122 0.0046 -0.0891 0.4896 0.4707
0.2500 0.5808 0.0118 0.0048 -0.0866 0.4747 0.6853
0.5000 0.5998 0.0118 0.0050 -0.0842 0.4610 0.7890
0.7500 0.6188 0.0117 0.0053 -0.0817 0.4473 0.8926
1.0000 0.6559 0.0121 0.0055 -0.0832 0.4333 0.9532
1.2500 0.7046 0.0124 0.0057 -0.0874 0.4202 0.9821
1.5000 0.7568 0.0128 0.0060 -0.0926 0.4089 0.9965
1.7500 0.7855 0.0130 0.0061 -0.0930 0.4004 1.0000
2.0000 0.8014 0.0133 0.0062 -0.0908 0.3939 1.0000
2.2500 0.8200 0.0135 0.0063 -0.0890 0.3884 1.0000
2.5000 0.8392 0.0137 0.0065 -0.0874 0.3833 1.0000
2.7500 0.8589 0.0139 0.0066 -0.0859 0.3787 1.0000
3.0000 0.8803 0.0142 0.0068 -0.0847 0.3743 1.0000
3.2500 0.9026 0.0144 0.0070 -0.0837 0.3708 1.0000
3.5000 0.9251 0.0146 0.0072 -0.0827 0.3673 1.0000
3.7500 0.9478 0.0149 0.0074 -0.0818 0.3637 1.0000
4.0000 0.9708 0.0151 0.0076 -0.0810 0.3601 1.0000
4.2500 0.9948 0.0155 0.0078 -0.0804 0.3565 1.0000
4.5000 1.0204 0.0158 0.0081 -0.0802 0.3530 1.0000
4.7500 1.0433 0.0161 0.0084 -0.0794 0.3505 1.0000
5.0000 1.0670 0.0163 0.0087 -0.0787 0.3478 1.0000
