-5.0000 0.0837 0.0153 0.0072 -0.0929 0.6743 0.2002
-4.7500 0.1044 0.0151 0.0070 -0.0914 0.6648 0.2066
-4.5000 0.1274 0.0150 0.0069 -0.0902 0.6554 0.2142
-4.2500 0.1480 0.0147 0.0066 -0.0888 0.6464 0.2229
-4.0000 0.1693 0.0145 0.0064 -0.0874 0.6373 0.2336
-3.7500 0.1886 0.0142 0.0062 -0.0857 0.6275 0.2486
-3.5000 0.2060 0.0138 0.0060 -0.0837 0.6182 0.2842
-3.2500 0.2210 0.0133 0.0060 -0.0814 0.6093 0.3844
-3.0000 0.2403 0.0132 0.0059 -0.0797 0.6000 0.4430
-2.7500 0.2609 0.0131 0.0060 -0.0780 0.5897 0.4775
-2.5000 0.2823 0.0131 0.0060 -0.0766 0.5795 0.5013
-2.2500 0.3042 0.0132 0.0060 -0.0752 0.5695 0.5213
-2.0000 0.3260 0.0132 0.0061 -0.0738 0.5595 0.5392
-1.7500 0.3476 0.0133 0.0061 -0.0724 0.5495 0.5569
-1.5000 0.3694 0.0133 0.0062 -0.0710 0.5401 0.5738
-1.2500 0.3905 0.0134 0.0062 -0.0695 0.5299 0.5888
-1.0000 0.4114 0.0135 0.0063 -0.0680 0.5199 0.6038
-0.7500 0.4320 0.0136 0.0064 -0.0665 0.5099 0.6177
-0.5000 0.4512 0.0137 0.0065 -0.0647 0.5001 0.6321
-0.2500 0.4696 0.0138 0.0065 -0.0627 0.4904 0.6454
0.0000 0.4880 0.0139 0.0066 -0.0609 0.4803 0.6599
0.2500 0.5064 0.0140 0.0068 -0.0590 0.4703 0.6743
0.5000 0.5257 0.0142 0.0070 -0.0573 0.4602 0.6897
0.7500 0.5457 0.0144 0.0072 -0.0558 0.4507 0.7059
1.0000 0.5657 0.0146 0.0074 -0.0543 0.4423 0.7243
1.2500 0.5856 0.0148 0.0076 -0.0528 0.4338 0.7439
1.5000 0.6056 0.0150 0.0078 -0.0514 0.4260 0.7653
1.7500 0.6252 0.0153 0.0081 -0.0498 0.4188 0.7874
2.0000 0.6447 0.0155 0.0084 -0.0482 0.4116 0.8111
2.2500 0.6643 0.0158 0.0086 -0.0466 0.4058 0.8352
2.5000 0.6823 0.0160 0.0090 -0.0447 0.3994 0.8621
2.7500 0.7003 0.0163 0.0093 -0.0426 0.3944 0.8907
3.0000 0.7189 0.0166 0.0097 -0.0406 0.3891 0.9190
3.2500 0.7445 0.0170 0.0100 -0.0402 0.3842 0.9418
3.5000 0.7781 0.0174 0.0104 -0.0416 0.3795 0.9591
3.7500 0.8141 0.0179 0.0108 -0.0437 0.3746 0.9741
4.0000 0.8583 0.0184 0.0112 -0.0473 0.3704 0.9820
4.2500 0.9019 0.0188 0.0116 -0.0511 0.3661 0.9887
4.5000 0.9439 0.0193 0.0120 -0.0544 0.3621 0.9956
4.7500 0.9861 0.0197 0.0123 -0.0577 0.3585 1.0001
5.0000 0.9843 0.0198 0.0124 -0.0530 0.3559 1.0001
