-5.0000 -0.2948 0.0293 0.0200 -0.0570 0.8444 0.2652
-4.7500 -0.2480 0.0282 0.0191 -0.0600 0.8389 0.2799
-4.5000 -0.1960 0.0270 0.0180 -0.0637 0.8355 0.2978
-4.2500 -0.1765 0.0266 0.0176 -0.0621 0.8226 0.3111
-4.0000 -0.1319 0.0255 0.0167 -0.0644 0.8176 0.3336
-3.7500 -0.1011 0.0248 0.0162 -0.0643 0.8086 0.3587
-3.5000 -0.0704 0.0241 0.0157 -0.0643 0.7997 0.3838
-3.2500 -0.0282 0.0231 0.0149 -0.0660 0.7955 0.4251
-3.0000 -0.0120 0.0228 0.0149 -0.0636 0.7822 0.4660
-2.7500 0.0266 0.0220 0.0143 -0.0642 0.7771 0.5311
-2.5000 0.0423 0.0219 0.0144 -0.0613 0.7637 0.5811
-2.2500 0.0809 0.0214 0.0140 -0.0616 0.7579 0.6327
-2.0000 0.0986 0.0215 0.0142 -0.0590 0.7444 0.6677
-1.7500 0.1396 0.0210 0.0138 -0.0596 0.7381 0.7016
-1.5000 0.1586 0.0212 0.0139 -0.0571 0.7240 0.7278
-1.2500 0.1862 0.0212 0.0139 -0.0558 0.7129 0.7536
-1.0000 0.2174 0.0211 0.0138 -0.0550 0.7030 0.7801
-0.7500 0.2414 0.0213 0.0141 -0.0531 0.6905 0.8022
-0.5000 0.2806 0.0213 0.0139 -0.0536 0.6817 0.8239
-0.2500 0.3033 0.0216 0.0143 -0.0518 0.6680 0.8431
0.0000 0.3415 0.0217 0.0142 -0.0526 0.6574 0.8604
0.2500 0.3770 0.0220 0.0144 -0.0531 0.6449 0.8769
0.5000 0.4188 0.0223 0.0146 -0.0548 0.6333 0.8931
0.7500 0.4716 0.0226 0.0148 -0.0586 0.6226 0.9084
1.0000 0.5230 0.0231 0.0152 -0.0626 0.6107 0.9241
1.2500 0.5794 0.0233 0.0152 -0.0676 0.6008 0.9387
1.5000 0.6355 0.0236 0.0155 -0.0732 0.5885 0.9502
1.7500 0.6918 0.0236 0.0152 -0.0786 0.5790 0.9618
2.0000 0.7345 0.0238 0.0155 -0.0823 0.5681 0.9745
2.2500 0.7888 0.0238 0.0153 -0.0878 0.5593 0.9846
2.5000 0.8382 0.0240 0.0155 -0.0929 0.5500 0.9955
2.7500 0.8694 0.0241 0.0155 -0.0945 0.5425 1.0000
3.0000 0.8909 0.0242 0.0154 -0.0940 0.5370 1.0000
3.2500 0.8958 0.0246 0.0160 -0.0910 0.5298 1.0000
3.5000 0.9078 0.0249 0.0162 -0.0889 0.5233 1.0000
3.7500 0.9292 0.0250 0.0162 -0.0881 0.5181 1.0000
4.0000 0.9352 0.0256 0.0169 -0.0850 0.5121 1.0000
4.2500 0.9427 0.0260 0.0174 -0.0819 0.5060 1.0000
4.5000 0.9614 0.0263 0.0175 -0.0806 0.5006 1.0000
4.7500 0.9793 0.0267 0.0179 -0.0791 0.4954 1.0000
5.0000 0.9788 0.0274 0.0187 -0.0746 0.4891 1.0000
