-5.0000 0.1305 0.0184 0.0102 -0.1327 0.7883 0.1515
-4.7500 0.1630 0.0180 0.0097 -0.1333 0.7814 0.1577
-4.5000 0.1874 0.0176 0.0094 -0.1324 0.7708 0.1636
-4.2500 0.2151 0.0174 0.0091 -0.1322 0.7617 0.1702
-4.0000 0.2437 0.0170 0.0087 -0.1320 0.7525 0.1769
-3.7500 0.2692 0.0169 0.0085 -0.1313 0.7416 0.1847
-3.5000 0.2978 0.0166 0.0082 -0.1313 0.7322 0.1923
-3.2500 0.3237 0.0163 0.0080 -0.1307 0.7210 0.2006
-3.0000 0.3496 0.0162 0.0078 -0.1301 0.7099 0.2100
-2.7500 0.3785 0.0160 0.0076 -0.1301 0.7003 0.2197
-2.5000 0.4021 0.0159 0.0075 -0.1291 0.6883 0.2293
-2.2500 0.4302 0.0158 0.0073 -0.1290 0.6783 0.2407
-2.0000 0.4550 0.0157 0.0072 -0.1282 0.6667 0.2521
-1.7500 0.4813 0.0156 0.0071 -0.1278 0.6562 0.2640
-1.5000 0.5076 0.0155 0.0069 -0.1274 0.6459 0.2774
-1.2500 0.5326 0.0155 0.0069 -0.1268 0.6353 0.2921
-1.0000 0.5590 0.0154 0.0068 -0.1264 0.6255 0.3093
-0.7500 0.5827 0.0153 0.0068 -0.1256 0.6150 0.3299
-0.5000 0.6084 0.0151 0.0067 -0.1252 0.6055 0.3582
-0.2500 0.6313 0.0149 0.0068 -0.1243 0.5960 0.4100
0.0000 0.6519 0.0145 0.0069 -0.1229 0.5874 0.5759
0.2500 0.6726 0.0142 0.0071 -0.1210 0.5802 0.7335
0.5000 0.6904 0.0142 0.0074 -0.1180 0.5724 0.8475
0.7500 0.7316 0.0143 0.0076 -0.1199 0.5648 0.9426
1.0000 0.7875 0.0147 0.0077 -0.1255 0.5574 0.9868
1.2500 0.8290 0.0149 0.0079 -0.1286 0.5502 1.0000
1.5000 0.8496 0.0151 0.0080 -0.1273 0.5444 1.0000
1.7500 0.8764 0.0154 0.0080 -0.1272 0.5388 1.0000
2.0000 0.8929 0.0155 0.0083 -0.1252 0.5331 1.0000
2.2500 0.9141 0.0158 0.0084 -0.1240 0.5275 1.0000
2.5000 0.9386 0.0160 0.0086 -0.1234 0.5228 1.0000
2.7500 0.9679 0.0163 0.0087 -0.1238 0.5183 1.0000
3.0000 0.9872 0.0166 0.0090 -0.1223 0.5134 1.0000
3.2500 1.0099 0.0168 0.0092 -0.1214 0.5082 1.0000
3.5000 1.0353 0.0171 0.0094 -0.1211 0.5034 1.0000
3.7500 1.0665 0.0174 0.0096 -0.1219 0.4991 1.0000
4.0000 1.0860 0.0177 0.0099 -0.1204 0.4949 1.0000
4.2500 1.1089 0.0180 0.0102 -0.1197 0.4906 1.0000
4.5000 1.1346 0.0183 0.0105 -0.1194 0.4867 1.0000
4.7500 1.1635 0.0186 0.0107 -0.1198 0.4831 1.0000
5.0000 1.1897 0.0191 0.0111 -0.1197 0.4794 1.0000
