-5.0000 0.1342 0.0183 0.0101 -0.1317 0.7754 0.1660
-4.7500 0.1590 0.0181 0.0098 -0.1309 0.7655 0.1718
-4.5000 0.1891 0.0177 0.0093 -0.1310 0.7573 0.1789
-4.2500 0.2133 0.0175 0.0092 -0.1301 0.7466 0.1855
-4.0000 0.2442 0.0171 0.0087 -0.1304 0.7381 0.1932
-3.7500 0.2676 0.0170 0.0086 -0.1294 0.7268 0.2006
-3.5000 0.2977 0.0167 0.0083 -0.1296 0.7182 0.2090
-3.2500 0.3216 0.0166 0.0081 -0.1286 0.7067 0.2175
-3.0000 0.3489 0.0164 0.0080 -0.1283 0.6968 0.2259
-2.7500 0.3741 0.0163 0.0078 -0.1276 0.6856 0.2354
-2.5000 0.4001 0.0162 0.0076 -0.1271 0.6749 0.2454
-2.2500 0.4264 0.0161 0.0075 -0.1266 0.6642 0.2557
-2.0000 0.4514 0.0160 0.0074 -0.1260 0.6534 0.2671
-1.7500 0.4772 0.0159 0.0073 -0.1254 0.6429 0.2798
-1.5000 0.5024 0.0159 0.0073 -0.1248 0.6329 0.2943
-1.2500 0.5273 0.0158 0.0072 -0.1242 0.6230 0.3104
-1.0000 0.5539 0.0157 0.0071 -0.1239 0.6142 0.3286
-0.7500 0.5767 0.0155 0.0071 -0.1230 0.6045 0.3498
-0.5000 0.6044 0.0154 0.0070 -0.1230 0.5964 0.3827
-0.2500 0.6248 0.0152 0.0072 -0.1216 0.5873 0.4505
0.0000 0.6456 0.0149 0.0073 -0.1202 0.5794 0.5945
0.2500 0.6687 0.0147 0.0075 -0.1188 0.5725 0.7126
0.5000 0.6860 0.0147 0.0078 -0.1160 0.5650 0.7992
0.7500 0.7101 0.0148 0.0080 -0.1144 0.5584 0.8788
1.0000 0.7549 0.0151 0.0081 -0.1172 0.5523 0.9412
1.2500 0.8023 0.0154 0.0084 -0.1212 0.5456 0.9766
1.5000 0.8568 0.0157 0.0086 -0.1268 0.5390 0.9964
1.7500 0.8866 0.0159 0.0087 -0.1274 0.5340 1.0000
2.0000 0.9090 0.0162 0.0088 -0.1266 0.5291 1.0000
2.2500 0.9235 0.0163 0.0090 -0.1243 0.5240 1.0000
2.5000 0.9426 0.0165 0.0092 -0.1227 0.5188 1.0000
2.7500 0.9658 0.0168 0.0093 -0.1219 0.5142 1.0000
3.0000 0.9956 0.0171 0.0095 -0.1225 0.5098 1.0000
3.2500 1.0124 0.0174 0.0098 -0.1205 0.5057 1.0000
3.5000 1.0333 0.0176 0.0100 -0.1193 0.5014 1.0000
3.7500 1.0569 0.0179 0.0102 -0.1187 0.4971 1.0000
4.0000 1.0835 0.0182 0.0104 -0.1186 0.4930 1.0000
4.2500 1.1124 0.0186 0.0107 -0.1190 0.4889 1.0000
4.5000 1.1295 0.0188 0.0111 -0.1171 0.4845 1.0000
4.7500 1.1510 0.0192 0.0114 -0.1161 0.4802 1.0000
5.0000 1.1759 0.0194 0.0116 -0.1158 0.4763 1.0000
