-5.0000 -0.1996 0.0179 0.0099 -0.0603 0.9028 0.1265
-4.7500 -0.1711 0.0173 0.0093 -0.0601 0.8938 0.1343
-4.5000 -0.1421 0.0168 0.0088 -0.0599 0.8850 0.1432
-4.2500 -0.1144 0.0161 0.0082 -0.0595 0.8757 0.1534
-4.0000 -0.0908 0.0155 0.0077 -0.0584 0.8638 0.1652
-3.7500 -0.0648 0.0149 0.0071 -0.0576 0.8528 0.1817
-3.5000 -0.0420 0.0141 0.0065 -0.0563 0.8405 0.2091
-3.2500 -0.0283 0.0128 0.0061 -0.0539 0.8264 0.3835
-3.0000 -0.0081 0.0123 0.0060 -0.0520 0.8134 0.4995
-2.7500 0.0169 0.0120 0.0058 -0.0507 0.8012 0.5582
-2.5000 0.0404 0.0118 0.0058 -0.0493 0.7862 0.5990
-2.2500 0.0659 0.0117 0.0057 -0.0482 0.7723 0.6319
-2.0000 0.0926 0.0116 0.0056 -0.0473 0.7591 0.6609
-1.7500 0.1169 0.0115 0.0055 -0.0461 0.7432 0.6892
-1.5000 0.1425 0.0115 0.0055 -0.0450 0.7287 0.7171
-1.2500 0.1686 0.0115 0.0054 -0.0440 0.7144 0.7446
-1.0000 0.1931 0.0115 0.0055 -0.0427 0.6984 0.7713
-0.7500 0.2185 0.0115 0.0055 -0.0416 0.6832 0.7965
-0.5000 0.2436 0.0116 0.0055 -0.0403 0.6684 0.8234
-0.2500 0.2687 0.0117 0.0056 -0.0389 0.6518 0.8481
0.0000 0.2934 0.0118 0.0057 -0.0376 0.6355 0.8715
0.2500 0.3211 0.0120 0.0059 -0.0368 0.6184 0.8897
0.5000 0.3501 0.0122 0.0060 -0.0363 0.6010 0.9080
0.7500 0.3826 0.0125 0.0061 -0.0366 0.5830 0.9240
1.0000 0.4168 0.0127 0.0063 -0.0374 0.5628 0.9384
1.2500 0.4590 0.0130 0.0064 -0.0400 0.5405 0.9472
1.5000 0.4993 0.0133 0.0065 -0.0424 0.5185 0.9569
1.7500 0.5452 0.0136 0.0066 -0.0460 0.4952 0.9640
2.0000 0.5854 0.0138 0.0067 -0.0486 0.4738 0.9735
2.2500 0.6303 0.0141 0.0068 -0.0523 0.4520 0.9799
2.5000 0.6702 0.0144 0.0070 -0.0550 0.4329 0.9886
2.7500 0.7157 0.0147 0.0071 -0.0590 0.4140 0.9943
3.0000 0.7572 0.0150 0.0072 -0.0622 0.3978 1.0000
3.2500 0.7743 0.0151 0.0073 -0.0606 0.3867 1.0000
3.5000 0.7912 0.0154 0.0074 -0.0588 0.3775 1.0000
3.7500 0.8084 0.0156 0.0076 -0.0571 0.3688 1.0000
4.0000 0.8255 0.0158 0.0078 -0.0554 0.3612 1.0000
4.2500 0.8433 0.0161 0.0080 -0.0537 0.3541 1.0000
4.5000 0.8609 0.0163 0.0082 -0.0519 0.3474 1.0000
4.7500 0.8796 0.0167 0.0084 -0.0503 0.3418 1.0000
5.0000 0.8984 0.0170 0.0087 -0.0488 0.3364 1.0000
