-5.0000 -0.1926 0.0160 0.0083 -0.0584 0.8597 0.2041
-4.7500 -0.1764 0.0153 0.0079 -0.0562 0.8470 0.2373
-4.5000 -0.1587 0.0143 0.0075 -0.0542 0.8377 0.3499
-4.2500 -0.1389 0.0139 0.0073 -0.0523 0.8260 0.4228
-4.0000 -0.1155 0.0137 0.0071 -0.0510 0.8148 0.4642
-3.7500 -0.0888 0.0134 0.0069 -0.0502 0.8044 0.4954
-3.5000 -0.0650 0.0133 0.0068 -0.0489 0.7912 0.5208
-3.2500 -0.0391 0.0132 0.0067 -0.0479 0.7784 0.5443
-3.0000 -0.0120 0.0130 0.0065 -0.0472 0.7658 0.5660
-2.7500 0.0119 0.0129 0.0065 -0.0459 0.7509 0.5852
-2.5000 0.0377 0.0129 0.0064 -0.0451 0.7381 0.6039
-2.2500 0.0647 0.0128 0.0062 -0.0444 0.7259 0.6226
-2.0000 0.0905 0.0127 0.0062 -0.0435 0.7125 0.6402
-1.7500 0.1155 0.0127 0.0062 -0.0426 0.6985 0.6583
-1.5000 0.1412 0.0127 0.0061 -0.0417 0.6850 0.6764
-1.2500 0.1672 0.0127 0.0061 -0.0409 0.6720 0.6949
-1.0000 0.1933 0.0127 0.0061 -0.0401 0.6595 0.7144
-0.7500 0.2179 0.0127 0.0061 -0.0390 0.6454 0.7342
-0.5000 0.2428 0.0127 0.0062 -0.0379 0.6314 0.7533
-0.2500 0.2678 0.0128 0.0062 -0.0369 0.6178 0.7725
0.0000 0.2928 0.0129 0.0063 -0.0358 0.6044 0.7921
0.2500 0.3174 0.0130 0.0063 -0.0346 0.5903 0.8126
0.5000 0.3407 0.0131 0.0064 -0.0332 0.5755 0.8332
0.7500 0.3650 0.0132 0.0066 -0.0320 0.5608 0.8515
1.0000 0.3900 0.0134 0.0067 -0.0309 0.5465 0.8682
1.2500 0.4164 0.0136 0.0069 -0.0300 0.5318 0.8830
1.5000 0.4439 0.0139 0.0071 -0.0295 0.5163 0.8968
1.7500 0.4728 0.0141 0.0072 -0.0293 0.5011 0.9100
2.0000 0.5017 0.0144 0.0074 -0.0292 0.4861 0.9233
2.2500 0.5372 0.0148 0.0076 -0.0305 0.4694 0.9329
2.5000 0.5736 0.0151 0.0079 -0.0322 0.4528 0.9426
2.7500 0.6127 0.0155 0.0082 -0.0344 0.4363 0.9517
3.0000 0.6558 0.0159 0.0084 -0.0376 0.4200 0.9585
3.2500 0.6994 0.0163 0.0087 -0.0409 0.4049 0.9651
3.5000 0.7385 0.0166 0.0089 -0.0434 0.3911 0.9736
3.7500 0.7834 0.0170 0.0092 -0.0472 0.3787 0.9789
4.0000 0.8248 0.0173 0.0094 -0.0503 0.3680 0.9866
4.2500 0.8692 0.0177 0.0097 -0.0540 0.3583 0.9922
4.5000 0.9131 0.0180 0.0099 -0.0577 0.3494 0.9979
4.7500 0.9409 0.0183 0.0101 -0.0583 0.3430 1.0000
5.0000 0.9535 0.0185 0.0103 -0.0559 0.3382 1.0000
