-5.0000 -0.0479 0.0278 0.0201 -0.1387 0.8135 0.2299
-4.7500 -0.0070 0.0272 0.0195 -0.1407 0.8123 0.2399
-4.5000 0.0344 0.0267 0.0190 -0.1429 0.8115 0.2498
-4.2500 0.0586 0.0267 0.0190 -0.1424 0.8064 0.2581
-4.0000 0.0827 0.0268 0.0190 -0.1419 0.8012 0.2663
-3.7500 0.1069 0.0268 0.0191 -0.1413 0.7961 0.2746
-3.5000 0.1311 0.0268 0.0191 -0.1408 0.7909 0.2828
-3.2500 0.1690 0.0263 0.0187 -0.1424 0.7895 0.2936
-3.0000 0.2088 0.0258 0.0181 -0.1442 0.7885 0.3055
-2.7500 0.2498 0.0250 0.0175 -0.1462 0.7878 0.3164
-2.5000 0.2929 0.0242 0.0167 -0.1484 0.7873 0.3278
-2.2500 0.3382 0.0233 0.0158 -0.1510 0.7868 0.3399
-2.0000 0.3608 0.0234 0.0159 -0.1500 0.7807 0.3500
-1.7500 0.3835 0.0234 0.0159 -0.1491 0.7745 0.3600
-1.5000 0.4061 0.0235 0.0160 -0.1481 0.7684 0.3701
-1.2500 0.4450 0.0229 0.0155 -0.1497 0.7665 0.3831
-1.0000 0.4877 0.0222 0.0148 -0.1520 0.7653 0.3962
-0.7500 0.5330 0.0215 0.0141 -0.1548 0.7643 0.4096
-0.5000 0.5808 0.0208 0.0134 -0.1581 0.7634 0.4233
-0.2500 0.6321 0.0201 0.0128 -0.1623 0.7626 0.4373
0.0000 0.6602 0.0200 0.0127 -0.1621 0.7571 0.4496
0.2500 0.6882 0.0198 0.0125 -0.1619 0.7516 0.4620
0.5000 0.7191 0.0196 0.0123 -0.1622 0.7460 0.4756
0.7500 0.7500 0.0193 0.0121 -0.1625 0.7404 0.4892
1.0000 0.7815 0.0190 0.0118 -0.1629 0.7344 0.5030
1.2500 0.8131 0.0187 0.0116 -0.1634 0.7284 0.5168
1.5000 0.8298 0.0188 0.0117 -0.1611 0.7203 0.5288
1.7500 0.8733 0.0184 0.0113 -0.1638 0.7159 0.5447
2.0000 0.8900 0.0185 0.0115 -0.1616 0.7076 0.5572
2.2500 0.9339 0.0181 0.0111 -0.1644 0.7029 0.5741
2.5000 0.9471 0.0183 0.0113 -0.1615 0.6939 0.5875
2.7500 0.9945 0.0179 0.0109 -0.1650 0.6890 0.6052
3.0000 1.0040 0.0181 0.0111 -0.1614 0.6790 0.6185
3.2500 1.0311 0.0180 0.0111 -0.1611 0.6711 0.6350
3.5000 1.0613 0.0179 0.0110 -0.1613 0.6633 0.6528
3.7500 1.0773 0.0181 0.0113 -0.1591 0.6537 0.6699
4.0000 1.1070 0.0179 0.0112 -0.1593 0.6455 0.6892
4.2500 1.1261 0.0180 0.0113 -0.1575 0.6356 0.7093
4.5000 1.1411 0.0182 0.0116 -0.1551 0.6254 0.7327
4.7500 1.1594 0.0183 0.0118 -0.1532 0.6159 0.7709
5.0000 1.1777 0.0183 0.0119 -0.1512 0.6065 0.8091
