-5.0000 -0.3832 0.0117 0.0054 -0.0419 0.8579 0.3337
-4.7500 -0.3578 0.0115 0.0053 -0.0413 0.8487 0.3441
-4.5000 -0.3314 0.0114 0.0051 -0.0408 0.8402 0.3550
-4.2500 -0.3052 0.0112 0.0050 -0.0404 0.8315 0.3659
-4.0000 -0.2795 0.0111 0.0048 -0.0398 0.8212 0.3762
-3.7500 -0.2536 0.0109 0.0047 -0.0393 0.8107 0.3860
-3.5000 -0.2273 0.0108 0.0046 -0.0388 0.7999 0.3967
-3.2500 -0.2014 0.0107 0.0044 -0.0383 0.7884 0.4067
-3.0000 -0.1756 0.0106 0.0043 -0.0377 0.7761 0.4177
-2.7500 -0.1498 0.0105 0.0042 -0.0371 0.7636 0.4284
-2.5000 -0.1239 0.0104 0.0041 -0.0366 0.7513 0.4401
-2.2500 -0.0978 0.0104 0.0041 -0.0361 0.7397 0.4520
-2.0000 -0.0717 0.0103 0.0040 -0.0356 0.7278 0.4641
-1.7500 -0.0458 0.0103 0.0039 -0.0350 0.7156 0.4765
-1.5000 -0.0200 0.0102 0.0039 -0.0345 0.7028 0.4887
-1.2500 0.0057 0.0102 0.0038 -0.0339 0.6896 0.5003
-1.0000 0.0316 0.0101 0.0038 -0.0333 0.6767 0.5122
-0.7500 0.0574 0.0101 0.0038 -0.0328 0.6644 0.5244
-0.5000 0.0831 0.0101 0.0038 -0.0322 0.6513 0.5365
-0.2500 0.1088 0.0101 0.0038 -0.0316 0.6383 0.5488
0.0000 0.1344 0.0101 0.0038 -0.0310 0.6253 0.5612
0.2500 0.1601 0.0101 0.0038 -0.0305 0.6126 0.5737
0.5000 0.1856 0.0102 0.0038 -0.0298 0.6001 0.5862
0.7500 0.2110 0.0102 0.0038 -0.0292 0.5879 0.6006
1.0000 0.2362 0.0102 0.0039 -0.0286 0.5760 0.6153
1.2500 0.2613 0.0103 0.0039 -0.0279 0.5637 0.6305
1.5000 0.2864 0.0103 0.0040 -0.0272 0.5521 0.6455
1.7500 0.3114 0.0104 0.0040 -0.0265 0.5401 0.6598
2.0000 0.3365 0.0104 0.0041 -0.0258 0.5280 0.6738
2.2500 0.3615 0.0105 0.0042 -0.0251 0.5163 0.6881
2.5000 0.3861 0.0106 0.0043 -0.0244 0.5039 0.7031
2.7500 0.4108 0.0106 0.0043 -0.0236 0.4914 0.7182
3.0000 0.4351 0.0107 0.0044 -0.0228 0.4794 0.7335
3.2500 0.4595 0.0108 0.0045 -0.0220 0.4676 0.7491
3.5000 0.4839 0.0109 0.0046 -0.0212 0.4567 0.7671
3.7500 0.5079 0.0110 0.0048 -0.0203 0.4457 0.7835
4.0000 0.5318 0.0111 0.0049 -0.0194 0.4353 0.8010
4.2500 0.5554 0.0112 0.0051 -0.0184 0.4251 0.8183
4.5000 0.5784 0.0114 0.0053 -0.0173 0.4143 0.8350
4.7500 0.6010 0.0116 0.0055 -0.0161 0.4033 0.8518
5.0000 0.6236 0.0117 0.0057 -0.0149 0.3924 0.8685
