-5.0000 -0.5608 0.0159 0.0088 -0.0088 0.9586 0.3521
-4.7500 -0.5245 0.0157 0.0086 -0.0106 0.9522 0.3723
-4.5000 -0.4872 0.0154 0.0083 -0.0125 0.9454 0.3935
-4.2500 -0.4423 0.0151 0.0081 -0.0159 0.9417 0.4143
-4.0000 -0.4088 0.0148 0.0079 -0.0170 0.9331 0.4331
-3.7500 -0.3693 0.0144 0.0076 -0.0191 0.9275 0.4528
-3.5000 -0.3318 0.0141 0.0074 -0.0208 0.9218 0.4731
-3.2500 -0.3010 0.0139 0.0072 -0.0211 0.9124 0.4924
-3.0000 -0.2629 0.0135 0.0069 -0.0227 0.9073 0.5128
-2.7500 -0.2373 0.0132 0.0067 -0.0218 0.8949 0.5308
-2.5000 -0.2071 0.0130 0.0065 -0.0218 0.8857 0.5494
-2.2500 -0.1782 0.0127 0.0063 -0.0215 0.8756 0.5677
-2.0000 -0.1515 0.0125 0.0062 -0.0208 0.8641 0.5862
-1.7500 -0.1216 0.0123 0.0060 -0.0207 0.8547 0.6053
-1.5000 -0.0964 0.0121 0.0059 -0.0197 0.8412 0.6244
-1.2500 -0.0695 0.0120 0.0058 -0.0190 0.8287 0.6433
-1.0000 -0.0418 0.0118 0.0057 -0.0183 0.8161 0.6626
-0.7500 -0.0154 0.0117 0.0056 -0.0175 0.8016 0.6821
-0.5000 0.0102 0.0116 0.0055 -0.0165 0.7860 0.7014
-0.2500 0.0364 0.0115 0.0055 -0.0156 0.7706 0.7204
0.0000 0.0629 0.0115 0.0055 -0.0148 0.7553 0.7395
0.2500 0.0894 0.0115 0.0055 -0.0140 0.7402 0.7586
0.5000 0.1159 0.0115 0.0055 -0.0131 0.7257 0.7783
0.7500 0.1422 0.0115 0.0055 -0.0123 0.7097 0.7957
1.0000 0.1683 0.0116 0.0056 -0.0114 0.6936 0.8135
1.2500 0.1945 0.0117 0.0057 -0.0104 0.6772 0.8313
1.5000 0.2206 0.0118 0.0058 -0.0095 0.6603 0.8489
1.7500 0.2476 0.0120 0.0059 -0.0086 0.6440 0.8649
2.0000 0.2757 0.0122 0.0061 -0.0081 0.6284 0.8794
2.2500 0.3035 0.0124 0.0062 -0.0075 0.6113 0.8935
2.5000 0.3313 0.0126 0.0064 -0.0070 0.5932 0.9074
2.7500 0.3651 0.0129 0.0066 -0.0077 0.5747 0.9173
3.0000 0.3990 0.0131 0.0068 -0.0085 0.5562 0.9272
3.2500 0.4307 0.0133 0.0069 -0.0089 0.5386 0.9386
3.5000 0.4742 0.0136 0.0071 -0.0119 0.5187 0.9437
3.7500 0.5119 0.0139 0.0073 -0.0137 0.5001 0.9528
4.0000 0.5559 0.0142 0.0075 -0.0170 0.4806 0.9585
4.2500 0.5982 0.0144 0.0077 -0.0199 0.4602 0.9652
4.5000 0.6351 0.0146 0.0078 -0.0218 0.4391 0.9733
4.7500 0.6778 0.0148 0.0079 -0.0251 0.4175 0.9784
5.0000 0.7174 0.0151 0.0081 -0.0277 0.3975 0.9857
