-5.0000 -0.4800 0.0168 0.0095 -0.0240 0.9066 0.3923
-4.7500 -0.4428 0.0163 0.0091 -0.0256 0.9019 0.4055
-4.5000 -0.4187 0.0161 0.0089 -0.0246 0.8908 0.4177
-4.2500 -0.3847 0.0157 0.0085 -0.0254 0.8848 0.4307
-4.0000 -0.3608 0.0155 0.0083 -0.0243 0.8736 0.4432
-3.7500 -0.3290 0.0151 0.0080 -0.0247 0.8668 0.4566
-3.5000 -0.3049 0.0149 0.0079 -0.0236 0.8549 0.4686
-3.2500 -0.2786 0.0147 0.0077 -0.0229 0.8441 0.4809
-3.0000 -0.2494 0.0144 0.0074 -0.0228 0.8348 0.4933
-2.7500 -0.2250 0.0142 0.0073 -0.0218 0.8218 0.5055
-2.5000 -0.1985 0.0141 0.0071 -0.0211 0.8106 0.5188
-2.2500 -0.1716 0.0139 0.0069 -0.0206 0.7997 0.5334
-2.0000 -0.1462 0.0138 0.0069 -0.0198 0.7868 0.5463
-1.7500 -0.1191 0.0136 0.0067 -0.0192 0.7751 0.5598
-1.5000 -0.0929 0.0135 0.0066 -0.0186 0.7622 0.5739
-1.2500 -0.0675 0.0135 0.0066 -0.0178 0.7487 0.5877
-1.0000 -0.0409 0.0134 0.0065 -0.0172 0.7363 0.6015
-0.7500 -0.0140 0.0133 0.0064 -0.0166 0.7242 0.6165
-0.5000 0.0116 0.0132 0.0063 -0.0158 0.7108 0.6317
-0.2500 0.0369 0.0132 0.0063 -0.0150 0.6968 0.6467
0.0000 0.0627 0.0132 0.0063 -0.0143 0.6838 0.6613
0.2500 0.0892 0.0132 0.0063 -0.0137 0.6711 0.6760
0.5000 0.1156 0.0132 0.0063 -0.0130 0.6580 0.6904
0.7500 0.1409 0.0132 0.0063 -0.0122 0.6441 0.7051
1.0000 0.1667 0.0132 0.0064 -0.0115 0.6310 0.7200
1.2500 0.1930 0.0133 0.0064 -0.0108 0.6191 0.7355
1.5000 0.2185 0.0133 0.0065 -0.0100 0.6063 0.7513
1.7500 0.2436 0.0134 0.0066 -0.0091 0.5929 0.7678
2.0000 0.2691 0.0135 0.0067 -0.0082 0.5800 0.7838
2.2500 0.2953 0.0136 0.0068 -0.0075 0.5674 0.7984
2.5000 0.3202 0.0138 0.0070 -0.0065 0.5539 0.8127
2.7500 0.3457 0.0139 0.0071 -0.0057 0.5415 0.8275
3.0000 0.3704 0.0141 0.0073 -0.0046 0.5291 0.8428
3.2500 0.3971 0.0143 0.0076 -0.0039 0.5162 0.8554
3.5000 0.4240 0.0146 0.0078 -0.0033 0.5049 0.8682
3.7500 0.4478 0.0148 0.0080 -0.0021 0.4924 0.8826
4.0000 0.4785 0.0151 0.0083 -0.0022 0.4786 0.8915
4.2500 0.5014 0.0153 0.0084 -0.0010 0.4667 0.9055
4.5000 0.5368 0.0156 0.0087 -0.0022 0.4525 0.9119
4.7500 0.5685 0.0160 0.0090 -0.0027 0.4402 0.9212
5.0000 0.6003 0.0163 0.0092 -0.0034 0.4283 0.9302
