-5.0000 -0.4733 0.0163 0.0081 -0.0155 0.9989 0.0500
-4.7500 -0.4319 0.0160 0.0077 -0.0186 0.9939 0.0542
-4.5000 -0.3883 0.0158 0.0075 -0.0221 0.9894 0.0601
-4.2500 -0.3492 0.0154 0.0072 -0.0246 0.9827 0.0677
-4.0000 -0.3067 0.0151 0.0070 -0.0279 0.9762 0.0820
-3.7500 -0.2607 0.0148 0.0068 -0.0317 0.9717 0.0988
-3.5000 -0.2238 0.0144 0.0065 -0.0336 0.9624 0.1165
-3.2500 -0.1772 0.0140 0.0062 -0.0375 0.9560 0.1429
-3.0000 -0.1357 0.0135 0.0058 -0.0402 0.9482 0.1772
-2.7500 -0.0981 0.0129 0.0055 -0.0424 0.9406 0.2283
-2.5000 -0.0646 0.0115 0.0052 -0.0441 0.9354 0.4578
-2.2500 -0.0429 0.0107 0.0053 -0.0424 0.9237 0.6416
-2.0000 -0.0114 0.0103 0.0052 -0.0421 0.9166 0.7379
-1.7500 0.0136 0.0101 0.0051 -0.0405 0.9036 0.7889
-1.5000 0.0414 0.0099 0.0050 -0.0393 0.8923 0.8352
-1.2500 0.0705 0.0098 0.0050 -0.0383 0.8812 0.8763
-1.0000 0.1005 0.0099 0.0050 -0.0376 0.8671 0.9085
-0.7500 0.1360 0.0099 0.0050 -0.0380 0.8529 0.9342
-0.5000 0.1760 0.0099 0.0049 -0.0396 0.8370 0.9534
-0.2500 0.2245 0.0100 0.0048 -0.0431 0.8194 0.9679
0.0000 0.2764 0.0100 0.0047 -0.0476 0.7995 0.9811
0.2500 0.3287 0.0100 0.0046 -0.0523 0.7746 0.9944
0.5000 0.3654 0.0099 0.0043 -0.0541 0.7493 1.0000
0.7500 0.3882 0.0099 0.0042 -0.0533 0.7229 1.0000
1.0000 0.4114 0.0099 0.0041 -0.0524 0.6975 1.0000
1.2500 0.4343 0.0100 0.0040 -0.0515 0.6717 1.0000
1.5000 0.4571 0.0101 0.0039 -0.0505 0.6451 1.0000
1.7500 0.4798 0.0103 0.0039 -0.0495 0.6185 1.0000
2.0000 0.5024 0.0104 0.0039 -0.0485 0.5925 1.0000
2.2500 0.5248 0.0106 0.0040 -0.0474 0.5663 1.0000
2.5000 0.5473 0.0109 0.0041 -0.0464 0.5426 1.0000
2.7500 0.5698 0.0111 0.0042 -0.0453 0.5210 1.0000
3.0000 0.5924 0.0113 0.0043 -0.0443 0.4999 1.0000
3.2500 0.6151 0.0116 0.0045 -0.0434 0.4812 1.0000
3.5000 0.6381 0.0119 0.0046 -0.0424 0.4651 1.0000
3.7500 0.6614 0.0122 0.0048 -0.0416 0.4517 1.0000
4.0000 0.6847 0.0124 0.0050 -0.0407 0.4384 1.0000
4.2500 0.7083 0.0127 0.0053 -0.0399 0.4259 1.0000
4.5000 0.7319 0.0130 0.0055 -0.0391 0.4152 1.0000
4.7500 0.7557 0.0133 0.0058 -0.0383 0.4040 1.0000
5.0000 0.7796 0.0136 0.0060 -0.0376 0.3934 1.0000
