-5.0000 -0.0520 0.0130 0.0059 -0.0798 0.8314 0.0098
-4.7500 -0.0257 0.0127 0.0056 -0.0792 0.8188 0.0098
-4.5000 0.0012 0.0124 0.0052 -0.0787 0.8072 0.0098
-4.2500 0.0277 0.0122 0.0049 -0.0781 0.7938 0.0099
-4.0000 0.0544 0.0120 0.0046 -0.0776 0.7806 0.0100
-3.7500 0.0813 0.0118 0.0044 -0.0771 0.7674 0.0101
-3.5000 0.1079 0.0117 0.0041 -0.0765 0.7529 0.0104
-3.2500 0.1346 0.0115 0.0039 -0.0760 0.7379 0.0108
-3.0000 0.1608 0.0113 0.0037 -0.0755 0.7229 0.0232
-2.7500 0.1871 0.0112 0.0036 -0.0750 0.7079 0.0356
-2.5000 0.2138 0.0112 0.0035 -0.0745 0.6917 0.0393
-2.2500 0.2404 0.0111 0.0034 -0.0740 0.6749 0.0448
-2.0000 0.2670 0.0111 0.0033 -0.0735 0.6576 0.0475
-1.7500 0.2935 0.0111 0.0033 -0.0731 0.6397 0.0507
-1.5000 0.3198 0.0111 0.0032 -0.0726 0.6211 0.0549
-1.2500 0.3458 0.0111 0.0032 -0.0721 0.6018 0.0634
-1.0000 0.3717 0.0112 0.0032 -0.0715 0.5829 0.0682
-0.7500 0.3976 0.0112 0.0031 -0.0710 0.5629 0.0743
-0.5000 0.4232 0.0112 0.0032 -0.0704 0.5418 0.0865
-0.2500 0.4488 0.0113 0.0032 -0.0699 0.5208 0.0987
0.0000 0.4740 0.0114 0.0032 -0.0693 0.4992 0.1165
0.2500 0.4991 0.0115 0.0032 -0.0687 0.4765 0.1318
0.5000 0.5240 0.0116 0.0033 -0.0681 0.4527 0.1520
0.7500 0.5447 0.0109 0.0033 -0.0673 0.4296 0.4283
1.0000 0.5648 0.0105 0.0034 -0.0660 0.4078 0.6184
1.2500 0.5788 0.0101 0.0037 -0.0627 0.3871 0.8409
1.5000 0.6291 0.0104 0.0041 -0.0665 0.3611 0.9818
1.7500 0.6832 0.0109 0.0043 -0.0721 0.3412 0.9957
2.0000 0.7186 0.0111 0.0045 -0.0739 0.3282 1.0000
2.2500 0.7380 0.0114 0.0046 -0.0723 0.3201 1.0000
2.5000 0.7583 0.0115 0.0047 -0.0709 0.3132 1.0000
2.7500 0.7778 0.0118 0.0049 -0.0693 0.3070 1.0000
3.0000 0.7982 0.0120 0.0051 -0.0679 0.3017 1.0000
3.2500 0.8204 0.0122 0.0052 -0.0667 0.2978 1.0000
3.5000 0.8423 0.0124 0.0054 -0.0656 0.2937 1.0000
3.7500 0.8642 0.0126 0.0056 -0.0645 0.2901 1.0000
4.0000 0.8861 0.0129 0.0058 -0.0634 0.2865 1.0000
4.2500 0.9083 0.0133 0.0061 -0.0624 0.2828 1.0000
4.5000 0.9325 0.0135 0.0063 -0.0618 0.2810 1.0000
4.7500 0.9566 0.0137 0.0065 -0.0611 0.2786 1.0000
5.0000 0.9807 0.0139 0.0067 -0.0605 0.2762 1.0000
