-5.0000 -0.4364 0.0116 0.0051 -0.0230 0.9610 0.1742
-4.7500 -0.4036 0.0111 0.0047 -0.0242 0.9551 0.2058
-4.5000 -0.3745 0.0105 0.0044 -0.0246 0.9476 0.2587
-4.2500 -0.3450 0.0099 0.0041 -0.0250 0.9413 0.3206
-4.0000 -0.3176 0.0095 0.0039 -0.0248 0.9331 0.3671
-3.7500 -0.2910 0.0092 0.0038 -0.0244 0.9238 0.4047
-3.5000 -0.2642 0.0090 0.0036 -0.0240 0.9143 0.4363
-3.2500 -0.2372 0.0088 0.0035 -0.0235 0.9043 0.4640
-3.0000 -0.2110 0.0086 0.0033 -0.0229 0.8922 0.4883
-2.7500 -0.1851 0.0084 0.0032 -0.0221 0.8779 0.5129
-2.5000 -0.1591 0.0082 0.0030 -0.0214 0.8619 0.5362
-2.2500 -0.1334 0.0081 0.0029 -0.0206 0.8447 0.5612
-2.0000 -0.1076 0.0080 0.0028 -0.0199 0.8278 0.5863
-1.7500 -0.0818 0.0079 0.0027 -0.0191 0.8113 0.6119
-1.5000 -0.0561 0.0078 0.0027 -0.0184 0.7941 0.6390
-1.2500 -0.0303 0.0077 0.0027 -0.0176 0.7768 0.6659
-1.0000 -0.0045 0.0076 0.0026 -0.0169 0.7594 0.6914
-0.7500 0.0216 0.0076 0.0026 -0.0162 0.7421 0.7143
-0.5000 0.0475 0.0076 0.0026 -0.0155 0.7243 0.7388
-0.2500 0.0733 0.0076 0.0026 -0.0148 0.7061 0.7636
0.0000 0.0991 0.0076 0.0026 -0.0140 0.6881 0.7866
0.2500 0.1250 0.0077 0.0027 -0.0133 0.6696 0.8077
0.5000 0.1508 0.0077 0.0027 -0.0125 0.6502 0.8280
0.7500 0.1766 0.0078 0.0027 -0.0117 0.6289 0.8475
1.0000 0.2023 0.0079 0.0029 -0.0109 0.6080 0.8660
1.2500 0.2279 0.0080 0.0029 -0.0101 0.5867 0.8843
1.5000 0.2541 0.0082 0.0030 -0.0094 0.5663 0.8995
1.7500 0.2801 0.0083 0.0031 -0.0087 0.5461 0.9142
2.0000 0.3070 0.0085 0.0032 -0.0082 0.5247 0.9266
2.2500 0.3370 0.0087 0.0034 -0.0084 0.5050 0.9360
2.5000 0.3671 0.0089 0.0035 -0.0086 0.4852 0.9453
2.7500 0.3977 0.0092 0.0036 -0.0091 0.4651 0.9548
3.0000 0.4340 0.0094 0.0038 -0.0108 0.4425 0.9604
3.2500 0.4726 0.0097 0.0039 -0.0131 0.4193 0.9651
3.5000 0.5098 0.0100 0.0041 -0.0151 0.3990 0.9705
3.7500 0.5421 0.0102 0.0042 -0.0160 0.3806 0.9772
4.0000 0.5835 0.0105 0.0044 -0.0191 0.3607 0.9801
4.2500 0.6242 0.0107 0.0045 -0.0219 0.3410 0.9838
4.5000 0.6632 0.0110 0.0047 -0.0245 0.3235 0.9882
4.7500 0.7012 0.0112 0.0049 -0.0268 0.3085 0.9926
5.0000 0.7384 0.0114 0.0050 -0.0290 0.2946 0.9967
