-5.0000 -0.1052 0.0179 0.0099 -0.0822 0.8995 0.0782
-4.7500 -0.0710 0.0173 0.0093 -0.0831 0.8936 0.0830
-4.5000 -0.0464 0.0169 0.0090 -0.0822 0.8823 0.0877
-4.2500 -0.0126 0.0165 0.0086 -0.0829 0.8756 0.0958
-4.0000 0.0117 0.0163 0.0083 -0.0819 0.8631 0.1037
-3.7500 0.0434 0.0159 0.0080 -0.0822 0.8550 0.1144
-3.5000 0.0680 0.0156 0.0077 -0.0813 0.8416 0.1235
-3.2500 0.0971 0.0152 0.0072 -0.0811 0.8315 0.1329
-3.0000 0.1223 0.0148 0.0069 -0.0802 0.8176 0.1423
-2.7500 0.1490 0.0145 0.0066 -0.0797 0.8046 0.1530
-2.5000 0.1765 0.0141 0.0062 -0.0792 0.7919 0.1655
-2.2500 0.2016 0.0138 0.0059 -0.0784 0.7769 0.1797
-2.0000 0.2279 0.0135 0.0056 -0.0778 0.7630 0.1971
-1.7500 0.2538 0.0131 0.0053 -0.0772 0.7484 0.2187
-1.5000 0.2771 0.0126 0.0049 -0.0763 0.7320 0.2598
-1.2500 0.2911 0.0112 0.0049 -0.0737 0.7168 0.6041
-1.0000 0.3105 0.0109 0.0050 -0.0710 0.7012 0.7477
-0.7500 0.3329 0.0108 0.0050 -0.0687 0.6842 0.8287
-0.5000 0.3599 0.0109 0.0051 -0.0674 0.6657 0.8844
-0.2500 0.3933 0.0110 0.0052 -0.0676 0.6460 0.9266
0.0000 0.4354 0.0113 0.0053 -0.0698 0.6250 0.9562
0.2500 0.4851 0.0115 0.0053 -0.0739 0.6015 0.9755
0.5000 0.5396 0.0118 0.0053 -0.0792 0.5755 0.9900
0.7500 0.5919 0.0120 0.0053 -0.0843 0.5507 1.0000
1.0000 0.6106 0.0121 0.0052 -0.0828 0.5311 1.0000
1.2500 0.6295 0.0123 0.0053 -0.0813 0.5136 1.0000
1.5000 0.6487 0.0125 0.0053 -0.0798 0.4972 1.0000
1.7500 0.6682 0.0127 0.0054 -0.0783 0.4827 1.0000
2.0000 0.6883 0.0130 0.0055 -0.0769 0.4695 1.0000
2.2500 0.7090 0.0132 0.0056 -0.0756 0.4579 1.0000
2.5000 0.7303 0.0135 0.0057 -0.0744 0.4482 1.0000
2.7500 0.7519 0.0137 0.0059 -0.0732 0.4385 1.0000
3.0000 0.7745 0.0141 0.0061 -0.0722 0.4311 1.0000
3.2500 0.7968 0.0143 0.0063 -0.0712 0.4234 1.0000
3.5000 0.8203 0.0146 0.0065 -0.0704 0.4171 1.0000
3.7500 0.8436 0.0149 0.0068 -0.0696 0.4108 1.0000
4.0000 0.8671 0.0152 0.0070 -0.0688 0.4046 1.0000
4.2500 0.8922 0.0156 0.0073 -0.0684 0.3991 1.0000
4.5000 0.9157 0.0158 0.0076 -0.0676 0.3937 1.0000
4.7500 0.9399 0.0161 0.0079 -0.0670 0.3884 1.0000
5.0000 0.9652 0.0165 0.0082 -0.0666 0.3839 1.0000
