-5.0000 -0.0719 0.0171 0.0090 -0.0782 0.7988 0.2009
-4.7500 -0.0473 0.0167 0.0086 -0.0774 0.7884 0.2098
-4.5000 -0.0231 0.0163 0.0083 -0.0765 0.7778 0.2199
-4.2500 0.0003 0.0159 0.0079 -0.0755 0.7672 0.2317
-4.0000 0.0226 0.0154 0.0076 -0.0744 0.7560 0.2469
-3.7500 0.0440 0.0149 0.0072 -0.0731 0.7448 0.2697
-3.5000 0.0635 0.0144 0.0069 -0.0715 0.7337 0.3258
-3.2500 0.0809 0.0138 0.0068 -0.0695 0.7223 0.4292
-3.0000 0.1027 0.0136 0.0068 -0.0680 0.7112 0.4953
-2.7500 0.1259 0.0135 0.0067 -0.0668 0.6994 0.5361
-2.5000 0.1497 0.0135 0.0067 -0.0656 0.6874 0.5667
-2.2500 0.1738 0.0135 0.0067 -0.0645 0.6751 0.5933
-2.0000 0.1983 0.0134 0.0067 -0.0635 0.6629 0.6171
-1.7500 0.2232 0.0134 0.0067 -0.0626 0.6508 0.6383
-1.5000 0.2481 0.0135 0.0067 -0.0617 0.6386 0.6580
-1.2500 0.2721 0.0135 0.0067 -0.0606 0.6255 0.6779
-1.0000 0.2965 0.0135 0.0067 -0.0596 0.6129 0.6983
-0.7500 0.3207 0.0136 0.0067 -0.0585 0.6002 0.7180
-0.5000 0.3447 0.0136 0.0068 -0.0574 0.5873 0.7377
-0.2500 0.3679 0.0137 0.0069 -0.0562 0.5737 0.7562
0.0000 0.3914 0.0138 0.0069 -0.0551 0.5607 0.7755
0.2500 0.4150 0.0139 0.0070 -0.0539 0.5485 0.7956
0.5000 0.4375 0.0141 0.0072 -0.0524 0.5354 0.8159
0.7500 0.4599 0.0142 0.0073 -0.0510 0.5228 0.8366
1.0000 0.4826 0.0144 0.0075 -0.0495 0.5108 0.8570
1.2500 0.5057 0.0147 0.0076 -0.0482 0.4994 0.8772
1.5000 0.5299 0.0150 0.0079 -0.0470 0.4879 0.8966
1.7500 0.5585 0.0153 0.0081 -0.0467 0.4773 0.9140
2.0000 0.5902 0.0157 0.0084 -0.0472 0.4667 0.9300
2.2500 0.6270 0.0161 0.0088 -0.0489 0.4556 0.9417
2.5000 0.6670 0.0165 0.0091 -0.0514 0.4455 0.9516
2.7500 0.7101 0.0169 0.0093 -0.0547 0.4366 0.9602
3.0000 0.7565 0.0173 0.0096 -0.0587 0.4278 0.9666
3.2500 0.8021 0.0176 0.0100 -0.0626 0.4200 0.9733
3.5000 0.8465 0.0180 0.0103 -0.0663 0.4133 0.9807
3.7500 0.8935 0.0183 0.0105 -0.0706 0.4066 0.9866
4.0000 0.9388 0.0186 0.0107 -0.0747 0.4001 0.9927
4.2500 0.9855 0.0189 0.0109 -0.0790 0.3951 0.9978
4.5000 1.0087 0.0191 0.0111 -0.0788 0.3902 1.0000
4.7500 1.0234 0.0193 0.0112 -0.0769 0.3865 1.0000
5.0000 1.0363 0.0195 0.0114 -0.0746 0.3828 1.0000
