-5.0000 -0.2767 0.0490 0.0402 -0.0985 0.7972 0.2720
-4.7500 -0.2876 0.0497 0.0411 -0.0937 0.7867 0.2744
-4.5000 -0.2515 0.0497 0.0410 -0.0950 0.7823 0.2823
-4.2500 -0.2058 0.0491 0.0403 -0.0980 0.7795 0.2923
-4.0000 -0.2121 0.0500 0.0413 -0.0938 0.7688 0.2958
-3.7500 -0.1776 0.0498 0.0411 -0.0951 0.7640 0.3055
-3.5000 -0.1341 0.0494 0.0407 -0.0973 0.7610 0.3143
-3.2500 -0.1207 0.0499 0.0411 -0.0961 0.7534 0.3214
-3.0000 -0.1072 0.0504 0.0415 -0.0949 0.7459 0.3285
-2.7500 -0.0690 0.0503 0.0415 -0.0962 0.7424 0.3367
-2.5000 -0.0225 0.0498 0.0408 -0.0988 0.7401 0.3489
-2.2500 -0.0374 0.0513 0.0425 -0.0941 0.7272 0.3521
-2.0000 -0.0008 0.0512 0.0422 -0.0956 0.7232 0.3644
-1.7500 0.0396 0.0510 0.0421 -0.0970 0.7205 0.3741
-1.5000 0.0864 0.0505 0.0416 -0.0994 0.7187 0.3863
-1.2500 0.0622 0.0526 0.0438 -0.0940 0.7036 0.3892
-1.0000 0.1040 0.0522 0.0433 -0.0957 0.7003 0.4015
-0.7500 0.1501 0.0516 0.0427 -0.0978 0.6982 0.4152
-0.5000 0.1584 0.0527 0.0438 -0.0960 0.6890 0.4234
-0.2500 0.1667 0.0537 0.0449 -0.0941 0.6799 0.4315
0.0000 0.2085 0.0532 0.0444 -0.0957 0.6775 0.4450
0.2500 0.2526 0.0527 0.0439 -0.0975 0.6757 0.4592
0.5000 0.2584 0.0540 0.0452 -0.0955 0.6663 0.4677
0.7500 0.2643 0.0553 0.0466 -0.0936 0.6570 0.4761
1.0000 0.3090 0.0545 0.0459 -0.0951 0.6549 0.4915
1.2500 0.3289 0.0551 0.0465 -0.0945 0.6480 0.5038
1.5000 0.3489 0.0557 0.0472 -0.0938 0.6410 0.5161
1.7500 0.3688 0.0563 0.0478 -0.0932 0.6341 0.5284
2.0000 0.4132 0.0554 0.0469 -0.0947 0.6326 0.5465
2.2500 0.4174 0.0571 0.0486 -0.0927 0.6232 0.5575
2.5000 0.4216 0.0587 0.0504 -0.0908 0.6137 0.5686
2.7500 0.4672 0.0575 0.0492 -0.0920 0.6121 0.5893
3.0000 0.4759 0.0588 0.0506 -0.0905 0.6028 0.6040
3.2500 0.4846 0.0601 0.0520 -0.0890 0.5936 0.6187
3.5000 0.5266 0.0591 0.0510 -0.0898 0.5920 0.6438
3.7500 0.5304 0.0610 0.0530 -0.0881 0.5831 0.6656
4.0000 0.5342 0.0629 0.0551 -0.0863 0.5743 0.6874
4.2500 0.5380 0.0648 0.0571 -0.0846 0.5655 0.7091
4.5000 0.5418 0.0667 0.0592 -0.0828 0.5566 0.7309
4.7500 0.5767 0.0654 0.0581 -0.0820 0.5544 0.7897
5.0000 0.6114 0.0633 0.0563 -0.0806 0.5527 1.0000
