-5.0000 -0.4022 0.0127 0.0062 -0.0292 0.8547 0.3758
-4.7500 -0.3780 0.0125 0.0060 -0.0283 0.8431 0.3909
-4.5000 -0.3540 0.0123 0.0058 -0.0273 0.8306 0.4058
-4.2500 -0.3298 0.0121 0.0057 -0.0264 0.8181 0.4207
-4.0000 -0.3052 0.0120 0.0055 -0.0255 0.8056 0.4349
-3.7500 -0.2800 0.0119 0.0054 -0.0248 0.7932 0.4488
-3.5000 -0.2549 0.0117 0.0053 -0.0240 0.7806 0.4615
-3.2500 -0.2292 0.0117 0.0051 -0.0234 0.7685 0.4746
-3.0000 -0.2039 0.0116 0.0050 -0.0227 0.7555 0.4868
-2.7500 -0.1786 0.0115 0.0050 -0.0219 0.7418 0.4995
-2.5000 -0.1535 0.0114 0.0049 -0.0212 0.7277 0.5127
-2.2500 -0.1282 0.0114 0.0048 -0.0205 0.7145 0.5263
-2.0000 -0.1030 0.0113 0.0048 -0.0197 0.7017 0.5407
-1.7500 -0.0778 0.0113 0.0047 -0.0190 0.6882 0.5550
-1.5000 -0.0523 0.0112 0.0047 -0.0183 0.6750 0.5682
-1.2500 -0.0268 0.0112 0.0046 -0.0176 0.6617 0.5809
-1.0000 -0.0011 0.0112 0.0046 -0.0170 0.6490 0.5934
-0.7500 0.0245 0.0112 0.0046 -0.0164 0.6363 0.6061
-0.5000 0.0500 0.0112 0.0046 -0.0157 0.6235 0.6197
-0.2500 0.0753 0.0112 0.0046 -0.0150 0.6106 0.6334
0.0000 0.1006 0.0112 0.0046 -0.0143 0.5979 0.6482
0.2500 0.1258 0.0112 0.0046 -0.0136 0.5852 0.6628
0.5000 0.1512 0.0113 0.0047 -0.0129 0.5730 0.6770
0.7500 0.1765 0.0113 0.0047 -0.0123 0.5606 0.6906
1.0000 0.2019 0.0114 0.0048 -0.0116 0.5483 0.7043
1.2500 0.2270 0.0114 0.0048 -0.0109 0.5359 0.7186
1.5000 0.2519 0.0115 0.0049 -0.0101 0.5229 0.7338
1.7500 0.2767 0.0116 0.0050 -0.0093 0.5100 0.7490
2.0000 0.3016 0.0117 0.0051 -0.0085 0.4984 0.7640
2.2500 0.3263 0.0118 0.0052 -0.0077 0.4864 0.7792
2.5000 0.3510 0.0119 0.0053 -0.0069 0.4745 0.7940
2.7500 0.3757 0.0120 0.0054 -0.0061 0.4643 0.8091
3.0000 0.4004 0.0121 0.0056 -0.0052 0.4534 0.8233
3.2500 0.4252 0.0123 0.0057 -0.0044 0.4427 0.8368
3.5000 0.4494 0.0125 0.0059 -0.0035 0.4319 0.8509
3.7500 0.4736 0.0126 0.0061 -0.0025 0.4215 0.8645
4.0000 0.4978 0.0129 0.0063 -0.0016 0.4122 0.8780
4.2500 0.5227 0.0131 0.0065 -0.0008 0.4038 0.8901
4.5000 0.5473 0.0134 0.0067 0.0001 0.3955 0.9017
4.7500 0.5719 0.0136 0.0070 0.0009 0.3872 0.9133
5.0000 0.6015 0.0139 0.0073 0.0007 0.3792 0.9216
