-5.0000 -0.5433 0.0258 0.0171 -0.0161 0.9264 0.3634
-4.7500 -0.5053 0.0255 0.0168 -0.0182 0.9180 0.3832
-4.5000 -0.4707 0.0252 0.0167 -0.0195 0.9086 0.4020
-4.2500 -0.4318 0.0248 0.0163 -0.0215 0.8995 0.4242
-4.0000 -0.3967 0.0245 0.0162 -0.0227 0.8897 0.4440
-3.7500 -0.3570 0.0241 0.0159 -0.0246 0.8811 0.4674
-3.5000 -0.3053 0.0237 0.0156 -0.0286 0.8769 0.4951
-3.2500 -0.2836 0.0235 0.0155 -0.0272 0.8632 0.5162
-3.0000 -0.2363 0.0230 0.0151 -0.0300 0.8587 0.5462
-2.7500 -0.2148 0.0229 0.0152 -0.0284 0.8452 0.5682
-2.5000 -0.1708 0.0225 0.0148 -0.0304 0.8402 0.5958
-2.2500 -0.1484 0.0224 0.0148 -0.0288 0.8271 0.6189
-2.0000 -0.1048 0.0219 0.0145 -0.0304 0.8216 0.6439
-1.7500 -0.0813 0.0218 0.0144 -0.0289 0.8086 0.6668
-1.5000 -0.0393 0.0214 0.0140 -0.0300 0.8028 0.6915
-1.2500 -0.0152 0.0214 0.0141 -0.0284 0.7893 0.7121
-1.0000 0.0146 0.0213 0.0141 -0.0276 0.7780 0.7327
-0.7500 0.0519 0.0211 0.0139 -0.0279 0.7693 0.7533
-0.5000 0.0772 0.0212 0.0140 -0.0264 0.7560 0.7721
-0.2500 0.1145 0.0211 0.0138 -0.0267 0.7472 0.7905
0.0000 0.1401 0.0212 0.0140 -0.0254 0.7340 0.8086
0.2500 0.1684 0.0214 0.0141 -0.0246 0.7225 0.8264
0.5000 0.2103 0.0215 0.0142 -0.0257 0.7118 0.8403
0.7500 0.2443 0.0218 0.0144 -0.0259 0.6981 0.8543
1.0000 0.2860 0.0218 0.0144 -0.0273 0.6875 0.8687
1.2500 0.3173 0.0221 0.0146 -0.0273 0.6738 0.8845
1.5000 0.3667 0.0223 0.0147 -0.0307 0.6619 0.8948
1.7500 0.4161 0.0225 0.0149 -0.0340 0.6499 0.9052
2.0000 0.4613 0.0228 0.0152 -0.0372 0.6363 0.9166
2.2500 0.5145 0.0229 0.0152 -0.0416 0.6244 0.9263
2.5000 0.5561 0.0230 0.0152 -0.0441 0.6115 0.9396
2.7500 0.6040 0.0232 0.0153 -0.0480 0.5980 0.9507
3.0000 0.6528 0.0231 0.0152 -0.0521 0.5856 0.9610
3.2500 0.6965 0.0231 0.0151 -0.0554 0.5733 0.9729
3.5000 0.7466 0.0231 0.0150 -0.0601 0.5596 0.9828
3.7500 0.7948 0.0230 0.0149 -0.0645 0.5461 0.9930
4.0000 0.8360 0.0230 0.0148 -0.0677 0.5335 1.0000
4.2500 0.8538 0.0230 0.0147 -0.0665 0.5242 1.0000
4.5000 0.8703 0.0231 0.0148 -0.0650 0.5142 1.0000
4.7500 0.8847 0.0233 0.0151 -0.0632 0.5037 1.0000
5.0000 0.9020 0.0235 0.0151 -0.0617 0.4943 1.0000
