-5.0000 -0.3052 0.0145 0.0075 -0.0574 0.8116 0.3576
-4.7500 -0.2802 0.0143 0.0073 -0.0568 0.8035 0.3648
-4.5000 -0.2543 0.0141 0.0071 -0.0563 0.7954 0.3722
-4.2500 -0.2309 0.0140 0.0070 -0.0553 0.7854 0.3802
-4.0000 -0.2066 0.0138 0.0069 -0.0545 0.7756 0.3882
-3.7500 -0.1809 0.0137 0.0067 -0.0540 0.7663 0.3962
-3.5000 -0.1563 0.0136 0.0065 -0.0532 0.7563 0.4048
-3.2500 -0.1322 0.0135 0.0065 -0.0524 0.7463 0.4140
-3.0000 -0.1067 0.0134 0.0063 -0.0518 0.7368 0.4222
-2.7500 -0.0812 0.0133 0.0062 -0.0512 0.7268 0.4309
-2.5000 -0.0569 0.0133 0.0061 -0.0504 0.7159 0.4400
-2.2500 -0.0324 0.0132 0.0061 -0.0496 0.7054 0.4480
-2.0000 -0.0075 0.0131 0.0060 -0.0489 0.6952 0.4562
-1.7500 0.0173 0.0131 0.0060 -0.0482 0.6849 0.4649
-1.5000 0.0419 0.0130 0.0059 -0.0475 0.6745 0.4745
-1.2500 0.0670 0.0130 0.0059 -0.0468 0.6644 0.4834
-1.0000 0.0915 0.0130 0.0058 -0.0460 0.6534 0.4922
-0.7500 0.1152 0.0130 0.0058 -0.0451 0.6419 0.5013
-0.5000 0.1391 0.0130 0.0058 -0.0442 0.6308 0.5111
-0.2500 0.1634 0.0130 0.0058 -0.0434 0.6207 0.5207
0.0000 0.1882 0.0130 0.0058 -0.0427 0.6111 0.5300
0.2500 0.2123 0.0130 0.0058 -0.0418 0.6013 0.5402
0.5000 0.2365 0.0130 0.0058 -0.0410 0.5914 0.5504
0.7500 0.2605 0.0131 0.0059 -0.0402 0.5818 0.5604
1.0000 0.2847 0.0131 0.0059 -0.0394 0.5725 0.5704
1.2500 0.3091 0.0131 0.0059 -0.0386 0.5636 0.5808
1.5000 0.3330 0.0132 0.0060 -0.0378 0.5544 0.5915
1.7500 0.3562 0.0132 0.0061 -0.0368 0.5447 0.6023
2.0000 0.3794 0.0133 0.0061 -0.0358 0.5351 0.6133
2.2500 0.4022 0.0134 0.0062 -0.0347 0.5254 0.6250
2.5000 0.4250 0.0135 0.0063 -0.0337 0.5162 0.6375
2.7500 0.4473 0.0135 0.0064 -0.0325 0.5069 0.6490
3.0000 0.4699 0.0136 0.0065 -0.0315 0.4982 0.6609
3.2500 0.4925 0.0137 0.0066 -0.0304 0.4897 0.6734
3.5000 0.5149 0.0138 0.0067 -0.0293 0.4812 0.6851
3.7500 0.5352 0.0139 0.0068 -0.0278 0.4716 0.6978
4.0000 0.5555 0.0140 0.0069 -0.0263 0.4625 0.7111
4.2500 0.5747 0.0141 0.0071 -0.0246 0.4540 0.7244
4.5000 0.5938 0.0142 0.0072 -0.0229 0.4456 0.7387
4.7500 0.6119 0.0143 0.0074 -0.0210 0.4367 0.7536
5.0000 0.6314 0.0145 0.0076 -0.0194 0.4284 0.7699
