-5.0000 -0.3081 0.0169 0.0094 -0.0641 0.9320 0.2078
-4.7500 -0.2710 0.0165 0.0091 -0.0660 0.9273 0.2266
-4.5000 -0.2288 0.0161 0.0087 -0.0689 0.9243 0.2487
-4.2500 -0.1866 0.0157 0.0083 -0.0717 0.9218 0.2719
-4.0000 -0.1631 0.0154 0.0082 -0.0707 0.9116 0.2918
-3.7500 -0.1268 0.0150 0.0078 -0.0723 0.9071 0.3165
-3.5000 -0.0889 0.0146 0.0075 -0.0741 0.9039 0.3418
-3.2500 -0.0647 0.0144 0.0074 -0.0732 0.8942 0.3630
-3.0000 -0.0313 0.0140 0.0071 -0.0740 0.8882 0.3885
-2.7500 0.0044 0.0136 0.0067 -0.0751 0.8839 0.4160
-2.5000 0.0278 0.0134 0.0066 -0.0740 0.8726 0.4418
-2.2500 0.0601 0.0129 0.0063 -0.0744 0.8666 0.4714
-2.0000 0.0857 0.0127 0.0062 -0.0737 0.8566 0.5012
-1.7500 0.1152 0.0124 0.0060 -0.0736 0.8486 0.5347
-1.5000 0.1416 0.0122 0.0059 -0.0729 0.8392 0.5706
-1.2500 0.1689 0.0119 0.0057 -0.0723 0.8296 0.6108
-1.0000 0.1948 0.0117 0.0056 -0.0714 0.8191 0.6526
-0.7500 0.2218 0.0114 0.0055 -0.0705 0.8090 0.6952
-0.5000 0.2463 0.0113 0.0055 -0.0692 0.7973 0.7388
-0.2500 0.2731 0.0111 0.0054 -0.0682 0.7880 0.7841
0.0000 0.2967 0.0111 0.0055 -0.0666 0.7759 0.8274
0.2500 0.3241 0.0111 0.0055 -0.0655 0.7656 0.8678
0.5000 0.3536 0.0111 0.0056 -0.0650 0.7531 0.9004
0.7500 0.3880 0.0112 0.0056 -0.0657 0.7405 0.9271
1.0000 0.4293 0.0113 0.0056 -0.0678 0.7294 0.9490
1.2500 0.4734 0.0114 0.0056 -0.0708 0.7158 0.9658
1.5000 0.5213 0.0115 0.0057 -0.0748 0.7026 0.9781
1.7500 0.5715 0.0115 0.0056 -0.0793 0.6900 0.9905
2.0000 0.6217 0.0116 0.0056 -0.0839 0.6755 1.0000
2.2500 0.6419 0.0116 0.0056 -0.0827 0.6619 1.0000
2.5000 0.6632 0.0117 0.0056 -0.0815 0.6487 1.0000
2.7500 0.6844 0.0118 0.0056 -0.0802 0.6351 1.0000
3.0000 0.7050 0.0119 0.0056 -0.0788 0.6216 1.0000
3.2500 0.7267 0.0120 0.0057 -0.0776 0.6091 1.0000
3.5000 0.7488 0.0122 0.0057 -0.0764 0.5964 1.0000
3.7500 0.7699 0.0123 0.0059 -0.0750 0.5829 1.0000
4.0000 0.7912 0.0125 0.0060 -0.0737 0.5692 1.0000
4.2500 0.8128 0.0127 0.0061 -0.0724 0.5557 1.0000
4.5000 0.8346 0.0129 0.0062 -0.0711 0.5424 1.0000
4.7500 0.8561 0.0131 0.0064 -0.0698 0.5285 1.0000
5.0000 0.8772 0.0133 0.0066 -0.0684 0.5144 1.0000
