-5.0000 -0.1037 0.0148 0.0073 -0.0874 0.7347 0.2953
-4.7500 -0.0782 0.0146 0.0071 -0.0868 0.7263 0.3027
-4.5000 -0.0556 0.0145 0.0070 -0.0857 0.7167 0.3102
-4.2500 -0.0285 0.0145 0.0068 -0.0854 0.7085 0.3181
-4.0000 -0.0059 0.0143 0.0068 -0.0844 0.6994 0.3253
-3.7500 0.0190 0.0143 0.0066 -0.0837 0.6903 0.3332
-3.5000 0.0449 0.0141 0.0065 -0.0832 0.6820 0.3411
-3.2500 0.0678 0.0141 0.0065 -0.0822 0.6726 0.3498
-3.0000 0.0934 0.0140 0.0063 -0.0816 0.6644 0.3581
-2.7500 0.1182 0.0140 0.0063 -0.0810 0.6563 0.3671
-2.5000 0.1415 0.0139 0.0063 -0.0800 0.6477 0.3757
-2.2500 0.1684 0.0139 0.0062 -0.0797 0.6398 0.3858
-2.0000 0.1907 0.0138 0.0062 -0.0786 0.6314 0.3954
-1.7500 0.2148 0.0137 0.0061 -0.0778 0.6231 0.4058
-1.5000 0.2415 0.0137 0.0060 -0.0775 0.6158 0.4176
-1.2500 0.2633 0.0137 0.0061 -0.0763 0.6080 0.4293
-1.0000 0.2880 0.0136 0.0061 -0.0756 0.6011 0.4432
-0.7500 0.3147 0.0137 0.0061 -0.0753 0.5946 0.4591
-0.5000 0.3366 0.0136 0.0061 -0.0741 0.5874 0.4754
-0.2500 0.3605 0.0136 0.0061 -0.0733 0.5803 0.4922
0.0000 0.3866 0.0137 0.0062 -0.0729 0.5736 0.5100
0.2500 0.4081 0.0136 0.0062 -0.0716 0.5668 0.5285
0.5000 0.4318 0.0136 0.0063 -0.0708 0.5604 0.5478
0.7500 0.4593 0.0137 0.0063 -0.0707 0.5547 0.5686
1.0000 0.4806 0.0137 0.0065 -0.0693 0.5488 0.5894
1.2500 0.5034 0.0137 0.0066 -0.0683 0.5427 0.6097
1.5000 0.5292 0.0138 0.0067 -0.0678 0.5373 0.6310
1.7500 0.5547 0.0139 0.0068 -0.0673 0.5321 0.6520
2.0000 0.5763 0.0139 0.0069 -0.0660 0.5265 0.6717
2.2500 0.5996 0.0140 0.0070 -0.0651 0.5210 0.6907
2.5000 0.6268 0.0141 0.0072 -0.0649 0.5156 0.7105
2.7500 0.6476 0.0142 0.0073 -0.0635 0.5099 0.7304
3.0000 0.6678 0.0143 0.0075 -0.0619 0.5039 0.7510
3.2500 0.6911 0.0144 0.0076 -0.0609 0.4985 0.7721
3.5000 0.7175 0.0145 0.0078 -0.0605 0.4931 0.7931
3.7500 0.7329 0.0146 0.0080 -0.0579 0.4877 0.8145
4.0000 0.7501 0.0147 0.0082 -0.0557 0.4821 0.8362
4.2500 0.7722 0.0149 0.0084 -0.0544 0.4768 0.8577
4.5000 0.7932 0.0151 0.0086 -0.0529 0.4717 0.8788
4.7500 0.8095 0.0153 0.0089 -0.0505 0.4663 0.9006
5.0000 0.8310 0.0155 0.0092 -0.0492 0.4611 0.9212
