-5.0000 -0.0859 0.0125 0.0053 -0.0777 0.7816 0.1177
-4.7500 -0.0598 0.0123 0.0051 -0.0772 0.7702 0.1245
-4.5000 -0.0334 0.0122 0.0050 -0.0767 0.7582 0.1315
-4.2500 -0.0074 0.0121 0.0048 -0.0761 0.7460 0.1386
-4.0000 0.0184 0.0119 0.0046 -0.0755 0.7335 0.1458
-3.7500 0.0446 0.0118 0.0045 -0.0750 0.7212 0.1536
-3.5000 0.0704 0.0117 0.0044 -0.0744 0.7081 0.1623
-3.2500 0.0960 0.0115 0.0042 -0.0738 0.6957 0.1718
-3.0000 0.1217 0.0114 0.0041 -0.0733 0.6832 0.1828
-2.7500 0.1472 0.0113 0.0040 -0.0726 0.6697 0.1963
-2.5000 0.1725 0.0112 0.0038 -0.0720 0.6563 0.2132
-2.2500 0.1945 0.0107 0.0037 -0.0709 0.6432 0.2919
-2.0000 0.2164 0.0103 0.0035 -0.0699 0.6302 0.3706
-1.7500 0.2377 0.0099 0.0035 -0.0687 0.6168 0.4793
-1.5000 0.2612 0.0098 0.0035 -0.0676 0.6025 0.5384
-1.2500 0.2852 0.0097 0.0035 -0.0667 0.5883 0.5814
-1.0000 0.3094 0.0097 0.0036 -0.0657 0.5731 0.6179
-0.7500 0.3337 0.0097 0.0036 -0.0648 0.5579 0.6501
-0.5000 0.3580 0.0097 0.0037 -0.0638 0.5427 0.6787
-0.2500 0.3823 0.0098 0.0037 -0.0629 0.5276 0.7073
0.0000 0.4066 0.0098 0.0038 -0.0620 0.5126 0.7365
0.2500 0.4302 0.0099 0.0039 -0.0609 0.4976 0.7653
0.5000 0.4536 0.0100 0.0040 -0.0598 0.4820 0.7931
0.7500 0.4771 0.0101 0.0041 -0.0586 0.4672 0.8189
1.0000 0.5005 0.0102 0.0042 -0.0574 0.4536 0.8472
1.2500 0.5229 0.0104 0.0044 -0.0560 0.4405 0.8744
1.5000 0.5466 0.0106 0.0045 -0.0549 0.4287 0.8995
1.7500 0.5714 0.0108 0.0047 -0.0539 0.4181 0.9212
2.0000 0.6002 0.0111 0.0049 -0.0538 0.4077 0.9423
2.2500 0.6332 0.0114 0.0052 -0.0548 0.3982 0.9581
2.5000 0.6687 0.0117 0.0054 -0.0563 0.3898 0.9709
2.7500 0.7118 0.0120 0.0056 -0.0595 0.3815 0.9763
3.0000 0.7547 0.0123 0.0059 -0.0628 0.3745 0.9823
3.2500 0.7955 0.0126 0.0061 -0.0656 0.3674 0.9889
3.5000 0.8380 0.0129 0.0063 -0.0689 0.3606 0.9927
3.7500 0.8794 0.0131 0.0065 -0.0719 0.3557 0.9968
4.0000 0.9174 0.0133 0.0067 -0.0742 0.3512 1.0000
4.2500 0.9305 0.0135 0.0068 -0.0716 0.3475 1.0000
4.5000 0.9437 0.0136 0.0069 -0.0689 0.3439 1.0000
4.7500 0.9580 0.0139 0.0071 -0.0665 0.3401 1.0000
5.0000 0.9744 0.0141 0.0072 -0.0644 0.3372 1.0000
