-5.0000 0.0148 0.0180 0.0102 -0.1257 0.8734 0.1203
-4.7500 0.0465 0.0176 0.0098 -0.1263 0.8677 0.1294
-4.5000 0.0816 0.0171 0.0093 -0.1274 0.8638 0.1384
-4.2500 0.1075 0.0168 0.0090 -0.1269 0.8556 0.1472
-4.0000 0.1376 0.0164 0.0086 -0.1271 0.8487 0.1578
-3.7500 0.1723 0.0158 0.0081 -0.1281 0.8439 0.1699
-3.5000 0.1962 0.0156 0.0078 -0.1271 0.8336 0.1810
-3.2500 0.2282 0.0152 0.0074 -0.1276 0.8271 0.1949
-3.0000 0.2548 0.0149 0.0072 -0.1272 0.8180 0.2089
-2.7500 0.2849 0.0146 0.0069 -0.1273 0.8101 0.2247
-2.5000 0.3125 0.0144 0.0067 -0.1271 0.8009 0.2412
-2.2500 0.3426 0.0141 0.0064 -0.1272 0.7924 0.2595
-2.0000 0.3689 0.0139 0.0063 -0.1267 0.7814 0.2785
-1.7500 0.3988 0.0137 0.0060 -0.1268 0.7727 0.3007
-1.5000 0.4251 0.0135 0.0059 -0.1264 0.7616 0.3234
-1.2500 0.4524 0.0133 0.0058 -0.1261 0.7513 0.3502
-1.0000 0.4810 0.0131 0.0056 -0.1261 0.7420 0.3841
-0.7500 0.5056 0.0128 0.0056 -0.1254 0.7305 0.4309
-0.5000 0.5311 0.0125 0.0056 -0.1249 0.7210 0.5285
-0.2500 0.5521 0.0120 0.0056 -0.1230 0.7109 0.6908
0.0000 0.5724 0.0117 0.0058 -0.1203 0.7010 0.8651
0.2500 0.6369 0.0116 0.0056 -0.1273 0.6914 0.9997
0.5000 0.6595 0.0117 0.0056 -0.1262 0.6802 1.0000
0.7500 0.6864 0.0119 0.0056 -0.1260 0.6716 1.0000
1.0000 0.7098 0.0120 0.0057 -0.1251 0.6610 1.0000
1.2500 0.7366 0.0122 0.0057 -0.1248 0.6521 1.0000
1.5000 0.7606 0.0124 0.0058 -0.1240 0.6420 1.0000
1.7500 0.7887 0.0126 0.0058 -0.1240 0.6345 1.0000
2.0000 0.8124 0.0127 0.0060 -0.1232 0.6256 1.0000
2.2500 0.8396 0.0129 0.0061 -0.1230 0.6181 1.0000
2.5000 0.8650 0.0132 0.0063 -0.1226 0.6100 1.0000
2.7500 0.8903 0.0134 0.0064 -0.1220 0.6014 1.0000
3.0000 0.9177 0.0136 0.0065 -0.1219 0.5940 1.0000
3.2500 0.9415 0.0138 0.0067 -0.1212 0.5856 1.0000
3.5000 0.9685 0.0140 0.0069 -0.1210 0.5788 1.0000
3.7500 0.9947 0.0143 0.0071 -0.1207 0.5722 1.0000
4.0000 1.0196 0.0145 0.0074 -0.1202 0.5652 1.0000
4.2500 1.0469 0.0148 0.0076 -0.1201 0.5590 1.0000
4.5000 1.0727 0.0151 0.0079 -0.1198 0.5527 1.0000
4.7500 1.0970 0.0153 0.0081 -0.1192 0.5454 1.0000
5.0000 1.1246 0.0156 0.0083 -0.1191 0.5387 1.0000
