-5.0000 -0.2407 0.0128 0.0057 -0.0847 0.9555 0.0612
-4.7500 -0.2027 0.0125 0.0055 -0.0870 0.9545 0.0745
-4.5000 -0.1759 0.0122 0.0053 -0.0869 0.9500 0.0981
-4.2500 -0.1490 0.0119 0.0052 -0.0869 0.9454 0.1217
-4.0000 -0.1129 0.0116 0.0049 -0.0887 0.9431 0.1442
-3.7500 -0.0770 0.0112 0.0047 -0.0905 0.9411 0.1752
-3.5000 -0.0416 0.0108 0.0045 -0.0922 0.9394 0.2159
-3.2500 -0.0069 0.0105 0.0043 -0.0937 0.9379 0.2515
-3.0000 0.0184 0.0103 0.0043 -0.0932 0.9324 0.2807
-2.7500 0.0478 0.0101 0.0042 -0.0936 0.9281 0.3235
-2.5000 0.0794 0.0096 0.0041 -0.0944 0.9249 0.4044
-2.2500 0.1127 0.0093 0.0039 -0.0954 0.9221 0.4395
-2.0000 0.1410 0.0092 0.0038 -0.0953 0.9168 0.4668
-1.7500 0.1691 0.0090 0.0037 -0.0951 0.9111 0.4932
-1.5000 0.1999 0.0088 0.0036 -0.0955 0.9073 0.5197
-1.2500 0.2280 0.0086 0.0035 -0.0953 0.9016 0.5479
-1.0000 0.2562 0.0084 0.0034 -0.0951 0.8958 0.5761
-0.7500 0.2866 0.0082 0.0033 -0.0952 0.8900 0.6027
-0.5000 0.3127 0.0081 0.0032 -0.0945 0.8811 0.6261
-0.2500 0.3418 0.0080 0.0031 -0.0944 0.8742 0.6475
0.0000 0.3687 0.0079 0.0031 -0.0940 0.8662 0.6686
0.2500 0.3968 0.0077 0.0030 -0.0937 0.8588 0.6898
0.5000 0.4244 0.0076 0.0030 -0.0934 0.8506 0.7137
0.7500 0.4516 0.0075 0.0029 -0.0929 0.8407 0.7409
1.0000 0.4773 0.0074 0.0029 -0.0921 0.8289 0.7704
1.2500 0.5033 0.0073 0.0029 -0.0912 0.8167 0.8066
1.5000 0.5272 0.0072 0.0029 -0.0897 0.8008 0.8632
1.7500 0.5510 0.0070 0.0029 -0.0882 0.7848 0.9198
2.0000 0.5928 0.0069 0.0028 -0.0909 0.7648 0.9890
2.2500 0.6227 0.0070 0.0028 -0.0912 0.7441 1.0000
2.5000 0.6479 0.0071 0.0028 -0.0905 0.7177 1.0000
2.7500 0.6725 0.0073 0.0028 -0.0897 0.6874 1.0000
3.0000 0.6962 0.0075 0.0029 -0.0887 0.6526 1.0000
3.2500 0.7191 0.0078 0.0030 -0.0875 0.6155 1.0000
3.5000 0.7409 0.0082 0.0032 -0.0862 0.5715 1.0000
3.7500 0.7588 0.0087 0.0034 -0.0842 0.5038 1.0000
4.0000 0.7778 0.0093 0.0036 -0.0825 0.4416 1.0000
4.2500 0.7997 0.0097 0.0038 -0.0814 0.3985 1.0000
4.5000 0.8216 0.0102 0.0040 -0.0804 0.3554 1.0000
4.7500 0.8431 0.0107 0.0043 -0.0793 0.3104 1.0000
5.0000 0.8612 0.0115 0.0047 -0.0778 0.2390 1.0000
