-5.0000 -0.2396 0.0126 0.0058 -0.0852 0.9447 0.1110
-4.7500 -0.2028 0.0123 0.0056 -0.0872 0.9430 0.1302
-4.5000 -0.1657 0.0119 0.0053 -0.0892 0.9415 0.1513
-4.2500 -0.1293 0.0116 0.0051 -0.0911 0.9400 0.1759
-4.0000 -0.0936 0.0113 0.0049 -0.0928 0.9386 0.2053
-3.7500 -0.0725 0.0111 0.0048 -0.0914 0.9318 0.2304
-3.5000 -0.0413 0.0108 0.0047 -0.0921 0.9283 0.2596
-3.2500 -0.0083 0.0104 0.0045 -0.0933 0.9256 0.3193
-3.0000 0.0255 0.0100 0.0043 -0.0944 0.9231 0.3595
-2.7500 0.0547 0.0098 0.0042 -0.0946 0.9186 0.3848
-2.5000 0.0817 0.0096 0.0041 -0.0942 0.9125 0.4094
-2.2500 0.1128 0.0094 0.0039 -0.0947 0.9086 0.4368
-2.0000 0.1451 0.0092 0.0038 -0.0953 0.9054 0.4636
-1.7500 0.1706 0.0090 0.0037 -0.0947 0.8983 0.4851
-1.5000 0.2000 0.0088 0.0036 -0.0947 0.8925 0.5076
-1.2500 0.2314 0.0086 0.0034 -0.0951 0.8880 0.5322
-1.0000 0.2567 0.0085 0.0034 -0.0943 0.8794 0.5549
-0.7500 0.2864 0.0083 0.0032 -0.0943 0.8729 0.5789
-0.5000 0.3136 0.0082 0.0032 -0.0939 0.8644 0.6009
-0.2500 0.3422 0.0081 0.0031 -0.0937 0.8564 0.6229
0.0000 0.3695 0.0080 0.0031 -0.0933 0.8473 0.6438
0.2500 0.3976 0.0079 0.0030 -0.0930 0.8374 0.6641
0.5000 0.4244 0.0078 0.0030 -0.0925 0.8267 0.6853
0.7500 0.4517 0.0077 0.0029 -0.0921 0.8151 0.7061
1.0000 0.4791 0.0076 0.0029 -0.0917 0.8035 0.7269
1.2500 0.5056 0.0076 0.0029 -0.0911 0.7901 0.7507
1.5000 0.5320 0.0075 0.0029 -0.0905 0.7763 0.7788
1.7500 0.5570 0.0075 0.0029 -0.0895 0.7605 0.8128
2.0000 0.5797 0.0074 0.0030 -0.0879 0.7398 0.8588
2.2500 0.6104 0.0074 0.0030 -0.0881 0.7147 0.9179
2.5000 0.6411 0.0074 0.0030 -0.0882 0.6896 0.9769
2.7500 0.6739 0.0076 0.0030 -0.0892 0.6581 1.0000
3.0000 0.6969 0.0078 0.0031 -0.0881 0.6280 1.0000
3.2500 0.7194 0.0081 0.0032 -0.0870 0.5962 1.0000
3.5000 0.7424 0.0084 0.0034 -0.0859 0.5668 1.0000
3.7500 0.7652 0.0087 0.0035 -0.0849 0.5390 1.0000
4.0000 0.7888 0.0090 0.0037 -0.0840 0.5128 1.0000
4.2500 0.8113 0.0093 0.0039 -0.0829 0.4853 1.0000
4.5000 0.8327 0.0097 0.0041 -0.0817 0.4474 1.0000
4.7500 0.8527 0.0102 0.0043 -0.0802 0.4005 1.0000
5.0000 0.8717 0.0107 0.0046 -0.0787 0.3465 1.0000
