-5.0000 -0.5546 0.0186 0.0098 -0.0112 1.0000 0.2663
-4.7500 -0.5343 0.0181 0.0095 -0.0101 1.0000 0.2994
-4.5000 -0.5133 0.0177 0.0092 -0.0091 1.0000 0.3341
-4.2500 -0.4919 0.0174 0.0091 -0.0081 1.0000 0.3699
-4.0000 -0.4701 0.0171 0.0089 -0.0073 1.0000 0.4065
-3.7500 -0.4483 0.0168 0.0088 -0.0063 1.0000 0.4415
-3.5000 -0.4264 0.0166 0.0087 -0.0054 1.0000 0.4774
-3.2500 -0.4047 0.0165 0.0088 -0.0044 1.0000 0.5143
-3.0000 -0.3830 0.0164 0.0088 -0.0034 1.0000 0.5513
-2.7500 -0.3613 0.0163 0.0088 -0.0024 1.0000 0.5874
-2.5000 -0.3399 0.0162 0.0089 -0.0013 1.0000 0.6229
-2.2500 -0.3191 0.0162 0.0090 -0.0000 1.0000 0.6586
-2.0000 -0.2990 0.0162 0.0092 0.0014 1.0000 0.6962
-1.7500 -0.2797 0.0163 0.0094 0.0030 1.0000 0.7350
-1.5000 -0.2617 0.0164 0.0097 0.0049 1.0000 0.7758
-1.2500 -0.2237 0.0167 0.0101 0.0033 0.9920 0.8249
-1.0000 -0.1839 0.0170 0.0105 0.0018 0.9817 0.8747
-0.7500 -0.1307 0.0174 0.0109 -0.0025 0.9733 0.9236
-0.5000 -0.0615 0.0179 0.0113 -0.0104 0.9666 0.9609
-0.2500 0.0205 0.0182 0.0115 -0.0212 0.9606 0.9847
0.0000 0.1076 0.0182 0.0116 -0.0332 0.9560 1.0000
0.2500 0.1524 0.0180 0.0113 -0.0376 0.9414 1.0000
0.5000 0.2084 0.0178 0.0111 -0.0436 0.9306 1.0000
0.7500 0.2623 0.0174 0.0107 -0.0488 0.9178 1.0000
1.0000 0.3060 0.0171 0.0103 -0.0517 0.9018 1.0000
1.2500 0.3468 0.0167 0.0100 -0.0538 0.8859 1.0000
1.5000 0.3838 0.0163 0.0096 -0.0551 0.8697 1.0000
1.7500 0.4150 0.0159 0.0092 -0.0550 0.8516 1.0000
2.0000 0.4426 0.0156 0.0089 -0.0542 0.8313 1.0000
2.2500 0.4686 0.0153 0.0086 -0.0529 0.8098 1.0000
2.5000 0.4942 0.0150 0.0083 -0.0515 0.7886 1.0000
2.7500 0.5170 0.0149 0.0081 -0.0498 0.7650 1.0000
3.0000 0.5398 0.0149 0.0080 -0.0480 0.7394 1.0000
3.2500 0.5625 0.0148 0.0079 -0.0463 0.7126 1.0000
3.5000 0.5846 0.0149 0.0078 -0.0445 0.6842 1.0000
3.7500 0.6065 0.0150 0.0078 -0.0427 0.6551 1.0000
4.0000 0.6287 0.0151 0.0078 -0.0410 0.6252 1.0000
4.2500 0.6491 0.0153 0.0080 -0.0391 0.5925 1.0000
4.5000 0.6698 0.0155 0.0081 -0.0373 0.5600 1.0000
4.7500 0.6901 0.0159 0.0083 -0.0354 0.5270 1.0000
5.0000 0.7097 0.0162 0.0085 -0.0335 0.4919 1.0000
