-5.0000 -0.6692 0.0220 0.0133 0.0064 1.0000 0.3498
-4.7500 -0.6499 0.0218 0.0132 0.0074 1.0000 0.3677
-4.5000 -0.6304 0.0216 0.0131 0.0084 1.0000 0.3862
-4.2500 -0.6076 0.0215 0.0131 0.0086 0.9991 0.4062
-4.0000 -0.5622 0.0216 0.0133 0.0048 0.9915 0.4318
-3.7500 -0.5210 0.0217 0.0135 0.0018 0.9835 0.4568
-3.5000 -0.4786 0.0218 0.0136 -0.0014 0.9757 0.4844
-3.2500 -0.4398 0.0219 0.0138 -0.0037 0.9671 0.5081
-3.0000 -0.3960 0.0219 0.0140 -0.0070 0.9587 0.5348
-2.7500 -0.3602 0.0219 0.0141 -0.0086 0.9481 0.5577
-2.5000 -0.3161 0.0219 0.0142 -0.0116 0.9400 0.5830
-2.2500 -0.2805 0.0219 0.0142 -0.0130 0.9291 0.6070
-2.0000 -0.2463 0.0218 0.0142 -0.0141 0.9186 0.6312
-1.7500 -0.2018 0.0217 0.0143 -0.0167 0.9109 0.6556
-1.5000 -0.1711 0.0216 0.0143 -0.0168 0.8984 0.6787
-1.2500 -0.1333 0.0215 0.0142 -0.0181 0.8885 0.7039
-1.0000 -0.0938 0.0213 0.0141 -0.0196 0.8793 0.7292
-0.7500 -0.0561 0.0212 0.0140 -0.0204 0.8701 0.7531
-0.5000 -0.0185 0.0210 0.0140 -0.0213 0.8609 0.7770
-0.2500 0.0122 0.0209 0.0140 -0.0207 0.8491 0.7993
0.0000 0.0563 0.0206 0.0138 -0.0221 0.8419 0.8211
0.2500 0.0866 0.0206 0.0138 -0.0213 0.8293 0.8427
0.5000 0.1352 0.0202 0.0134 -0.0234 0.8227 0.8631
0.7500 0.1678 0.0202 0.0134 -0.0231 0.8084 0.8833
1.0000 0.2148 0.0201 0.0133 -0.0253 0.7966 0.8995
1.2500 0.2755 0.0198 0.0130 -0.0300 0.7857 0.9110
1.5000 0.3253 0.0197 0.0128 -0.0332 0.7692 0.9246
1.7500 0.3750 0.0194 0.0126 -0.0365 0.7518 0.9383
2.0000 0.4320 0.0192 0.0123 -0.0414 0.7334 0.9490
2.2500 0.4855 0.0190 0.0120 -0.0459 0.7144 0.9615
2.5000 0.5369 0.0188 0.0117 -0.0501 0.6941 0.9750
2.7500 0.5877 0.0186 0.0115 -0.0545 0.6715 0.9879
3.0000 0.6416 0.0184 0.0111 -0.0597 0.6470 0.9989
3.2500 0.6624 0.0183 0.0109 -0.0588 0.6275 1.0000
3.5000 0.6801 0.0183 0.0108 -0.0574 0.6090 1.0000
3.7500 0.6978 0.0183 0.0107 -0.0558 0.5901 1.0000
4.0000 0.7151 0.0183 0.0107 -0.0540 0.5706 1.0000
4.2500 0.7323 0.0184 0.0107 -0.0522 0.5515 1.0000
4.5000 0.7493 0.0186 0.0107 -0.0503 0.5325 1.0000
4.7500 0.7661 0.0188 0.0109 -0.0483 0.5137 1.0000
5.0000 0.7829 0.0190 0.0110 -0.0463 0.4952 1.0000
