-5.0000 -0.6315 0.0287 0.0202 -0.0050 0.9194 0.4125
-4.7500 -0.5898 0.0285 0.0199 -0.0077 0.9118 0.4271
-4.5000 -0.5622 0.0283 0.0197 -0.0079 0.9009 0.4406
-4.2500 -0.5210 0.0282 0.0197 -0.0102 0.8932 0.4543
-4.0000 -0.4892 0.0281 0.0197 -0.0109 0.8843 0.4671
-3.7500 -0.4557 0.0279 0.0195 -0.0119 0.8755 0.4806
-3.5000 -0.4063 0.0276 0.0193 -0.0156 0.8711 0.4959
-3.2500 -0.3877 0.0275 0.0192 -0.0139 0.8578 0.5080
-3.0000 -0.3372 0.0271 0.0189 -0.0175 0.8534 0.5240
-2.7500 -0.3186 0.0271 0.0188 -0.0158 0.8406 0.5370
-2.5000 -0.2678 0.0266 0.0184 -0.0193 0.8363 0.5524
-2.2500 -0.2316 0.0263 0.0182 -0.0202 0.8279 0.5663
-2.0000 -0.1955 0.0260 0.0180 -0.0211 0.8195 0.5802
-1.7500 -0.1622 0.0256 0.0177 -0.0215 0.8112 0.5952
-1.5000 -0.1288 0.0253 0.0174 -0.0220 0.8029 0.6101
-1.2500 -0.0939 0.0249 0.0171 -0.0224 0.7944 0.6246
-1.0000 -0.0590 0.0246 0.0169 -0.0228 0.7859 0.6392
-0.7500 -0.0315 0.0244 0.0167 -0.0220 0.7751 0.6534
-0.5000 0.0107 0.0239 0.0162 -0.0235 0.7688 0.6693
-0.2500 0.0338 0.0238 0.0161 -0.0222 0.7569 0.6846
0.0000 0.0777 0.0232 0.0155 -0.0238 0.7510 0.7011
0.2500 0.1003 0.0233 0.0157 -0.0221 0.7377 0.7145
0.5000 0.1281 0.0232 0.0157 -0.0213 0.7264 0.7293
0.7500 0.1659 0.0228 0.0153 -0.0219 0.7173 0.7449
1.0000 0.1868 0.0229 0.0154 -0.0201 0.7039 0.7604
1.2500 0.2274 0.0225 0.0150 -0.0211 0.6957 0.7766
1.5000 0.2488 0.0227 0.0153 -0.0192 0.6810 0.7899
1.7500 0.2812 0.0228 0.0153 -0.0191 0.6695 0.8032
2.0000 0.3132 0.0228 0.0152 -0.0189 0.6574 0.8174
2.2500 0.3374 0.0229 0.0154 -0.0176 0.6445 0.8327
2.5000 0.3787 0.0229 0.0153 -0.0189 0.6338 0.8456
2.7500 0.4077 0.0233 0.0157 -0.0186 0.6194 0.8574
3.0000 0.4470 0.0235 0.0158 -0.0199 0.6079 0.8699
3.2500 0.4794 0.0237 0.0160 -0.0202 0.5946 0.8837
3.5000 0.5236 0.0240 0.0163 -0.0227 0.5801 0.8933
3.7500 0.5728 0.0242 0.0163 -0.0260 0.5668 0.9036
4.0000 0.6097 0.0244 0.0165 -0.0275 0.5517 0.9171
4.2500 0.6644 0.0247 0.0168 -0.0325 0.5361 0.9244
4.5000 0.7069 0.0249 0.0168 -0.0352 0.5235 0.9359
4.7500 0.7559 0.0250 0.0169 -0.0392 0.5085 0.9451
5.0000 0.7964 0.0252 0.0170 -0.0419 0.4932 0.9564
