-5.0000 -0.3792 0.0154 0.0085 -0.0360 0.9012 0.3577
-4.7500 -0.3486 0.0149 0.0081 -0.0362 0.8939 0.3907
-4.5000 -0.3226 0.0146 0.0079 -0.0355 0.8844 0.4183
-4.2500 -0.2950 0.0142 0.0076 -0.0350 0.8747 0.4443
-4.0000 -0.2688 0.0140 0.0073 -0.0342 0.8641 0.4667
-3.7500 -0.2408 0.0137 0.0071 -0.0337 0.8541 0.4883
-3.5000 -0.2159 0.0135 0.0069 -0.0327 0.8422 0.5096
-3.2500 -0.1872 0.0133 0.0067 -0.0323 0.8330 0.5312
-3.0000 -0.1633 0.0132 0.0066 -0.0312 0.8196 0.5499
-2.7500 -0.1369 0.0130 0.0065 -0.0304 0.8080 0.5672
-2.5000 -0.1094 0.0129 0.0064 -0.0299 0.7965 0.5839
-2.2500 -0.0842 0.0128 0.0063 -0.0290 0.7827 0.6005
-2.0000 -0.0569 0.0127 0.0062 -0.0284 0.7706 0.6169
-1.7500 -0.0308 0.0126 0.0061 -0.0276 0.7564 0.6333
-1.5000 -0.0053 0.0125 0.0060 -0.0267 0.7416 0.6497
-1.2500 0.0213 0.0125 0.0059 -0.0260 0.7278 0.6668
-1.0000 0.0475 0.0124 0.0059 -0.0252 0.7135 0.6837
-0.7500 0.0729 0.0124 0.0059 -0.0244 0.6989 0.7009
-0.5000 0.0989 0.0124 0.0059 -0.0236 0.6850 0.7190
-0.2500 0.1251 0.0124 0.0059 -0.0227 0.6714 0.7367
0.0000 0.1506 0.0125 0.0059 -0.0218 0.6569 0.7549
0.2500 0.1758 0.0125 0.0060 -0.0208 0.6416 0.7726
0.5000 0.2012 0.0126 0.0061 -0.0199 0.6266 0.7899
0.7500 0.2271 0.0127 0.0061 -0.0190 0.6115 0.8051
1.0000 0.2532 0.0128 0.0062 -0.0182 0.5971 0.8204
1.2500 0.2792 0.0130 0.0064 -0.0173 0.5829 0.8361
1.5000 0.3052 0.0132 0.0065 -0.0164 0.5679 0.8513
1.7500 0.3316 0.0134 0.0067 -0.0156 0.5532 0.8656
2.0000 0.3573 0.0136 0.0068 -0.0148 0.5382 0.8796
2.2500 0.3833 0.0138 0.0070 -0.0140 0.5241 0.8934
2.5000 0.4161 0.0141 0.0073 -0.0146 0.5108 0.9024
2.7500 0.4446 0.0144 0.0074 -0.0144 0.4982 0.9148
3.0000 0.4816 0.0147 0.0078 -0.0160 0.4842 0.9228
3.2500 0.5135 0.0151 0.0080 -0.0166 0.4722 0.9340
3.5000 0.5572 0.0154 0.0082 -0.0196 0.4595 0.9392
3.7500 0.5954 0.0157 0.0085 -0.0217 0.4467 0.9475
4.0000 0.6358 0.0160 0.0087 -0.0243 0.4353 0.9539
4.2500 0.6804 0.0163 0.0089 -0.0278 0.4241 0.9587
4.5000 0.7182 0.0166 0.0092 -0.0299 0.4140 0.9669
4.7500 0.7598 0.0169 0.0094 -0.0329 0.4043 0.9728
5.0000 0.8036 0.0171 0.0096 -0.0364 0.3935 0.9784
