-5.0000 0.0492 0.0136 0.0064 -0.1264 0.8194 0.1549
-4.7500 0.0753 0.0135 0.0062 -0.1259 0.8102 0.1623
-4.5000 0.1039 0.0132 0.0059 -0.1259 0.8025 0.1703
-4.2500 0.1307 0.0131 0.0058 -0.1255 0.7933 0.1789
-4.0000 0.1590 0.0128 0.0055 -0.1254 0.7854 0.1880
-3.7500 0.1851 0.0127 0.0054 -0.1249 0.7758 0.1972
-3.5000 0.2122 0.0125 0.0053 -0.1246 0.7666 0.2077
-3.2500 0.2394 0.0124 0.0051 -0.1244 0.7573 0.2182
-3.0000 0.2670 0.0123 0.0049 -0.1241 0.7481 0.2301
-2.7500 0.2946 0.0122 0.0048 -0.1239 0.7383 0.2434
-2.5000 0.3208 0.0121 0.0048 -0.1235 0.7278 0.2577
-2.2500 0.3486 0.0120 0.0047 -0.1233 0.7187 0.2730
-2.0000 0.3742 0.0119 0.0046 -0.1228 0.7078 0.2877
-1.7500 0.4015 0.0119 0.0046 -0.1226 0.6984 0.3031
-1.5000 0.4278 0.0118 0.0045 -0.1221 0.6881 0.3198
-1.2500 0.4547 0.0118 0.0045 -0.1219 0.6788 0.3383
-1.0000 0.4806 0.0117 0.0044 -0.1214 0.6684 0.3587
-0.7500 0.5067 0.0117 0.0044 -0.1210 0.6588 0.3826
-0.5000 0.5325 0.0116 0.0044 -0.1206 0.6492 0.4128
-0.2500 0.5580 0.0115 0.0044 -0.1201 0.6401 0.4591
0.0000 0.5825 0.0113 0.0045 -0.1194 0.6311 0.5331
0.2500 0.6066 0.0112 0.0046 -0.1186 0.6231 0.6227
0.5000 0.6295 0.0110 0.0047 -0.1173 0.6147 0.7094
0.7500 0.6523 0.0109 0.0049 -0.1159 0.6076 0.7923
1.0000 0.6735 0.0109 0.0050 -0.1138 0.5996 0.8765
1.2500 0.7124 0.0110 0.0052 -0.1156 0.5920 0.9472
1.5000 0.7591 0.0112 0.0053 -0.1195 0.5839 0.9837
1.7500 0.8051 0.0114 0.0054 -0.1234 0.5761 1.0000
2.0000 0.8270 0.0115 0.0054 -0.1223 0.5693 1.0000
2.2500 0.8473 0.0117 0.0055 -0.1208 0.5618 1.0000
2.5000 0.8704 0.0118 0.0056 -0.1199 0.5554 1.0000
2.7500 0.8940 0.0120 0.0057 -0.1191 0.5494 1.0000
3.0000 0.9168 0.0122 0.0059 -0.1181 0.5431 1.0000
3.2500 0.9415 0.0124 0.0060 -0.1175 0.5373 1.0000
3.5000 0.9677 0.0126 0.0061 -0.1173 0.5318 1.0000
3.7500 0.9899 0.0128 0.0063 -0.1162 0.5255 1.0000
4.0000 1.0136 0.0129 0.0065 -0.1154 0.5190 1.0000
4.2500 1.0398 0.0132 0.0066 -0.1152 0.5131 1.0000
4.5000 1.0623 0.0134 0.0068 -0.1142 0.5074 1.0000
4.7500 1.0864 0.0136 0.0070 -0.1135 0.5020 1.0000
5.0000 1.1129 0.0138 0.0072 -0.1134 0.4967 1.0000
