-5.0000 -0.4630 0.0168 0.0086 -0.0144 0.9935 0.0498
-4.7500 -0.4195 0.0165 0.0082 -0.0179 0.9890 0.0534
-4.5000 -0.3810 0.0162 0.0079 -0.0202 0.9824 0.0583
-4.2500 -0.3402 0.0160 0.0078 -0.0231 0.9763 0.0671
-4.0000 -0.2962 0.0157 0.0075 -0.0266 0.9717 0.0768
-3.7500 -0.2591 0.0152 0.0072 -0.0286 0.9642 0.0872
-3.5000 -0.2184 0.0149 0.0068 -0.0313 0.9571 0.1017
-3.2500 -0.1720 0.0144 0.0065 -0.0351 0.9526 0.1216
-3.0000 -0.1357 0.0139 0.0062 -0.0368 0.9430 0.1446
-2.7500 -0.0952 0.0130 0.0056 -0.0395 0.9358 0.2112
-2.5000 -0.0723 0.0114 0.0054 -0.0390 0.9247 0.5221
-2.2500 -0.0433 0.0107 0.0053 -0.0383 0.9151 0.6636
-2.0000 -0.0176 0.0103 0.0052 -0.0369 0.9019 0.7271
-1.7500 0.0111 0.0101 0.0051 -0.0359 0.8914 0.7814
-1.5000 0.0369 0.0100 0.0050 -0.0343 0.8774 0.8249
-1.2500 0.0634 0.0099 0.0050 -0.0329 0.8625 0.8583
-1.0000 0.0917 0.0099 0.0049 -0.0319 0.8482 0.8878
-0.7500 0.1249 0.0099 0.0049 -0.0318 0.8337 0.9116
-0.5000 0.1583 0.0100 0.0049 -0.0320 0.8151 0.9335
-0.2500 0.1986 0.0101 0.0049 -0.0336 0.7955 0.9519
0.0000 0.2504 0.0102 0.0049 -0.0378 0.7748 0.9661
0.2500 0.2972 0.0103 0.0048 -0.0413 0.7520 0.9772
0.5000 0.3416 0.0103 0.0047 -0.0446 0.7274 0.9882
0.7500 0.3907 0.0104 0.0046 -0.0489 0.6989 0.9971
1.0000 0.4211 0.0104 0.0044 -0.0496 0.6723 1.0000
1.2500 0.4437 0.0104 0.0043 -0.0488 0.6450 1.0000
1.5000 0.4661 0.0105 0.0042 -0.0478 0.6170 1.0000
1.7500 0.4882 0.0106 0.0042 -0.0468 0.5879 1.0000
2.0000 0.5101 0.0108 0.0042 -0.0457 0.5585 1.0000
2.2500 0.5317 0.0110 0.0042 -0.0446 0.5295 1.0000
2.5000 0.5530 0.0112 0.0043 -0.0434 0.5023 1.0000
2.7500 0.5745 0.0115 0.0044 -0.0423 0.4758 1.0000
3.0000 0.5958 0.0118 0.0045 -0.0411 0.4525 1.0000
3.2500 0.6174 0.0121 0.0047 -0.0399 0.4309 1.0000
3.5000 0.6391 0.0124 0.0049 -0.0388 0.4122 1.0000
3.7500 0.6612 0.0127 0.0051 -0.0378 0.3966 1.0000
4.0000 0.6834 0.0130 0.0053 -0.0367 0.3837 1.0000
4.2500 0.7061 0.0133 0.0055 -0.0358 0.3716 1.0000
4.5000 0.7292 0.0136 0.0058 -0.0349 0.3617 1.0000
4.7500 0.7522 0.0140 0.0061 -0.0340 0.3525 1.0000
5.0000 0.7754 0.0143 0.0064 -0.0332 0.3434 1.0000
