-5.0000 -0.2268 0.0137 0.0063 -0.0618 0.9492 0.0365
-4.7500 -0.1923 0.0133 0.0060 -0.0630 0.9417 0.0412
-4.5000 -0.1559 0.0130 0.0056 -0.0645 0.9369 0.0441
-4.2500 -0.1259 0.0126 0.0053 -0.0647 0.9287 0.0484
-4.0000 -0.0958 0.0123 0.0050 -0.0649 0.9205 0.0526
-3.7500 -0.0685 0.0121 0.0047 -0.0645 0.9100 0.0582
-3.5000 -0.0390 0.0118 0.0045 -0.0645 0.9011 0.0678
-3.2500 -0.0133 0.0115 0.0043 -0.0639 0.8885 0.0804
-3.0000 0.0145 0.0113 0.0041 -0.0635 0.8774 0.0920
-2.7500 0.0417 0.0111 0.0039 -0.0631 0.8649 0.1048
-2.5000 0.0683 0.0109 0.0037 -0.0626 0.8509 0.1190
-2.2500 0.0953 0.0107 0.0035 -0.0622 0.8374 0.1354
-2.0000 0.1224 0.0105 0.0034 -0.0617 0.8234 0.1563
-1.7500 0.1485 0.0103 0.0032 -0.0612 0.8071 0.1841
-1.5000 0.1700 0.0093 0.0030 -0.0604 0.7913 0.3867
-1.2500 0.1865 0.0083 0.0031 -0.0580 0.7752 0.6693
-1.0000 0.2071 0.0080 0.0032 -0.0557 0.7581 0.7865
-0.7500 0.2307 0.0080 0.0032 -0.0540 0.7402 0.8528
-0.5000 0.2573 0.0080 0.0032 -0.0529 0.7212 0.9009
-0.2500 0.2897 0.0081 0.0032 -0.0531 0.7009 0.9356
0.0000 0.3287 0.0083 0.0033 -0.0550 0.6783 0.9611
0.2500 0.3728 0.0085 0.0033 -0.0580 0.6529 0.9770
0.5000 0.4177 0.0087 0.0033 -0.0615 0.6260 0.9892
0.7500 0.4563 0.0089 0.0033 -0.0638 0.5981 0.9946
1.0000 0.4949 0.0090 0.0032 -0.0662 0.5702 1.0000
1.2500 0.5170 0.0092 0.0032 -0.0652 0.5458 1.0000
1.5000 0.5389 0.0093 0.0033 -0.0641 0.5227 1.0000
1.7500 0.5609 0.0095 0.0033 -0.0630 0.5008 1.0000
2.0000 0.5831 0.0097 0.0034 -0.0620 0.4810 1.0000
2.2500 0.6056 0.0100 0.0035 -0.0610 0.4635 1.0000
2.5000 0.6285 0.0102 0.0036 -0.0600 0.4477 1.0000
2.7500 0.6514 0.0104 0.0037 -0.0591 0.4341 1.0000
3.0000 0.6743 0.0106 0.0038 -0.0581 0.4222 1.0000
3.2500 0.6981 0.0108 0.0040 -0.0573 0.4118 1.0000
3.5000 0.7213 0.0111 0.0042 -0.0564 0.4024 1.0000
3.7500 0.7456 0.0113 0.0043 -0.0557 0.3940 1.0000
4.0000 0.7696 0.0115 0.0045 -0.0550 0.3861 1.0000
4.2500 0.7939 0.0118 0.0047 -0.0544 0.3794 1.0000
4.5000 0.8190 0.0120 0.0050 -0.0538 0.3732 1.0000
4.7500 0.8438 0.0123 0.0052 -0.0533 0.3671 1.0000
5.0000 0.8686 0.0126 0.0055 -0.0528 0.3613 1.0000
