-5.0000 -0.1826 0.0135 0.0062 -0.0618 0.7997 0.2177
-4.7500 -0.1583 0.0131 0.0059 -0.0610 0.7890 0.2317
-4.5000 -0.1366 0.0128 0.0056 -0.0597 0.7765 0.2493
-4.2500 -0.1148 0.0124 0.0053 -0.0585 0.7648 0.2792
-4.0000 -0.0937 0.0119 0.0051 -0.0572 0.7539 0.3363
-3.7500 -0.0725 0.0116 0.0050 -0.0558 0.7418 0.3929
-3.5000 -0.0494 0.0114 0.0049 -0.0547 0.7300 0.4355
-3.2500 -0.0253 0.0113 0.0048 -0.0538 0.7184 0.4683
-3.0000 -0.0004 0.0112 0.0048 -0.0529 0.7068 0.4937
-2.7500 0.0247 0.0112 0.0047 -0.0521 0.6942 0.5154
-2.5000 0.0498 0.0111 0.0047 -0.0513 0.6815 0.5350
-2.2500 0.0752 0.0111 0.0046 -0.0505 0.6690 0.5547
-2.0000 0.1002 0.0111 0.0046 -0.0497 0.6559 0.5730
-1.7500 0.1254 0.0111 0.0046 -0.0489 0.6430 0.5902
-1.5000 0.1510 0.0111 0.0046 -0.0482 0.6310 0.6060
-1.2500 0.1762 0.0111 0.0046 -0.0475 0.6178 0.6220
-1.0000 0.2014 0.0111 0.0046 -0.0467 0.6048 0.6381
-0.7500 0.2264 0.0112 0.0046 -0.0459 0.5919 0.6542
-0.5000 0.2511 0.0112 0.0046 -0.0451 0.5781 0.6711
-0.2500 0.2757 0.0112 0.0047 -0.0442 0.5651 0.6890
0.0000 0.2999 0.0112 0.0047 -0.0432 0.5514 0.7081
0.2500 0.3243 0.0113 0.0048 -0.0423 0.5385 0.7270
0.5000 0.3483 0.0114 0.0049 -0.0413 0.5262 0.7456
0.7500 0.3724 0.0115 0.0050 -0.0403 0.5126 0.7644
1.0000 0.3961 0.0116 0.0051 -0.0392 0.5002 0.7841
1.2500 0.4196 0.0117 0.0052 -0.0381 0.4878 0.8035
1.5000 0.4432 0.0118 0.0053 -0.0369 0.4763 0.8233
1.7500 0.4661 0.0120 0.0055 -0.0356 0.4649 0.8433
2.0000 0.4895 0.0122 0.0057 -0.0344 0.4540 0.8626
2.2500 0.5123 0.0124 0.0059 -0.0331 0.4435 0.8802
2.5000 0.5357 0.0126 0.0060 -0.0320 0.4338 0.8971
2.7500 0.5603 0.0129 0.0063 -0.0311 0.4246 0.9120
3.0000 0.5884 0.0132 0.0065 -0.0309 0.4163 0.9242
3.2500 0.6163 0.0134 0.0067 -0.0308 0.4082 0.9371
3.5000 0.6498 0.0138 0.0070 -0.0319 0.4004 0.9465
3.7500 0.6835 0.0141 0.0073 -0.0331 0.3936 0.9558
4.0000 0.7237 0.0144 0.0076 -0.0357 0.3867 0.9614
4.2500 0.7610 0.0149 0.0079 -0.0378 0.3802 0.9687
4.5000 0.8034 0.0151 0.0082 -0.0409 0.3745 0.9731
4.7500 0.8469 0.0154 0.0084 -0.0444 0.3679 0.9772
5.0000 0.8875 0.0158 0.0087 -0.0473 0.3618 0.9826
