-5.0000 -0.1924 0.0131 0.0062 -0.0563 0.7382 0.3655
-4.7500 -0.1696 0.0129 0.0061 -0.0551 0.7280 0.3887
-4.5000 -0.1475 0.0128 0.0060 -0.0538 0.7164 0.4079
-4.2500 -0.1242 0.0127 0.0059 -0.0527 0.7058 0.4252
-4.0000 -0.1002 0.0126 0.0058 -0.0518 0.6952 0.4409
-3.7500 -0.0762 0.0126 0.0057 -0.0508 0.6849 0.4558
-3.5000 -0.0518 0.0126 0.0057 -0.0499 0.6745 0.4702
-3.2500 -0.0278 0.0125 0.0056 -0.0490 0.6640 0.4831
-3.0000 -0.0032 0.0125 0.0056 -0.0481 0.6534 0.4958
-2.7500 0.0212 0.0125 0.0056 -0.0472 0.6429 0.5085
-2.5000 0.0460 0.0125 0.0055 -0.0464 0.6325 0.5211
-2.2500 0.0704 0.0125 0.0055 -0.0455 0.6221 0.5325
-2.0000 0.0950 0.0125 0.0055 -0.0447 0.6115 0.5439
-1.7500 0.1196 0.0125 0.0055 -0.0439 0.6012 0.5553
-1.5000 0.1440 0.0125 0.0055 -0.0430 0.5904 0.5669
-1.2500 0.1684 0.0125 0.0055 -0.0422 0.5802 0.5794
-1.0000 0.1923 0.0125 0.0055 -0.0412 0.5692 0.5911
-0.7500 0.2163 0.0126 0.0056 -0.0403 0.5587 0.6030
-0.5000 0.2400 0.0126 0.0056 -0.0393 0.5477 0.6152
-0.2500 0.2640 0.0127 0.0056 -0.0384 0.5377 0.6277
0.0000 0.2874 0.0127 0.0057 -0.0374 0.5270 0.6409
0.2500 0.3107 0.0128 0.0057 -0.0364 0.5168 0.6548
0.5000 0.3335 0.0129 0.0058 -0.0352 0.5062 0.6679
0.7500 0.3566 0.0129 0.0059 -0.0342 0.4961 0.6815
1.0000 0.3793 0.0130 0.0060 -0.0331 0.4863 0.6955
1.2500 0.4018 0.0131 0.0061 -0.0319 0.4763 0.7098
1.5000 0.4241 0.0133 0.0062 -0.0307 0.4673 0.7260
1.7500 0.4459 0.0133 0.0063 -0.0294 0.4575 0.7419
2.0000 0.4680 0.0135 0.0064 -0.0282 0.4490 0.7571
2.2500 0.4898 0.0136 0.0066 -0.0269 0.4404 0.7717
2.5000 0.5117 0.0137 0.0067 -0.0257 0.4322 0.7862
2.7500 0.5331 0.0139 0.0069 -0.0243 0.4243 0.8011
3.0000 0.5544 0.0141 0.0071 -0.0230 0.4172 0.8166
3.2500 0.5747 0.0142 0.0073 -0.0214 0.4105 0.8331
3.5000 0.5963 0.0145 0.0075 -0.0201 0.4045 0.8500
3.7500 0.6158 0.0146 0.0078 -0.0183 0.3981 0.8656
4.0000 0.6368 0.0149 0.0080 -0.0169 0.3923 0.8817
4.2500 0.6581 0.0152 0.0083 -0.0155 0.3869 0.8980
4.5000 0.6787 0.0155 0.0086 -0.0140 0.3814 0.9142
4.7500 0.7034 0.0158 0.0089 -0.0133 0.3765 0.9281
5.0000 0.7339 0.0162 0.0093 -0.0139 0.3716 0.9392
