-5.0000 0.1366 0.0185 0.0104 -0.1420 0.7888 0.1882
-4.7500 0.1698 0.0181 0.0100 -0.1428 0.7831 0.1951
-4.5000 0.1919 0.0180 0.0098 -0.1415 0.7732 0.2022
-4.2500 0.2249 0.0175 0.0094 -0.1423 0.7665 0.2100
-4.0000 0.2505 0.0174 0.0091 -0.1417 0.7579 0.2181
-3.7500 0.2775 0.0171 0.0090 -0.1414 0.7493 0.2262
-3.5000 0.3117 0.0169 0.0086 -0.1424 0.7431 0.2359
-3.2500 0.3324 0.0168 0.0086 -0.1409 0.7332 0.2447
-3.0000 0.3623 0.0166 0.0083 -0.1411 0.7257 0.2544
-2.7500 0.3903 0.0165 0.0082 -0.1410 0.7178 0.2651
-2.5000 0.4152 0.0164 0.0081 -0.1403 0.7087 0.2755
-2.2500 0.4474 0.0162 0.0079 -0.1410 0.7018 0.2872
-2.0000 0.4697 0.0162 0.0079 -0.1398 0.6922 0.2986
-1.7500 0.4974 0.0161 0.0078 -0.1397 0.6840 0.3110
-1.5000 0.5260 0.0160 0.0077 -0.1397 0.6766 0.3238
-1.2500 0.5499 0.0160 0.0077 -0.1389 0.6680 0.3373
-1.0000 0.5800 0.0159 0.0076 -0.1392 0.6612 0.3533
-0.7500 0.6047 0.0159 0.0076 -0.1386 0.6533 0.3700
-0.5000 0.6300 0.0158 0.0076 -0.1381 0.6456 0.3882
-0.2500 0.6614 0.0157 0.0075 -0.1388 0.6394 0.4119
0.0000 0.6822 0.0157 0.0077 -0.1375 0.6319 0.4376
0.2500 0.7081 0.0156 0.0077 -0.1371 0.6253 0.4770
0.5000 0.7373 0.0155 0.0078 -0.1373 0.6198 0.5453
0.7500 0.7556 0.0154 0.0081 -0.1353 0.6126 0.6342
1.0000 0.7775 0.0152 0.0082 -0.1337 0.6067 0.7357
1.2500 0.8019 0.0152 0.0084 -0.1322 0.6017 0.8435
1.5000 0.8381 0.0153 0.0086 -0.1333 0.5944 0.9480
1.7500 0.8970 0.0155 0.0087 -0.1396 0.5880 1.0000
2.0000 0.9180 0.0157 0.0088 -0.1385 0.5825 1.0000
2.2500 0.9384 0.0159 0.0089 -0.1372 0.5770 1.0000
2.5000 0.9656 0.0161 0.0090 -0.1372 0.5724 1.0000
2.7500 0.9899 0.0163 0.0092 -0.1367 0.5676 1.0000
3.0000 1.0102 0.0166 0.0095 -0.1354 0.5622 1.0000
3.2500 1.0374 0.0168 0.0096 -0.1353 0.5575 1.0000
3.5000 1.0628 0.0171 0.0098 -0.1350 0.5527 1.0000
3.7500 1.0826 0.0174 0.0100 -0.1336 0.5469 1.0000
4.0000 1.1104 0.0176 0.0102 -0.1337 0.5420 1.0000
4.2500 1.1362 0.0179 0.0104 -0.1334 0.5374 1.0000
4.5000 1.1549 0.0182 0.0108 -0.1319 0.5319 1.0000
4.7500 1.1818 0.0184 0.0109 -0.1318 0.5271 1.0000
5.0000 1.2091 0.0187 0.0112 -0.1319 0.5225 1.0000
