-5.0000 -0.4462 0.0118 0.0055 -0.0244 0.8374 0.3453
-4.7500 -0.4217 0.0117 0.0053 -0.0236 0.8255 0.3552
-4.5000 -0.3973 0.0115 0.0052 -0.0228 0.8137 0.3650
-4.2500 -0.3726 0.0113 0.0050 -0.0221 0.8013 0.3762
-4.0000 -0.3478 0.0112 0.0049 -0.0214 0.7888 0.3878
-3.7500 -0.3228 0.0111 0.0047 -0.0207 0.7766 0.3993
-3.5000 -0.2976 0.0110 0.0046 -0.0201 0.7641 0.4103
-3.2500 -0.2722 0.0109 0.0045 -0.0194 0.7513 0.4211
-3.0000 -0.2470 0.0108 0.0044 -0.0188 0.7375 0.4321
-2.7500 -0.2218 0.0107 0.0043 -0.0181 0.7248 0.4440
-2.5000 -0.1965 0.0106 0.0042 -0.0175 0.7125 0.4566
-2.2500 -0.1710 0.0106 0.0041 -0.0169 0.6999 0.4696
-2.0000 -0.1456 0.0105 0.0041 -0.0163 0.6867 0.4819
-1.7500 -0.1202 0.0105 0.0040 -0.0157 0.6739 0.4939
-1.5000 -0.0947 0.0104 0.0040 -0.0151 0.6614 0.5063
-1.2500 -0.0691 0.0104 0.0039 -0.0145 0.6492 0.5189
-1.0000 -0.0437 0.0104 0.0039 -0.0139 0.6370 0.5312
-0.7500 -0.0184 0.0103 0.0039 -0.0132 0.6250 0.5445
-0.5000 0.0069 0.0103 0.0039 -0.0126 0.6128 0.5587
-0.2500 0.0323 0.0103 0.0039 -0.0120 0.6010 0.5731
0.0000 0.0577 0.0103 0.0039 -0.0113 0.5884 0.5870
0.2500 0.0832 0.0103 0.0039 -0.0107 0.5773 0.6008
0.5000 0.1089 0.0103 0.0039 -0.0102 0.5665 0.6146
0.7500 0.1346 0.0103 0.0040 -0.0096 0.5558 0.6282
1.0000 0.1601 0.0104 0.0040 -0.0090 0.5451 0.6423
1.2500 0.1857 0.0104 0.0040 -0.0084 0.5343 0.6563
1.5000 0.2111 0.0104 0.0041 -0.0078 0.5231 0.6700
1.7500 0.2363 0.0105 0.0041 -0.0071 0.5117 0.6843
2.0000 0.2615 0.0105 0.0042 -0.0065 0.5003 0.6998
2.2500 0.2867 0.0106 0.0043 -0.0058 0.4902 0.7155
2.5000 0.3120 0.0106 0.0043 -0.0051 0.4807 0.7302
2.7500 0.3371 0.0107 0.0044 -0.0045 0.4707 0.7451
3.0000 0.3622 0.0108 0.0045 -0.0038 0.4598 0.7593
3.2500 0.3870 0.0109 0.0046 -0.0031 0.4488 0.7736
3.5000 0.4120 0.0110 0.0047 -0.0023 0.4381 0.7879
3.7500 0.4369 0.0111 0.0049 -0.0016 0.4283 0.8017
4.0000 0.4614 0.0112 0.0050 -0.0008 0.4195 0.8158
4.2500 0.4860 0.0114 0.0052 -0.0000 0.4100 0.8294
4.5000 0.5105 0.0115 0.0053 0.0008 0.3997 0.8431
4.7500 0.5344 0.0116 0.0055 0.0017 0.3896 0.8568
5.0000 0.5580 0.0118 0.0057 0.0027 0.3801 0.8690
