-5.0000 -0.4452 0.0264 0.0171 -0.0322 0.9460 0.2246
-4.7500 -0.4009 0.0257 0.0165 -0.0355 0.9379 0.2416
-4.5000 -0.3652 0.0252 0.0161 -0.0371 0.9274 0.2589
-4.2500 -0.3203 0.0245 0.0155 -0.0403 0.9192 0.2822
-4.0000 -0.2871 0.0238 0.0150 -0.0414 0.9085 0.3047
-3.7500 -0.2430 0.0230 0.0145 -0.0443 0.9010 0.3375
-3.5000 -0.2120 0.0225 0.0142 -0.0449 0.8900 0.3758
-3.2500 -0.1692 0.0216 0.0138 -0.0473 0.8828 0.4408
-3.0000 -0.1400 0.0210 0.0136 -0.0469 0.8715 0.5162
-2.7500 -0.1004 0.0204 0.0134 -0.0478 0.8645 0.5959
-2.5000 -0.0737 0.0202 0.0134 -0.0465 0.8528 0.6499
-2.2500 -0.0349 0.0199 0.0131 -0.0469 0.8464 0.6996
-2.0000 -0.0102 0.0198 0.0131 -0.0451 0.8338 0.7366
-1.7500 0.0299 0.0195 0.0128 -0.0454 0.8279 0.7720
-1.5000 0.0553 0.0195 0.0129 -0.0435 0.8144 0.7994
-1.2500 0.0856 0.0195 0.0129 -0.0424 0.8028 0.8260
-1.0000 0.1289 0.0193 0.0126 -0.0432 0.7944 0.8496
-0.7500 0.1640 0.0194 0.0126 -0.0430 0.7799 0.8717
-0.5000 0.2064 0.0195 0.0126 -0.0441 0.7657 0.8915
-0.2500 0.2573 0.0195 0.0125 -0.0471 0.7522 0.9080
0.0000 0.3145 0.0194 0.0123 -0.0514 0.7388 0.9233
0.2500 0.3670 0.0195 0.0123 -0.0555 0.7216 0.9391
0.5000 0.4196 0.0195 0.0121 -0.0598 0.7042 0.9552
0.7500 0.4796 0.0194 0.0119 -0.0658 0.6861 0.9698
1.0000 0.5372 0.0193 0.0117 -0.0717 0.6684 0.9833
1.2500 0.5898 0.0191 0.0113 -0.0768 0.6520 0.9950
1.5000 0.6246 0.0190 0.0110 -0.0787 0.6378 1.0000
1.7500 0.6414 0.0191 0.0111 -0.0776 0.6236 1.0000
2.0000 0.6610 0.0191 0.0110 -0.0766 0.6122 1.0000
2.2500 0.6792 0.0192 0.0110 -0.0754 0.5997 1.0000
2.5000 0.6976 0.0194 0.0111 -0.0741 0.5886 1.0000
2.7500 0.7167 0.0195 0.0112 -0.0729 0.5778 1.0000
3.0000 0.7344 0.0198 0.0114 -0.0714 0.5677 1.0000
3.2500 0.7537 0.0200 0.0115 -0.0701 0.5582 1.0000
3.5000 0.7727 0.0203 0.0118 -0.0687 0.5493 1.0000
3.7500 0.7902 0.0206 0.0121 -0.0671 0.5398 1.0000
4.0000 0.8130 0.0209 0.0123 -0.0662 0.5322 1.0000
4.2500 0.8273 0.0214 0.0128 -0.0641 0.5227 1.0000
4.5000 0.8507 0.0216 0.0129 -0.0632 0.5149 1.0000
4.7500 0.8659 0.0221 0.0135 -0.0612 0.5060 1.0000
5.0000 0.8874 0.0224 0.0137 -0.0599 0.4975 1.0000
