-5.0000 0.1241 0.0186 0.0103 -0.1217 0.7798 0.1288
-4.7500 0.1507 0.0183 0.0099 -0.1211 0.7698 0.1345
-4.5000 0.1777 0.0180 0.0097 -0.1208 0.7597 0.1395
-4.2500 0.2046 0.0177 0.0093 -0.1203 0.7493 0.1451
-4.0000 0.2313 0.0174 0.0090 -0.1198 0.7386 0.1503
-3.7500 0.2578 0.0171 0.0086 -0.1192 0.7275 0.1556
-3.5000 0.2842 0.0169 0.0083 -0.1187 0.7161 0.1623
-3.2500 0.3105 0.0167 0.0081 -0.1181 0.7045 0.1694
-3.0000 0.3365 0.0165 0.0078 -0.1175 0.6925 0.1765
-2.7500 0.3623 0.0163 0.0076 -0.1169 0.6802 0.1837
-2.5000 0.3879 0.0161 0.0074 -0.1162 0.6676 0.1917
-2.2500 0.4135 0.0160 0.0072 -0.1155 0.6551 0.2000
-2.0000 0.4387 0.0158 0.0070 -0.1149 0.6424 0.2090
-1.7500 0.4628 0.0158 0.0069 -0.1140 0.6284 0.2201
-1.5000 0.4870 0.0157 0.0068 -0.1131 0.6147 0.2321
-1.2500 0.5115 0.0156 0.0067 -0.1123 0.6018 0.2457
-1.0000 0.5353 0.0155 0.0066 -0.1115 0.5888 0.2609
-0.7500 0.5580 0.0153 0.0065 -0.1105 0.5755 0.2800
-0.5000 0.5809 0.0151 0.0065 -0.1096 0.5640 0.3114
-0.2500 0.5986 0.0144 0.0066 -0.1079 0.5532 0.5375
0.0000 0.6153 0.0140 0.0068 -0.1051 0.5434 0.7225
0.2500 0.6346 0.0140 0.0071 -0.1024 0.5340 0.8387
0.5000 0.6700 0.0143 0.0073 -0.1030 0.5245 0.9224
0.7500 0.7177 0.0146 0.0075 -0.1067 0.5149 0.9662
1.0000 0.7734 0.0150 0.0077 -0.1124 0.5056 0.9885
1.2500 0.8167 0.0152 0.0078 -0.1158 0.4970 1.0000
1.5000 0.8340 0.0154 0.0079 -0.1140 0.4908 1.0000
1.7500 0.8531 0.0156 0.0080 -0.1124 0.4849 1.0000
2.0000 0.8724 0.0159 0.0082 -0.1109 0.4791 1.0000
2.2500 0.8945 0.0161 0.0083 -0.1099 0.4741 1.0000
2.5000 0.9160 0.0164 0.0085 -0.1088 0.4692 1.0000
2.7500 0.9391 0.0166 0.0086 -0.1080 0.4644 1.0000
3.0000 0.9630 0.0169 0.0089 -0.1074 0.4600 1.0000
3.2500 0.9857 0.0172 0.0091 -0.1066 0.4554 1.0000
3.5000 1.0137 0.0175 0.0093 -0.1067 0.4518 1.0000
3.7500 1.0349 0.0178 0.0097 -0.1056 0.4475 1.0000
4.0000 1.0600 0.0181 0.0099 -0.1053 0.4436 1.0000
4.2500 1.0884 0.0185 0.0101 -0.1055 0.4402 1.0000
4.5000 1.1093 0.0188 0.0105 -0.1044 0.4363 1.0000
4.7500 1.1347 0.0191 0.0108 -0.1042 0.4328 1.0000
5.0000 1.1601 0.0194 0.0111 -0.1040 0.4293 1.0000
