-5.0000 -0.3086 0.0119 0.0049 -0.0591 0.9571 0.0700
-4.7500 -0.2721 0.0115 0.0046 -0.0610 0.9544 0.0946
-4.5000 -0.2402 0.0111 0.0044 -0.0619 0.9498 0.1146
-4.2500 -0.2109 0.0109 0.0042 -0.0622 0.9433 0.1317
-4.0000 -0.1781 0.0105 0.0039 -0.0631 0.9388 0.1513
-3.7500 -0.1476 0.0102 0.0037 -0.0636 0.9337 0.1760
-3.5000 -0.1212 0.0099 0.0035 -0.0633 0.9256 0.2079
-3.2500 -0.0915 0.0096 0.0034 -0.0636 0.9199 0.2459
-3.0000 -0.0656 0.0093 0.0032 -0.0631 0.9104 0.2761
-2.7500 -0.0381 0.0090 0.0031 -0.0629 0.9027 0.3258
-2.5000 -0.0129 0.0086 0.0030 -0.0623 0.8926 0.3980
-2.2500 0.0138 0.0084 0.0029 -0.0619 0.8828 0.4313
-2.0000 0.0411 0.0082 0.0028 -0.0615 0.8737 0.4654
-1.7500 0.0673 0.0080 0.0027 -0.0610 0.8624 0.5037
-1.5000 0.0935 0.0078 0.0026 -0.0605 0.8510 0.5481
-1.2500 0.1196 0.0076 0.0026 -0.0598 0.8388 0.5921
-1.0000 0.1456 0.0075 0.0025 -0.0592 0.8254 0.6358
-0.7500 0.1712 0.0073 0.0024 -0.0583 0.8115 0.6853
-0.5000 0.1964 0.0072 0.0024 -0.0574 0.7980 0.7341
-0.2500 0.2217 0.0071 0.0025 -0.0565 0.7847 0.7788
0.0000 0.2470 0.0070 0.0025 -0.0556 0.7715 0.8210
0.2500 0.2720 0.0070 0.0025 -0.0544 0.7577 0.8640
0.5000 0.2978 0.0070 0.0026 -0.0534 0.7428 0.9019
0.7500 0.3276 0.0071 0.0026 -0.0533 0.7272 0.9290
1.0000 0.3600 0.0072 0.0027 -0.0539 0.7101 0.9520
1.2500 0.3971 0.0073 0.0027 -0.0556 0.6940 0.9688
1.5000 0.4386 0.0074 0.0027 -0.0584 0.6769 0.9808
1.7500 0.4798 0.0076 0.0028 -0.0611 0.6576 0.9905
2.0000 0.5172 0.0077 0.0029 -0.0632 0.6371 0.9952
2.2500 0.5547 0.0078 0.0029 -0.0653 0.6166 1.0000
2.5000 0.5778 0.0079 0.0029 -0.0644 0.5982 1.0000
2.7500 0.6011 0.0080 0.0029 -0.0634 0.5813 1.0000
3.0000 0.6245 0.0082 0.0030 -0.0626 0.5643 1.0000
3.2500 0.6481 0.0083 0.0031 -0.0617 0.5485 1.0000
3.5000 0.6714 0.0085 0.0032 -0.0607 0.5317 1.0000
3.7500 0.6944 0.0086 0.0033 -0.0597 0.5137 1.0000
4.0000 0.7172 0.0089 0.0034 -0.0587 0.4920 1.0000
4.2500 0.7377 0.0091 0.0035 -0.0572 0.4523 1.0000
4.5000 0.7578 0.0095 0.0037 -0.0557 0.4084 1.0000
4.7500 0.7792 0.0099 0.0038 -0.0545 0.3743 1.0000
5.0000 0.8005 0.0103 0.0040 -0.0533 0.3375 1.0000
