-5.0000 0.1545 0.0129 0.0061 -0.1760 0.8955 0.0494
-4.7500 0.1857 0.0126 0.0059 -0.1767 0.8930 0.0579
-4.5000 0.2179 0.0122 0.0056 -0.1777 0.8909 0.0786
-4.2500 0.2512 0.0119 0.0053 -0.1788 0.8890 0.0907
-4.0000 0.2847 0.0117 0.0051 -0.1799 0.8869 0.1028
-3.7500 0.3057 0.0116 0.0051 -0.1786 0.8806 0.1148
-3.5000 0.3344 0.0114 0.0049 -0.1787 0.8768 0.1293
-3.2500 0.3655 0.0112 0.0048 -0.1794 0.8739 0.1498
-3.0000 0.3973 0.0109 0.0046 -0.1802 0.8716 0.1725
-2.7500 0.4296 0.0108 0.0045 -0.1812 0.8694 0.1968
-2.5000 0.4544 0.0107 0.0046 -0.1807 0.8648 0.2332
-2.2500 0.4815 0.0106 0.0046 -0.1806 0.8603 0.2753
-2.0000 0.5118 0.0104 0.0044 -0.1811 0.8566 0.2992
-1.7500 0.5438 0.0102 0.0043 -0.1818 0.8533 0.3225
-1.5000 0.5744 0.0100 0.0042 -0.1823 0.8497 0.3453
-1.2500 0.5993 0.0100 0.0042 -0.1816 0.8439 0.3683
-1.0000 0.6284 0.0099 0.0042 -0.1818 0.8393 0.3916
-0.7500 0.6592 0.0098 0.0041 -0.1823 0.8357 0.4157
-0.5000 0.6909 0.0097 0.0040 -0.1830 0.8324 0.4419
-0.2500 0.7153 0.0097 0.0041 -0.1823 0.8269 0.4669
0.0000 0.7433 0.0096 0.0042 -0.1823 0.8220 0.4930
0.2500 0.7734 0.0095 0.0041 -0.1826 0.8177 0.5199
0.5000 0.8033 0.0095 0.0041 -0.1829 0.8128 0.5457
0.7500 0.8281 0.0094 0.0041 -0.1821 0.8050 0.5705
1.0000 0.8573 0.0093 0.0040 -0.1822 0.7984 0.5986
1.2500 0.8843 0.0092 0.0041 -0.1819 0.7914 0.6267
1.5000 0.9106 0.0092 0.0041 -0.1815 0.7840 0.6579
1.7500 0.9401 0.0090 0.0040 -0.1816 0.7777 0.6976
2.0000 0.9626 0.0089 0.0042 -0.1804 0.7690 0.7600
2.2500 0.9856 0.0085 0.0041 -0.1788 0.7611 1.0000
2.5000 1.0119 0.0086 0.0041 -0.1784 0.7525 1.0000
2.7500 1.0395 0.0086 0.0041 -0.1783 0.7441 1.0000
3.0000 1.0659 0.0087 0.0042 -0.1779 0.7354 1.0000
3.2500 1.0925 0.0088 0.0043 -0.1776 0.7256 1.0000
3.5000 1.1166 0.0089 0.0043 -0.1767 0.7125 1.0000
3.7500 1.1408 0.0090 0.0044 -0.1758 0.6977 1.0000
4.0000 1.1649 0.0092 0.0045 -0.1749 0.6836 1.0000
4.2500 1.1854 0.0094 0.0046 -0.1732 0.6593 1.0000
4.5000 1.2000 0.0097 0.0047 -0.1703 0.6183 1.0000
4.7500 1.2127 0.0102 0.0050 -0.1672 0.5772 1.0000
5.0000 1.2283 0.0106 0.0053 -0.1647 0.5469 1.0000
