-5.0000 0.1571 0.0127 0.0063 -0.1719 0.8540 0.1864
-4.7500 0.1899 0.0125 0.0060 -0.1728 0.8511 0.1967
-4.5000 0.2238 0.0122 0.0058 -0.1739 0.8485 0.2078
-4.2500 0.2563 0.0120 0.0056 -0.1749 0.8456 0.2189
-4.0000 0.2771 0.0120 0.0057 -0.1735 0.8403 0.2288
-3.7500 0.3049 0.0119 0.0056 -0.1734 0.8360 0.2402
-3.5000 0.3358 0.0117 0.0054 -0.1740 0.8326 0.2519
-3.2500 0.3683 0.0116 0.0053 -0.1749 0.8297 0.2644
-3.0000 0.4016 0.0114 0.0051 -0.1759 0.8268 0.2770
-2.7500 0.4255 0.0114 0.0052 -0.1751 0.8219 0.2880
-2.5000 0.4523 0.0113 0.0051 -0.1748 0.8166 0.3001
-2.2500 0.4833 0.0111 0.0049 -0.1753 0.8120 0.3132
-2.0000 0.5162 0.0110 0.0048 -0.1762 0.8081 0.3273
-1.7500 0.5441 0.0109 0.0048 -0.1761 0.8033 0.3417
-1.5000 0.5691 0.0109 0.0048 -0.1755 0.7978 0.3558
-1.2500 0.5982 0.0108 0.0047 -0.1756 0.7927 0.3703
-1.0000 0.6300 0.0107 0.0046 -0.1763 0.7880 0.3842
-0.7500 0.6577 0.0107 0.0046 -0.1762 0.7825 0.3980
-0.5000 0.6829 0.0106 0.0046 -0.1755 0.7760 0.4119
-0.2500 0.7119 0.0106 0.0046 -0.1756 0.7705 0.4274
0.0000 0.7453 0.0105 0.0045 -0.1767 0.7654 0.4444
0.2500 0.7678 0.0105 0.0046 -0.1755 0.7588 0.4594
0.5000 0.7939 0.0105 0.0046 -0.1750 0.7521 0.4752
0.7500 0.8245 0.0105 0.0046 -0.1755 0.7458 0.4906
1.0000 0.8488 0.0105 0.0046 -0.1746 0.7382 0.5053
1.2500 0.8739 0.0105 0.0047 -0.1739 0.7301 0.5207
1.5000 0.9053 0.0105 0.0046 -0.1745 0.7231 0.5379
1.7500 0.9258 0.0105 0.0048 -0.1729 0.7142 0.5539
2.0000 0.9517 0.0105 0.0048 -0.1724 0.7057 0.5714
2.2500 0.9768 0.0106 0.0049 -0.1718 0.6971 0.5902
2.5000 0.9999 0.0106 0.0050 -0.1707 0.6872 0.6082
2.7500 1.0251 0.0107 0.0050 -0.1701 0.6777 0.6262
3.0000 1.0460 0.0108 0.0052 -0.1686 0.6664 0.6444
3.2500 1.0686 0.0109 0.0053 -0.1674 0.6555 0.6654
3.5000 1.0875 0.0109 0.0054 -0.1655 0.6428 0.6922
3.7500 1.1063 0.0110 0.0056 -0.1636 0.6301 0.7189
4.0000 1.1241 0.0111 0.0057 -0.1614 0.6176 0.7610
4.2500 1.1331 0.0110 0.0059 -0.1571 0.6042 0.8904
4.5000 1.1513 0.0112 0.0061 -0.1552 0.5901 1.0000
4.7500 1.1696 0.0115 0.0063 -0.1534 0.5765 1.0000
5.0000 1.1879 0.0118 0.0065 -0.1516 0.5629 1.0000
