-5.0000 -0.2591 0.0124 0.0060 -0.0439 0.7919 0.4096
-4.7500 -0.2359 0.0123 0.0059 -0.0427 0.7784 0.4231
-4.5000 -0.2100 0.0122 0.0057 -0.0420 0.7672 0.4362
-4.2500 -0.1858 0.0121 0.0056 -0.0411 0.7541 0.4481
-4.0000 -0.1597 0.0120 0.0055 -0.0404 0.7424 0.4602
-3.7500 -0.1348 0.0120 0.0054 -0.0396 0.7293 0.4727
-3.5000 -0.1092 0.0119 0.0053 -0.0388 0.7174 0.4846
-3.2500 -0.0836 0.0118 0.0052 -0.0381 0.7053 0.4958
-3.0000 -0.0578 0.0118 0.0051 -0.0375 0.6941 0.5071
-2.7500 -0.0321 0.0118 0.0051 -0.0368 0.6823 0.5201
-2.5000 -0.0067 0.0117 0.0050 -0.0361 0.6710 0.5324
-2.2500 0.0190 0.0117 0.0050 -0.0354 0.6595 0.5450
-2.0000 0.0441 0.0117 0.0050 -0.0347 0.6470 0.5575
-1.7500 0.0697 0.0117 0.0049 -0.0340 0.6353 0.5702
-1.5000 0.0944 0.0117 0.0049 -0.0332 0.6228 0.5842
-1.2500 0.1196 0.0117 0.0049 -0.0324 0.6118 0.5987
-1.0000 0.1445 0.0117 0.0049 -0.0316 0.5997 0.6139
-0.7500 0.1694 0.0117 0.0050 -0.0308 0.5885 0.6289
-0.5000 0.1943 0.0117 0.0050 -0.0300 0.5768 0.6430
-0.2500 0.2192 0.0117 0.0050 -0.0292 0.5647 0.6571
0.0000 0.2440 0.0118 0.0050 -0.0284 0.5533 0.6709
0.2500 0.2685 0.0118 0.0050 -0.0275 0.5411 0.6855
0.5000 0.2932 0.0118 0.0051 -0.0267 0.5300 0.6999
0.7500 0.3176 0.0119 0.0052 -0.0259 0.5187 0.7137
1.0000 0.3421 0.0120 0.0053 -0.0250 0.5071 0.7285
1.2500 0.3661 0.0121 0.0053 -0.0241 0.4960 0.7434
1.5000 0.3899 0.0121 0.0054 -0.0231 0.4840 0.7589
1.7500 0.4136 0.0122 0.0055 -0.0221 0.4727 0.7744
2.0000 0.4366 0.0124 0.0056 -0.0210 0.4613 0.7899
2.2500 0.4596 0.0125 0.0058 -0.0198 0.4493 0.8063
2.5000 0.4819 0.0127 0.0059 -0.0186 0.4379 0.8228
2.7500 0.5039 0.0128 0.0061 -0.0172 0.4261 0.8379
3.0000 0.5264 0.0130 0.0063 -0.0160 0.4146 0.8529
3.2500 0.5478 0.0133 0.0065 -0.0145 0.4040 0.8678
3.5000 0.5693 0.0135 0.0067 -0.0131 0.3931 0.8830
3.7500 0.5898 0.0137 0.0070 -0.0115 0.3832 0.8985
4.0000 0.6111 0.0140 0.0073 -0.0100 0.3731 0.9128
4.2500 0.6363 0.0144 0.0076 -0.0094 0.3637 0.9247
4.5000 0.6606 0.0147 0.0079 -0.0086 0.3549 0.9371
4.7500 0.6892 0.0151 0.0082 -0.0088 0.3466 0.9480
5.0000 0.7221 0.0156 0.0086 -0.0100 0.3384 0.9558
