-5.0000 -0.1088 0.0114 0.0046 -0.1020 0.9003 0.1029
-4.7500 -0.0821 0.0112 0.0044 -0.1017 0.8927 0.1129
-4.5000 -0.0530 0.0109 0.0042 -0.1018 0.8870 0.1256
-4.2500 -0.0262 0.0107 0.0040 -0.1015 0.8793 0.1390
-4.0000 0.0016 0.0105 0.0039 -0.1014 0.8721 0.1567
-3.7500 0.0303 0.0102 0.0037 -0.1014 0.8658 0.1761
-3.5000 0.0568 0.0101 0.0036 -0.1011 0.8569 0.1968
-3.2500 0.0853 0.0098 0.0035 -0.1011 0.8499 0.2294
-3.0000 0.1121 0.0097 0.0034 -0.1009 0.8410 0.2571
-2.7500 0.1402 0.0095 0.0033 -0.1008 0.8326 0.2782
-2.5000 0.1677 0.0094 0.0032 -0.1006 0.8235 0.3000
-2.2500 0.1955 0.0093 0.0031 -0.1004 0.8141 0.3215
-2.0000 0.2230 0.0091 0.0030 -0.1002 0.8044 0.3436
-1.7500 0.2507 0.0090 0.0029 -0.1000 0.7944 0.3690
-1.5000 0.2779 0.0089 0.0029 -0.0998 0.7840 0.3970
-1.2500 0.3055 0.0088 0.0028 -0.0996 0.7740 0.4275
-1.0000 0.3323 0.0087 0.0028 -0.0993 0.7630 0.4617
-0.7500 0.3594 0.0086 0.0028 -0.0990 0.7529 0.5039
-0.5000 0.3857 0.0084 0.0028 -0.0986 0.7414 0.5529
-0.2500 0.4118 0.0083 0.0028 -0.0981 0.7305 0.6116
0.0000 0.4374 0.0082 0.0028 -0.0975 0.7201 0.6752
0.2500 0.4622 0.0080 0.0029 -0.0966 0.7095 0.7403
0.5000 0.4862 0.0079 0.0029 -0.0954 0.6994 0.8080
0.7500 0.5091 0.0078 0.0030 -0.0937 0.6877 0.8792
1.0000 0.5414 0.0079 0.0031 -0.0941 0.6759 0.9427
1.2500 0.5837 0.0080 0.0031 -0.0970 0.6628 0.9791
1.5000 0.6304 0.0081 0.0031 -0.1010 0.6497 0.9979
1.7500 0.6579 0.0082 0.0032 -0.1009 0.6390 1.0000
2.0000 0.6817 0.0083 0.0032 -0.1001 0.6282 1.0000
2.2500 0.7058 0.0084 0.0033 -0.0993 0.6181 1.0000
2.5000 0.7300 0.0086 0.0034 -0.0985 0.6070 1.0000
2.7500 0.7545 0.0087 0.0034 -0.0978 0.5961 1.0000
3.0000 0.7788 0.0088 0.0035 -0.0970 0.5847 1.0000
3.2500 0.8033 0.0090 0.0036 -0.0963 0.5723 1.0000
3.5000 0.8282 0.0091 0.0037 -0.0956 0.5612 1.0000
3.7500 0.8529 0.0093 0.0038 -0.0950 0.5499 1.0000
4.0000 0.8780 0.0095 0.0040 -0.0944 0.5387 1.0000
4.2500 0.9023 0.0097 0.0041 -0.0936 0.5269 1.0000
4.5000 0.9268 0.0098 0.0043 -0.0930 0.5135 1.0000
4.7500 0.9516 0.0100 0.0044 -0.0923 0.5012 1.0000
5.0000 0.9757 0.0102 0.0046 -0.0916 0.4890 1.0000
