-5.0000 -0.1030 0.0120 0.0053 -0.0973 0.7923 0.2522
-4.7500 -0.0762 0.0119 0.0051 -0.0970 0.7846 0.2608
-4.5000 -0.0489 0.0118 0.0050 -0.0967 0.7767 0.2695
-4.2500 -0.0231 0.0116 0.0049 -0.0962 0.7680 0.2784
-4.0000 0.0056 0.0116 0.0047 -0.0962 0.7601 0.2879
-3.7500 0.0303 0.0114 0.0047 -0.0955 0.7502 0.2973
-3.5000 0.0571 0.0113 0.0046 -0.0951 0.7414 0.3069
-3.2500 0.0838 0.0113 0.0045 -0.0948 0.7326 0.3164
-3.0000 0.1106 0.0112 0.0044 -0.0945 0.7242 0.3265
-2.7500 0.1375 0.0111 0.0043 -0.0942 0.7157 0.3366
-2.5000 0.1647 0.0111 0.0043 -0.0939 0.7070 0.3473
-2.2500 0.1908 0.0111 0.0042 -0.0934 0.6981 0.3592
-2.0000 0.2172 0.0110 0.0042 -0.0930 0.6889 0.3712
-1.7500 0.2439 0.0110 0.0042 -0.0927 0.6805 0.3838
-1.5000 0.2698 0.0109 0.0042 -0.0922 0.6718 0.3958
-1.2500 0.2968 0.0109 0.0041 -0.0919 0.6641 0.4084
-1.0000 0.3229 0.0109 0.0041 -0.0915 0.6554 0.4228
-0.7500 0.3488 0.0109 0.0041 -0.0910 0.6473 0.4383
-0.5000 0.3747 0.0109 0.0041 -0.0905 0.6392 0.4537
-0.2500 0.4009 0.0108 0.0041 -0.0901 0.6314 0.4700
0.0000 0.4267 0.0108 0.0042 -0.0896 0.6234 0.4873
0.2500 0.4520 0.0108 0.0042 -0.0890 0.6146 0.5056
0.5000 0.4775 0.0108 0.0042 -0.0885 0.6061 0.5253
0.7500 0.5021 0.0108 0.0043 -0.0877 0.5971 0.5482
1.0000 0.5276 0.0109 0.0043 -0.0872 0.5890 0.5724
1.2500 0.5519 0.0108 0.0044 -0.0864 0.5810 0.5991
1.5000 0.5769 0.0108 0.0045 -0.0857 0.5737 0.6270
1.7500 0.6022 0.0109 0.0046 -0.0851 0.5669 0.6534
2.0000 0.6267 0.0109 0.0047 -0.0843 0.5595 0.6808
2.2500 0.6512 0.0109 0.0048 -0.0835 0.5522 0.7086
2.5000 0.6746 0.0110 0.0049 -0.0825 0.5444 0.7383
2.7500 0.6974 0.0110 0.0050 -0.0813 0.5361 0.7697
3.0000 0.7196 0.0111 0.0052 -0.0799 0.5285 0.8028
3.2500 0.7418 0.0111 0.0053 -0.0786 0.5208 0.8359
3.5000 0.7632 0.0112 0.0055 -0.0770 0.5137 0.8704
3.7500 0.7852 0.0113 0.0057 -0.0755 0.5068 0.9028
4.0000 0.8098 0.0115 0.0059 -0.0746 0.4992 0.9311
4.2500 0.8398 0.0118 0.0061 -0.0750 0.4918 0.9549
4.5000 0.8757 0.0120 0.0063 -0.0766 0.4838 0.9730
4.7500 0.9155 0.0123 0.0066 -0.0793 0.4748 0.9855
5.0000 0.9592 0.0126 0.0068 -0.0828 0.4652 0.9933
