-5.0000 0.0607 0.0182 0.0103 -0.1169 0.8471 0.0801
-4.7500 0.0908 0.0176 0.0097 -0.1169 0.8390 0.0840
-4.5000 0.1198 0.0174 0.0094 -0.1168 0.8301 0.0897
-4.2500 0.1470 0.0172 0.0092 -0.1164 0.8195 0.0956
-4.0000 0.1759 0.0169 0.0089 -0.1163 0.8101 0.1024
-3.7500 0.2024 0.0166 0.0086 -0.1158 0.7983 0.1094
-3.5000 0.2305 0.0163 0.0082 -0.1155 0.7872 0.1170
-3.2500 0.2585 0.0160 0.0079 -0.1152 0.7758 0.1238
-3.0000 0.2846 0.0157 0.0075 -0.1146 0.7629 0.1309
-2.7500 0.3135 0.0154 0.0071 -0.1144 0.7513 0.1397
-2.5000 0.3388 0.0152 0.0070 -0.1137 0.7370 0.1486
-2.2500 0.3656 0.0149 0.0067 -0.1133 0.7235 0.1581
-2.0000 0.3930 0.0147 0.0064 -0.1129 0.7099 0.1688
-1.7500 0.4182 0.0146 0.0063 -0.1121 0.6937 0.1795
-1.5000 0.4440 0.0144 0.0061 -0.1115 0.6785 0.1911
-1.2500 0.4705 0.0142 0.0058 -0.1110 0.6639 0.2046
-1.0000 0.4950 0.0141 0.0057 -0.1102 0.6464 0.2199
-0.7500 0.5198 0.0140 0.0056 -0.1095 0.6299 0.2389
-0.5000 0.5446 0.0138 0.0054 -0.1088 0.6141 0.2647
-0.2500 0.5621 0.0130 0.0054 -0.1066 0.5988 0.5057
0.0000 0.5796 0.0123 0.0055 -0.1045 0.5836 0.7467
0.2500 0.6350 0.0122 0.0057 -0.1087 0.5654 0.9830
0.5000 0.6740 0.0124 0.0057 -0.1111 0.5504 1.0000
0.7500 0.6958 0.0126 0.0057 -0.1099 0.5390 1.0000
1.0000 0.7176 0.0129 0.0058 -0.1087 0.5275 1.0000
1.2500 0.7409 0.0132 0.0059 -0.1078 0.5180 1.0000
1.5000 0.7640 0.0134 0.0060 -0.1069 0.5085 1.0000
1.7500 0.7887 0.0137 0.0062 -0.1063 0.5008 1.0000
2.0000 0.8126 0.0139 0.0063 -0.1055 0.4928 1.0000
2.2500 0.8382 0.0142 0.0065 -0.1051 0.4865 1.0000
2.5000 0.8629 0.0145 0.0067 -0.1046 0.4801 1.0000
2.7500 0.8882 0.0147 0.0069 -0.1041 0.4743 1.0000
3.0000 0.9153 0.0151 0.0071 -0.1041 0.4694 1.0000
3.2500 0.9403 0.0154 0.0073 -0.1036 0.4643 1.0000
3.5000 0.9658 0.0157 0.0076 -0.1032 0.4592 1.0000
3.7500 0.9925 0.0160 0.0078 -0.1031 0.4546 1.0000
4.0000 1.0195 0.0163 0.0081 -0.1031 0.4502 1.0000
4.2500 1.0440 0.0166 0.0084 -0.1026 0.4457 1.0000
4.5000 1.0696 0.0169 0.0087 -0.1023 0.4413 1.0000
4.7500 1.0963 0.0173 0.0090 -0.1022 0.4370 1.0000
5.0000 1.1230 0.0177 0.0094 -0.1021 0.4328 1.0000
