-5.0000 -0.3746 0.0302 0.0212 -0.0534 0.8609 0.3100
-4.7500 -0.3274 0.0296 0.0206 -0.0567 0.8572 0.3255
-4.5000 -0.3134 0.0295 0.0205 -0.0544 0.8443 0.3362
-4.2500 -0.2684 0.0289 0.0200 -0.0572 0.8398 0.3525
-4.0000 -0.2371 0.0285 0.0197 -0.0576 0.8317 0.3670
-3.7500 -0.2058 0.0281 0.0193 -0.0581 0.8237 0.3816
-3.5000 -0.1560 0.0273 0.0185 -0.0615 0.8207 0.4014
-3.2500 -0.1250 0.0268 0.0182 -0.0617 0.8127 0.4186
-3.0000 -0.0939 0.0264 0.0179 -0.0619 0.8047 0.4359
-2.7500 -0.0627 0.0260 0.0175 -0.0620 0.7971 0.4554
-2.5000 -0.0315 0.0256 0.0172 -0.0622 0.7895 0.4748
-2.2500 0.0134 0.0249 0.0165 -0.0644 0.7863 0.5008
-2.0000 0.0311 0.0249 0.0166 -0.0624 0.7744 0.5205
-1.7500 0.0753 0.0240 0.0159 -0.0643 0.7707 0.5482
-1.5000 0.0913 0.0241 0.0161 -0.0619 0.7586 0.5711
-1.2500 0.1324 0.0235 0.0156 -0.0632 0.7545 0.6035
-1.0000 0.1470 0.0237 0.0160 -0.0607 0.7431 0.6295
-0.7500 0.1857 0.0232 0.0155 -0.0615 0.7385 0.6629
-0.5000 0.2016 0.0235 0.0159 -0.0590 0.7279 0.6922
-0.2500 0.2368 0.0231 0.0156 -0.0591 0.7222 0.7259
0.0000 0.2576 0.0233 0.0159 -0.0570 0.7130 0.7554
0.2500 0.2886 0.0231 0.0158 -0.0563 0.7061 0.7880
0.5000 0.3147 0.0233 0.0160 -0.0549 0.6982 0.8174
0.7500 0.3451 0.0234 0.0161 -0.0541 0.6898 0.8441
1.0000 0.3819 0.0234 0.0161 -0.0544 0.6826 0.8705
1.2500 0.4164 0.0238 0.0165 -0.0548 0.6730 0.8932
1.5000 0.4792 0.0237 0.0162 -0.0600 0.6678 0.9107
1.7500 0.5166 0.0244 0.0169 -0.0620 0.6566 0.9280
2.0000 0.5853 0.0241 0.0165 -0.0688 0.6499 0.9415
2.2500 0.6385 0.0245 0.0169 -0.0739 0.6381 0.9552
2.5000 0.7120 0.0242 0.0164 -0.0820 0.6308 0.9655
2.7500 0.7624 0.0245 0.0168 -0.0871 0.6190 0.9801
3.0000 0.8257 0.0243 0.0164 -0.0939 0.6103 0.9920
3.2500 0.8652 0.0244 0.0165 -0.0971 0.5995 1.0000
3.5000 0.8837 0.0243 0.0163 -0.0959 0.5928 1.0000
3.7500 0.8880 0.0247 0.0168 -0.0926 0.5842 1.0000
4.0000 0.9142 0.0245 0.0164 -0.0924 0.5780 1.0000
4.2500 0.9110 0.0251 0.0171 -0.0877 0.5686 1.0000
4.5000 0.9388 0.0249 0.0168 -0.0876 0.5619 1.0000
4.7500 0.9343 0.0256 0.0175 -0.0825 0.5525 1.0000
5.0000 0.9656 0.0254 0.0171 -0.0828 0.5456 1.0000
