-5.0000 -0.7139 0.0235 0.0149 0.0119 1.0000 0.3695
-4.7500 -0.6709 0.0236 0.0150 0.0084 0.9929 0.3895
-4.5000 -0.6274 0.0237 0.0152 0.0049 0.9856 0.4111
-4.2500 -0.5877 0.0237 0.0153 0.0022 0.9767 0.4314
-4.0000 -0.5392 0.0240 0.0156 -0.0020 0.9701 0.4530
-3.7500 -0.5064 0.0238 0.0156 -0.0033 0.9588 0.4722
-3.5000 -0.4580 0.0240 0.0158 -0.0074 0.9519 0.4938
-3.2500 -0.4279 0.0239 0.0158 -0.0080 0.9402 0.5117
-3.0000 -0.3814 0.0239 0.0159 -0.0115 0.9339 0.5332
-2.7500 -0.3468 0.0239 0.0159 -0.0128 0.9232 0.5532
-2.5000 -0.3123 0.0238 0.0159 -0.0140 0.9126 0.5732
-2.2500 -0.2745 0.0237 0.0159 -0.0155 0.9022 0.5933
-2.0000 -0.2411 0.0236 0.0159 -0.0163 0.8912 0.6124
-1.7500 -0.1956 0.0234 0.0157 -0.0190 0.8841 0.6321
-1.5000 -0.1653 0.0232 0.0157 -0.0191 0.8721 0.6503
-1.2500 -0.1145 0.0229 0.0155 -0.0224 0.8671 0.6713
-1.0000 -0.0877 0.0228 0.0154 -0.0217 0.8543 0.6901
-0.7500 -0.0509 0.0226 0.0152 -0.0224 0.8453 0.7109
-0.5000 -0.0141 0.0223 0.0150 -0.0231 0.8362 0.7317
-0.2500 0.0162 0.0221 0.0149 -0.0225 0.8246 0.7498
0.0000 0.0583 0.0216 0.0145 -0.0237 0.8171 0.7683
0.2500 0.0860 0.0214 0.0144 -0.0226 0.8041 0.7862
0.5000 0.1297 0.0209 0.0139 -0.0238 0.7969 0.8043
0.7500 0.1558 0.0208 0.0139 -0.0224 0.7823 0.8218
1.0000 0.1927 0.0206 0.0136 -0.0226 0.7715 0.8390
1.2500 0.2296 0.0204 0.0134 -0.0229 0.7593 0.8563
1.5000 0.2616 0.0203 0.0134 -0.0225 0.7440 0.8735
1.7500 0.3086 0.0203 0.0133 -0.0247 0.7295 0.8856
2.0000 0.3550 0.0202 0.0131 -0.0270 0.7153 0.8985
2.2500 0.3949 0.0201 0.0130 -0.0285 0.6993 0.9133
2.5000 0.4495 0.0202 0.0129 -0.0329 0.6804 0.9222
2.7500 0.4957 0.0202 0.0129 -0.0359 0.6612 0.9348
3.0000 0.5472 0.0202 0.0128 -0.0400 0.6414 0.9459
3.2500 0.5970 0.0202 0.0127 -0.0440 0.6210 0.9572
3.5000 0.6421 0.0202 0.0127 -0.0474 0.5996 0.9707
3.7500 0.6953 0.0202 0.0125 -0.0523 0.5784 0.9811
4.0000 0.7428 0.0202 0.0125 -0.0566 0.5558 0.9924
4.2500 0.7850 0.0202 0.0123 -0.0598 0.5360 1.0000
4.5000 0.7993 0.0203 0.0123 -0.0579 0.5193 1.0000
4.7500 0.8134 0.0204 0.0124 -0.0560 0.5027 1.0000
5.0000 0.8273 0.0205 0.0124 -0.0539 0.4866 1.0000
