-5.0000 -0.1266 0.0176 0.0097 -0.0878 0.7998 0.2917
-4.7500 -0.0988 0.0173 0.0094 -0.0876 0.7917 0.3012
-4.5000 -0.0672 0.0170 0.0091 -0.0881 0.7851 0.3117
-4.2500 -0.0464 0.0168 0.0089 -0.0867 0.7744 0.3205
-4.0000 -0.0162 0.0166 0.0086 -0.0868 0.7670 0.3319
-3.7500 0.0081 0.0164 0.0085 -0.0861 0.7578 0.3417
-3.5000 0.0350 0.0162 0.0083 -0.0857 0.7489 0.3530
-3.2500 0.0638 0.0161 0.0081 -0.0856 0.7410 0.3653
-3.0000 0.0875 0.0159 0.0080 -0.0847 0.7306 0.3758
-2.7500 0.1184 0.0157 0.0077 -0.0851 0.7229 0.3886
-2.5000 0.1399 0.0156 0.0077 -0.0837 0.7118 0.4019
-2.2500 0.1692 0.0154 0.0075 -0.0838 0.7040 0.4166
-2.0000 0.1915 0.0154 0.0075 -0.0827 0.6942 0.4310
-1.7500 0.2189 0.0152 0.0074 -0.0824 0.6859 0.4471
-1.5000 0.2440 0.0152 0.0074 -0.0818 0.6771 0.4640
-1.2500 0.2695 0.0151 0.0073 -0.0811 0.6681 0.4820
-1.0000 0.2955 0.0150 0.0073 -0.0806 0.6596 0.5018
-0.7500 0.3190 0.0150 0.0073 -0.0796 0.6502 0.5228
-0.5000 0.3466 0.0149 0.0073 -0.0794 0.6429 0.5478
-0.2500 0.3684 0.0149 0.0074 -0.0781 0.6342 0.5722
0.0000 0.3951 0.0149 0.0074 -0.0776 0.6273 0.6002
0.2500 0.4198 0.0149 0.0076 -0.0768 0.6202 0.6278
0.5000 0.4428 0.0149 0.0077 -0.0757 0.6124 0.6546
0.7500 0.4704 0.0150 0.0077 -0.0754 0.6057 0.6820
1.0000 0.4928 0.0151 0.0079 -0.0741 0.5982 0.7075
1.2500 0.5166 0.0151 0.0080 -0.0730 0.5908 0.7326
1.5000 0.5446 0.0152 0.0081 -0.0727 0.5848 0.7592
1.7500 0.5665 0.0154 0.0084 -0.0712 0.5781 0.7831
2.0000 0.5891 0.0155 0.0086 -0.0699 0.5712 0.8092
2.2500 0.6163 0.0156 0.0087 -0.0693 0.5652 0.8312
2.5000 0.6402 0.0158 0.0089 -0.0682 0.5590 0.8544
2.7500 0.6627 0.0160 0.0092 -0.0667 0.5518 0.8749
3.0000 0.6910 0.0162 0.0093 -0.0663 0.5450 0.8949
3.2500 0.7190 0.0165 0.0096 -0.0660 0.5381 0.9152
3.5000 0.7491 0.0167 0.0099 -0.0662 0.5306 0.9326
3.7500 0.7917 0.0170 0.0101 -0.0690 0.5237 0.9437
4.0000 0.8305 0.0174 0.0104 -0.0712 0.5168 0.9556
4.2500 0.8761 0.0176 0.0107 -0.0749 0.5089 0.9636
4.5000 0.9234 0.0179 0.0108 -0.0788 0.5022 0.9726
4.7500 0.9719 0.0183 0.0112 -0.0832 0.4943 0.9801
5.0000 1.0162 0.0185 0.0114 -0.0868 0.4867 0.9892
