-5.0000 -0.1098 0.0144 0.0069 -0.0814 0.7366 0.2780
-4.7500 -0.0855 0.0143 0.0067 -0.0806 0.7266 0.2857
-4.5000 -0.0609 0.0141 0.0065 -0.0798 0.7160 0.2941
-4.2500 -0.0372 0.0140 0.0064 -0.0789 0.7056 0.3028
-4.0000 -0.0121 0.0139 0.0063 -0.0782 0.6965 0.3119
-3.7500 0.0122 0.0138 0.0062 -0.0774 0.6862 0.3221
-3.5000 0.0354 0.0137 0.0060 -0.0765 0.6758 0.3323
-3.2500 0.0595 0.0135 0.0059 -0.0756 0.6662 0.3427
-3.0000 0.0835 0.0134 0.0058 -0.0748 0.6564 0.3538
-2.7500 0.1064 0.0133 0.0057 -0.0737 0.6457 0.3662
-2.5000 0.1300 0.0132 0.0056 -0.0728 0.6360 0.3806
-2.2500 0.1529 0.0131 0.0056 -0.0718 0.6259 0.3975
-2.0000 0.1764 0.0131 0.0056 -0.0709 0.6168 0.4172
-1.7500 0.1994 0.0130 0.0055 -0.0698 0.6076 0.4385
-1.5000 0.2225 0.0129 0.0056 -0.0688 0.5987 0.4619
-1.2500 0.2460 0.0129 0.0056 -0.0679 0.5899 0.4871
-1.0000 0.2688 0.0129 0.0056 -0.0668 0.5810 0.5120
-0.7500 0.2919 0.0129 0.0056 -0.0657 0.5721 0.5371
-0.5000 0.3151 0.0129 0.0057 -0.0647 0.5639 0.5605
-0.2500 0.3390 0.0129 0.0057 -0.0638 0.5560 0.5812
0.0000 0.3636 0.0130 0.0058 -0.0631 0.5487 0.6008
0.2500 0.3873 0.0130 0.0059 -0.0622 0.5413 0.6199
0.5000 0.4137 0.0131 0.0060 -0.0618 0.5350 0.6391
0.7500 0.4369 0.0132 0.0061 -0.0607 0.5283 0.6570
1.0000 0.4611 0.0132 0.0062 -0.0599 0.5218 0.6737
1.2500 0.4879 0.0134 0.0063 -0.0596 0.5159 0.6904
1.5000 0.5108 0.0134 0.0065 -0.0586 0.5097 0.7076
1.7500 0.5338 0.0135 0.0066 -0.0575 0.5032 0.7251
2.0000 0.5591 0.0136 0.0067 -0.0569 0.4973 0.7430
2.2500 0.5833 0.0137 0.0069 -0.0561 0.4917 0.7616
2.5000 0.6054 0.0138 0.0070 -0.0548 0.4860 0.7802
2.7500 0.6286 0.0139 0.0072 -0.0538 0.4807 0.7985
3.0000 0.6544 0.0141 0.0073 -0.0533 0.4754 0.8173
3.2500 0.6772 0.0143 0.0076 -0.0522 0.4705 0.8359
3.5000 0.6974 0.0144 0.0078 -0.0505 0.4653 0.8553
3.7500 0.7186 0.0145 0.0080 -0.0490 0.4603 0.8739
4.0000 0.7423 0.0147 0.0081 -0.0480 0.4556 0.8924
4.2500 0.7655 0.0150 0.0084 -0.0469 0.4511 0.9114
4.5000 0.7888 0.0153 0.0087 -0.0458 0.4466 0.9304
4.7500 0.8153 0.0156 0.0091 -0.0454 0.4414 0.9472
5.0000 0.8534 0.0159 0.0094 -0.0475 0.4358 0.9581
