-5.0000 -0.2244 0.0147 0.0081 -0.0863 0.8892 0.3088
-4.7500 -0.1966 0.0145 0.0079 -0.0862 0.8842 0.3200
-4.5000 -0.1688 0.0143 0.0077 -0.0861 0.8792 0.3311
-4.2500 -0.1332 0.0139 0.0073 -0.0874 0.8765 0.3427
-4.0000 -0.1083 0.0137 0.0071 -0.0866 0.8697 0.3530
-3.7500 -0.0748 0.0133 0.0068 -0.0875 0.8653 0.3653
-3.5000 -0.0467 0.0131 0.0066 -0.0873 0.8590 0.3770
-3.2500 -0.0150 0.0128 0.0063 -0.0878 0.8538 0.3889
-3.0000 0.0129 0.0126 0.0062 -0.0876 0.8473 0.4004
-2.7500 0.0437 0.0124 0.0060 -0.0880 0.8418 0.4123
-2.5000 0.0708 0.0123 0.0058 -0.0876 0.8346 0.4242
-2.2500 0.1032 0.0120 0.0056 -0.0883 0.8290 0.4383
-2.0000 0.1287 0.0119 0.0056 -0.0876 0.8202 0.4518
-1.7500 0.1574 0.0118 0.0054 -0.0875 0.8122 0.4647
-1.5000 0.1872 0.0116 0.0053 -0.0876 0.8040 0.4773
-1.2500 0.2135 0.0115 0.0052 -0.0870 0.7938 0.4889
-1.0000 0.2406 0.0114 0.0051 -0.0866 0.7833 0.5025
-0.7500 0.2677 0.0113 0.0050 -0.0862 0.7726 0.5153
-0.5000 0.2952 0.0112 0.0049 -0.0859 0.7615 0.5285
-0.2500 0.3222 0.0111 0.0049 -0.0855 0.7494 0.5422
0.0000 0.3490 0.0111 0.0048 -0.0850 0.7366 0.5562
0.2500 0.3756 0.0110 0.0048 -0.0845 0.7235 0.5690
0.5000 0.4015 0.0110 0.0048 -0.0839 0.7091 0.5813
0.7500 0.4268 0.0110 0.0048 -0.0831 0.6934 0.5937
1.0000 0.4521 0.0111 0.0048 -0.0824 0.6773 0.6065
1.2500 0.4768 0.0111 0.0048 -0.0815 0.6612 0.6193
1.5000 0.5011 0.0112 0.0049 -0.0806 0.6453 0.6324
1.7500 0.5258 0.0113 0.0049 -0.0798 0.6307 0.6454
2.0000 0.5503 0.0114 0.0050 -0.0790 0.6163 0.6599
2.2500 0.5744 0.0115 0.0051 -0.0781 0.6021 0.6734
2.5000 0.5981 0.0116 0.0052 -0.0771 0.5878 0.6870
2.7500 0.6216 0.0118 0.0053 -0.0761 0.5738 0.7003
3.0000 0.6448 0.0119 0.0054 -0.0751 0.5600 0.7148
3.2500 0.6679 0.0120 0.0055 -0.0740 0.5474 0.7291
3.5000 0.6910 0.0121 0.0057 -0.0730 0.5352 0.7450
3.7500 0.7135 0.0123 0.0058 -0.0718 0.5228 0.7610
4.0000 0.7354 0.0124 0.0060 -0.0705 0.5106 0.7775
4.2500 0.7569 0.0126 0.0062 -0.0691 0.4987 0.7961
4.5000 0.7772 0.0127 0.0063 -0.0675 0.4862 0.8176
4.7500 0.7962 0.0128 0.0065 -0.0656 0.4747 0.8429
5.0000 0.8130 0.0130 0.0067 -0.0631 0.4623 0.8749
