-5.0000 -0.2194 0.0149 0.0082 -0.0858 0.8734 0.3187
-4.7500 -0.1833 0.0145 0.0078 -0.0873 0.8710 0.3294
-4.5000 -0.1620 0.0143 0.0077 -0.0859 0.8633 0.3379
-4.2500 -0.1277 0.0140 0.0073 -0.0870 0.8597 0.3479
-4.0000 -0.1009 0.0138 0.0071 -0.0866 0.8533 0.3575
-3.7500 -0.0697 0.0135 0.0068 -0.0870 0.8478 0.3680
-3.5000 -0.0420 0.0133 0.0066 -0.0868 0.8409 0.3781
-3.2500 -0.0103 0.0130 0.0064 -0.0873 0.8353 0.3895
-3.0000 0.0158 0.0128 0.0063 -0.0868 0.8276 0.3991
-2.7500 0.0471 0.0126 0.0060 -0.0873 0.8212 0.4105
-2.5000 0.0747 0.0124 0.0059 -0.0870 0.8128 0.4218
-2.2500 0.1006 0.0123 0.0058 -0.0864 0.8036 0.4334
-2.0000 0.1279 0.0122 0.0057 -0.0860 0.7949 0.4450
-1.7500 0.1574 0.0120 0.0055 -0.0861 0.7868 0.4568
-1.5000 0.1846 0.0119 0.0054 -0.0858 0.7772 0.4678
-1.2500 0.2111 0.0118 0.0053 -0.0853 0.7668 0.4788
-1.0000 0.2377 0.0117 0.0053 -0.0849 0.7559 0.4897
-0.7500 0.2643 0.0117 0.0052 -0.0844 0.7442 0.5008
-0.5000 0.2914 0.0116 0.0051 -0.0840 0.7321 0.5123
-0.2500 0.3176 0.0116 0.0050 -0.0835 0.7191 0.5237
0.0000 0.3443 0.0115 0.0050 -0.0830 0.7067 0.5356
0.2500 0.3684 0.0116 0.0050 -0.0821 0.6923 0.5483
0.5000 0.3929 0.0116 0.0051 -0.0812 0.6777 0.5607
0.7500 0.4175 0.0116 0.0051 -0.0803 0.6633 0.5731
1.0000 0.4421 0.0117 0.0051 -0.0795 0.6495 0.5844
1.2500 0.4667 0.0118 0.0052 -0.0787 0.6362 0.5963
1.5000 0.4916 0.0118 0.0052 -0.0780 0.6235 0.6090
1.7500 0.5151 0.0119 0.0053 -0.0770 0.6099 0.6210
2.0000 0.5391 0.0120 0.0054 -0.0761 0.5972 0.6327
2.2500 0.5630 0.0122 0.0055 -0.0752 0.5846 0.6455
2.5000 0.5863 0.0123 0.0056 -0.0741 0.5722 0.6572
2.7500 0.6096 0.0124 0.0057 -0.0732 0.5603 0.6692
3.0000 0.6327 0.0126 0.0058 -0.0721 0.5486 0.6825
3.2500 0.6550 0.0127 0.0060 -0.0710 0.5368 0.6953
3.5000 0.6769 0.0128 0.0061 -0.0697 0.5250 0.7086
3.7500 0.6985 0.0129 0.0063 -0.0684 0.5134 0.7224
4.0000 0.7196 0.0131 0.0064 -0.0670 0.5018 0.7366
4.2500 0.7400 0.0132 0.0066 -0.0655 0.4908 0.7513
4.5000 0.7585 0.0134 0.0067 -0.0635 0.4795 0.7670
4.7500 0.7770 0.0135 0.0069 -0.0617 0.4682 0.7846
5.0000 0.7958 0.0137 0.0071 -0.0598 0.4574 0.8029
