-5.0000 -0.0346 0.0118 0.0048 -0.0971 0.8261 0.0748
-4.7500 -0.0070 0.0116 0.0046 -0.0969 0.8164 0.0794
-4.5000 0.0199 0.0115 0.0044 -0.0965 0.8053 0.0844
-4.2500 0.0470 0.0113 0.0043 -0.0961 0.7939 0.0899
-4.0000 0.0741 0.0112 0.0041 -0.0958 0.7821 0.0959
-3.7500 0.1011 0.0111 0.0040 -0.0954 0.7695 0.1023
-3.5000 0.1280 0.0110 0.0038 -0.0951 0.7567 0.1090
-3.2500 0.1551 0.0109 0.0037 -0.0947 0.7444 0.1163
-3.0000 0.1819 0.0108 0.0036 -0.0944 0.7312 0.1270
-2.7500 0.2087 0.0108 0.0036 -0.0941 0.7173 0.1401
-2.5000 0.2354 0.0107 0.0036 -0.0937 0.7033 0.1538
-2.2500 0.2618 0.0107 0.0035 -0.0932 0.6884 0.1667
-2.0000 0.2880 0.0106 0.0034 -0.0928 0.6726 0.1791
-1.7500 0.3141 0.0106 0.0033 -0.0923 0.6567 0.1931
-1.5000 0.3402 0.0105 0.0032 -0.0918 0.6405 0.2100
-1.2500 0.3659 0.0104 0.0032 -0.0913 0.6240 0.2304
-1.0000 0.3911 0.0104 0.0031 -0.0907 0.6073 0.2582
-0.7500 0.4154 0.0101 0.0031 -0.0901 0.5909 0.3157
-0.5000 0.4358 0.0095 0.0031 -0.0890 0.5748 0.5581
-0.2500 0.4577 0.0092 0.0032 -0.0876 0.5587 0.6755
0.0000 0.4792 0.0091 0.0033 -0.0860 0.5432 0.7659
0.2500 0.5004 0.0091 0.0034 -0.0841 0.5281 0.8397
0.5000 0.5240 0.0092 0.0036 -0.0827 0.5137 0.8991
0.7500 0.5567 0.0094 0.0037 -0.0833 0.4996 0.9426
1.0000 0.5946 0.0096 0.0038 -0.0853 0.4860 0.9706
1.2500 0.6374 0.0098 0.0040 -0.0884 0.4733 0.9864
1.5000 0.6787 0.0100 0.0041 -0.0914 0.4634 0.9932
1.7500 0.7201 0.0103 0.0042 -0.0943 0.4534 1.0000
2.0000 0.7404 0.0104 0.0043 -0.0929 0.4464 1.0000
2.2500 0.7623 0.0106 0.0043 -0.0917 0.4400 1.0000
2.5000 0.7838 0.0107 0.0044 -0.0905 0.4338 1.0000
2.7500 0.8053 0.0110 0.0046 -0.0893 0.4278 1.0000
3.0000 0.8285 0.0111 0.0047 -0.0884 0.4234 1.0000
3.2500 0.8518 0.0112 0.0048 -0.0874 0.4184 1.0000
3.5000 0.8750 0.0114 0.0050 -0.0866 0.4136 1.0000
3.7500 0.8987 0.0117 0.0051 -0.0858 0.4090 1.0000
4.0000 0.9234 0.0119 0.0053 -0.0852 0.4054 1.0000
4.2500 0.9480 0.0120 0.0055 -0.0846 0.4012 1.0000
4.5000 0.9724 0.0122 0.0056 -0.0840 0.3967 1.0000
4.7500 0.9969 0.0124 0.0058 -0.0834 0.3924 1.0000
5.0000 1.0222 0.0128 0.0061 -0.0830 0.3882 1.0000
