-5.0000 -0.4321 0.0381 0.0292 -0.0547 0.8306 0.3391
-4.7500 -0.3878 0.0378 0.0289 -0.0574 0.8278 0.3492
-4.5000 -0.3885 0.0382 0.0294 -0.0534 0.8154 0.3552
-4.2500 -0.3482 0.0377 0.0288 -0.0554 0.8108 0.3667
-4.0000 -0.3015 0.0373 0.0285 -0.0581 0.8077 0.3790
-3.7500 -0.3017 0.0377 0.0288 -0.0543 0.7947 0.3859
-3.5000 -0.2607 0.0374 0.0286 -0.0562 0.7910 0.3967
-3.2500 -0.2390 0.0374 0.0287 -0.0554 0.7832 0.4059
-3.0000 -0.2173 0.0375 0.0288 -0.0547 0.7753 0.4151
-2.7500 -0.1737 0.0369 0.0282 -0.0568 0.7719 0.4282
-2.5000 -0.1486 0.0369 0.0282 -0.0564 0.7641 0.4387
-2.2500 -0.1235 0.0369 0.0282 -0.0560 0.7563 0.4493
-2.0000 -0.0864 0.0364 0.0277 -0.0572 0.7517 0.4623
-1.7500 -0.0735 0.0369 0.0283 -0.0552 0.7411 0.4712
-1.5000 -0.0306 0.0362 0.0276 -0.0569 0.7382 0.4848
-1.2500 -0.0072 0.0364 0.0278 -0.0562 0.7305 0.4968
-1.0000 0.0161 0.0365 0.0279 -0.0556 0.7227 0.5088
-0.7500 0.0617 0.0355 0.0270 -0.0574 0.7207 0.5229
-0.5000 0.0834 0.0357 0.0272 -0.0566 0.7128 0.5360
-0.2500 0.1052 0.0359 0.0274 -0.0559 0.7050 0.5491
0.0000 0.1522 0.0348 0.0264 -0.0576 0.7035 0.5660
0.2500 0.1497 0.0362 0.0279 -0.0540 0.6892 0.5754
0.5000 0.1970 0.0349 0.0266 -0.0556 0.6875 0.5936
0.7500 0.2470 0.0335 0.0252 -0.0576 0.6862 0.6128
1.0000 0.2568 0.0343 0.0261 -0.0553 0.6754 0.6274
1.2500 0.2665 0.0352 0.0271 -0.0529 0.6647 0.6420
1.5000 0.2763 0.0360 0.0280 -0.0506 0.6539 0.6566
1.7500 0.3201 0.0347 0.0268 -0.0517 0.6518 0.6786
2.0000 0.3676 0.0333 0.0255 -0.0531 0.6500 0.6997
2.2500 0.4197 0.0318 0.0240 -0.0552 0.6485 0.7250
2.5000 0.4789 0.0302 0.0226 -0.0585 0.6471 0.7524
2.7500 0.4630 0.0320 0.0245 -0.0524 0.6335 0.7730
3.0000 0.4471 0.0338 0.0264 -0.0464 0.6199 0.7936
3.2500 0.5623 0.0295 0.0221 -0.0559 0.6268 0.8323
3.5000 0.5746 0.0299 0.0226 -0.0527 0.6176 0.8664
3.7500 0.5869 0.0302 0.0230 -0.0495 0.6083 0.9006
4.0000 0.6956 0.0285 0.0211 -0.0611 0.6057 0.9281
4.2500 0.7034 0.0303 0.0230 -0.0596 0.5914 0.9628
4.5000 0.8217 0.0288 0.0214 -0.0741 0.5865 0.9721
4.7500 0.8799 0.0296 0.0222 -0.0810 0.5748 0.9908
5.0000 0.9668 0.0290 0.0214 -0.0916 0.5667 1.0000
