-5.0000 -0.2932 0.0288 0.0193 -0.0528 0.8672 0.2196
-4.7500 -0.2430 0.0276 0.0183 -0.0564 0.8628 0.2352
-4.5000 -0.2181 0.0270 0.0178 -0.0558 0.8510 0.2478
-4.2500 -0.1701 0.0257 0.0168 -0.0589 0.8452 0.2690
-4.0000 -0.1206 0.0243 0.0156 -0.0619 0.8411 0.3001
-3.7500 -0.1051 0.0238 0.0154 -0.0594 0.8264 0.3316
-3.5000 -0.0678 0.0224 0.0146 -0.0602 0.8213 0.4272
-3.2500 -0.0559 0.0220 0.0148 -0.0566 0.8073 0.5211
-3.0000 -0.0202 0.0214 0.0144 -0.0563 0.8010 0.5977
-2.7500 0.0007 0.0214 0.0144 -0.0539 0.7884 0.6382
-2.5000 0.0360 0.0210 0.0141 -0.0535 0.7803 0.6764
-2.2500 0.0629 0.0209 0.0140 -0.0520 0.7690 0.7048
-2.0000 0.0948 0.0206 0.0137 -0.0512 0.7585 0.7318
-1.7500 0.1232 0.0205 0.0136 -0.0499 0.7468 0.7552
-1.5000 0.1541 0.0203 0.0133 -0.0490 0.7359 0.7802
-1.2500 0.1814 0.0204 0.0134 -0.0475 0.7229 0.8016
-1.0000 0.2194 0.0203 0.0133 -0.0475 0.7126 0.8233
-0.7500 0.2465 0.0205 0.0134 -0.0461 0.6978 0.8430
-0.5000 0.2837 0.0207 0.0134 -0.0464 0.6848 0.8612
-0.2500 0.3276 0.0208 0.0134 -0.0480 0.6716 0.8780
0.0000 0.3696 0.0210 0.0136 -0.0496 0.6556 0.8946
0.2500 0.4191 0.0213 0.0137 -0.0527 0.6394 0.9098
0.5000 0.4721 0.0215 0.0137 -0.0569 0.6227 0.9235
0.7500 0.5201 0.0216 0.0137 -0.0605 0.6056 0.9373
1.0000 0.5717 0.0217 0.0136 -0.0650 0.5884 0.9481
1.2500 0.6194 0.0218 0.0135 -0.0690 0.5730 0.9591
1.5000 0.6647 0.0218 0.0133 -0.0727 0.5598 0.9714
1.7500 0.7150 0.0219 0.0134 -0.0777 0.5444 0.9816
2.0000 0.7649 0.0221 0.0134 -0.0826 0.5319 0.9926
2.2500 0.8072 0.0221 0.0133 -0.0862 0.5204 1.0000
2.5000 0.8234 0.0223 0.0134 -0.0850 0.5125 1.0000
2.7500 0.8364 0.0226 0.0137 -0.0831 0.5037 1.0000
3.0000 0.8550 0.0227 0.0137 -0.0820 0.4964 1.0000
3.2500 0.8682 0.0231 0.0140 -0.0800 0.4890 1.0000
3.5000 0.8803 0.0234 0.0144 -0.0778 0.4814 1.0000
3.7500 0.8985 0.0237 0.0145 -0.0764 0.4751 1.0000
4.0000 0.9165 0.0241 0.0149 -0.0750 0.4695 1.0000
4.2500 0.9249 0.0246 0.0155 -0.0720 0.4631 1.0000
4.5000 0.9398 0.0250 0.0159 -0.0700 0.4572 1.0000
4.7500 0.9618 0.0254 0.0161 -0.0691 0.4520 1.0000
5.0000 0.9791 0.0260 0.0167 -0.0675 0.4472 1.0000
