-5.0000 -0.6038 0.0153 0.0081 0.0006 0.9810 0.3197
-4.7500 -0.5641 0.0150 0.0079 -0.0021 0.9754 0.3443
-4.5000 -0.5209 0.0148 0.0078 -0.0054 0.9712 0.3715
-4.2500 -0.4875 0.0146 0.0076 -0.0067 0.9628 0.3962
-4.0000 -0.4463 0.0143 0.0075 -0.0095 0.9571 0.4213
-3.7500 -0.4037 0.0140 0.0073 -0.0124 0.9523 0.4468
-3.5000 -0.3700 0.0138 0.0071 -0.0136 0.9434 0.4692
-3.2500 -0.3267 0.0135 0.0069 -0.0166 0.9393 0.4930
-3.0000 -0.2921 0.0133 0.0068 -0.0178 0.9314 0.5161
-2.7500 -0.2544 0.0130 0.0066 -0.0194 0.9244 0.5393
-2.5000 -0.2202 0.0127 0.0064 -0.0203 0.9160 0.5634
-2.2500 -0.1867 0.0123 0.0061 -0.0209 0.9071 0.5861
-2.0000 -0.1573 0.0121 0.0060 -0.0207 0.8966 0.6087
-1.7500 -0.1251 0.0118 0.0058 -0.0210 0.8887 0.6328
-1.5000 -0.0991 0.0117 0.0057 -0.0201 0.8762 0.6545
-1.2500 -0.0710 0.0115 0.0056 -0.0195 0.8653 0.6764
-1.0000 -0.0423 0.0113 0.0055 -0.0191 0.8542 0.6978
-0.7500 -0.0165 0.0112 0.0054 -0.0181 0.8395 0.7186
-0.5000 0.0100 0.0111 0.0053 -0.0171 0.8249 0.7395
-0.2500 0.0366 0.0110 0.0053 -0.0161 0.8099 0.7616
0.0000 0.0626 0.0109 0.0053 -0.0150 0.7943 0.7846
0.2500 0.0889 0.0109 0.0053 -0.0139 0.7788 0.8067
0.5000 0.1156 0.0109 0.0053 -0.0130 0.7625 0.8255
0.7500 0.1423 0.0110 0.0053 -0.0120 0.7451 0.8433
1.0000 0.1690 0.0111 0.0054 -0.0111 0.7263 0.8608
1.2500 0.1963 0.0112 0.0055 -0.0102 0.7078 0.8777
1.5000 0.2248 0.0114 0.0056 -0.0096 0.6896 0.8935
1.7500 0.2549 0.0115 0.0057 -0.0094 0.6721 0.9079
2.0000 0.2855 0.0118 0.0058 -0.0093 0.6546 0.9214
2.2500 0.3228 0.0120 0.0060 -0.0108 0.6324 0.9304
2.5000 0.3587 0.0122 0.0061 -0.0119 0.6101 0.9406
2.7500 0.3993 0.0124 0.0063 -0.0142 0.5867 0.9488
3.0000 0.4398 0.0127 0.0064 -0.0167 0.5645 0.9568
3.2500 0.4834 0.0129 0.0065 -0.0198 0.5425 0.9633
3.5000 0.5217 0.0131 0.0066 -0.0219 0.5191 0.9724
3.7500 0.5666 0.0133 0.0067 -0.0254 0.4933 0.9783
4.0000 0.6066 0.0135 0.0068 -0.0281 0.4697 0.9864
4.2500 0.6497 0.0137 0.0069 -0.0314 0.4449 0.9924
4.5000 0.6930 0.0138 0.0070 -0.0349 0.4186 0.9986
4.7500 0.7176 0.0140 0.0071 -0.0347 0.3976 1.0000
5.0000 0.7363 0.0141 0.0072 -0.0332 0.3783 1.0000
