-5.0000 -0.4439 0.0175 0.0101 -0.0281 0.8478 0.4035
-4.7500 -0.4154 0.0172 0.0098 -0.0279 0.8398 0.4124
-4.5000 -0.3939 0.0170 0.0096 -0.0265 0.8286 0.4215
-4.2500 -0.3645 0.0167 0.0093 -0.0265 0.8201 0.4301
-4.0000 -0.3424 0.0165 0.0091 -0.0252 0.8082 0.4397
-3.7500 -0.3162 0.0163 0.0089 -0.0247 0.7972 0.4480
-3.5000 -0.2896 0.0161 0.0086 -0.0241 0.7883 0.4583
-3.2500 -0.2655 0.0160 0.0086 -0.0232 0.7764 0.4674
-3.0000 -0.2420 0.0159 0.0084 -0.0222 0.7653 0.4786
-2.7500 -0.2143 0.0157 0.0082 -0.0218 0.7547 0.4886
-2.5000 -0.1915 0.0156 0.0081 -0.0207 0.7419 0.4989
-2.2500 -0.1657 0.0155 0.0080 -0.0200 0.7309 0.5087
-2.0000 -0.1392 0.0154 0.0079 -0.0195 0.7201 0.5193
-1.7500 -0.1158 0.0153 0.0078 -0.0184 0.7076 0.5302
-1.5000 -0.0897 0.0152 0.0077 -0.0179 0.6968 0.5407
-1.2500 -0.0652 0.0152 0.0076 -0.0170 0.6858 0.5523
-1.0000 -0.0394 0.0151 0.0077 -0.0164 0.6748 0.5623
-0.7500 -0.0136 0.0151 0.0076 -0.0158 0.6650 0.5739
-0.5000 0.0118 0.0150 0.0076 -0.0151 0.6536 0.5843
-0.2500 0.0363 0.0150 0.0075 -0.0143 0.6422 0.5953
0.0000 0.0621 0.0150 0.0075 -0.0137 0.6321 0.6070
0.2500 0.0872 0.0150 0.0075 -0.0130 0.6208 0.6177
0.5000 0.1121 0.0150 0.0075 -0.0122 0.6104 0.6298
0.7500 0.1370 0.0150 0.0075 -0.0114 0.6005 0.6433
1.0000 0.1617 0.0151 0.0076 -0.0106 0.5899 0.6555
1.2500 0.1879 0.0151 0.0076 -0.0100 0.5800 0.6682
1.5000 0.2113 0.0151 0.0077 -0.0090 0.5690 0.6806
1.7500 0.2376 0.0152 0.0077 -0.0085 0.5593 0.6929
2.0000 0.2606 0.0152 0.0079 -0.0073 0.5483 0.7055
2.2500 0.2866 0.0153 0.0079 -0.0067 0.5383 0.7187
2.5000 0.3090 0.0154 0.0080 -0.0055 0.5272 0.7318
2.7500 0.3352 0.0155 0.0081 -0.0049 0.5178 0.7449
3.0000 0.3569 0.0156 0.0082 -0.0035 0.5073 0.7591
3.2500 0.3838 0.0157 0.0084 -0.0030 0.4981 0.7718
3.5000 0.4064 0.0159 0.0086 -0.0018 0.4879 0.7850
3.7500 0.4321 0.0161 0.0088 -0.0011 0.4790 0.7980
4.0000 0.4540 0.0162 0.0090 0.0003 0.4694 0.8116
4.2500 0.4781 0.0164 0.0091 0.0013 0.4600 0.8244
4.5000 0.5017 0.0166 0.0094 0.0023 0.4501 0.8357
4.7500 0.5246 0.0169 0.0096 0.0036 0.4406 0.8484
5.0000 0.5475 0.0172 0.0098 0.0049 0.4311 0.8611
