-5.0000 -0.4369 0.0417 0.0329 -0.0627 0.8395 0.3345
-4.7500 -0.4267 0.0418 0.0330 -0.0604 0.8293 0.3410
-4.5000 -0.3910 0.0416 0.0328 -0.0618 0.8235 0.3498
-4.2500 -0.3455 0.0413 0.0324 -0.0648 0.8201 0.3615
-4.0000 -0.3426 0.0417 0.0330 -0.0614 0.8085 0.3663
-3.7500 -0.3044 0.0416 0.0328 -0.0631 0.8036 0.3774
-3.5000 -0.2581 0.0414 0.0327 -0.0657 0.8005 0.3876
-3.2500 -0.2580 0.0418 0.0331 -0.0622 0.7876 0.3947
-3.0000 -0.2186 0.0416 0.0329 -0.0639 0.7833 0.4045
-2.7500 -0.1952 0.0416 0.0330 -0.0635 0.7750 0.4135
-2.5000 -0.1719 0.0417 0.0330 -0.0631 0.7666 0.4225
-2.2500 -0.1288 0.0413 0.0326 -0.0650 0.7626 0.4347
-2.0000 -0.0825 0.0407 0.0321 -0.0673 0.7601 0.4463
-1.7500 -0.0884 0.0418 0.0332 -0.0633 0.7457 0.4534
-1.5000 -0.0475 0.0414 0.0328 -0.0650 0.7421 0.4645
-1.2500 -0.0132 0.0412 0.0326 -0.0660 0.7369 0.4772
-1.0000 -0.0041 0.0418 0.0333 -0.0635 0.7249 0.4840
-0.7500 0.0395 0.0411 0.0326 -0.0654 0.7214 0.4986
-0.5000 0.0853 0.0404 0.0319 -0.0671 0.7193 0.5113
-0.2500 0.1029 0.0408 0.0324 -0.0659 0.7101 0.5219
0.0000 0.1206 0.0412 0.0328 -0.0646 0.7008 0.5325
0.2500 0.1669 0.0402 0.0319 -0.0665 0.6989 0.5466
0.5000 0.1836 0.0407 0.0324 -0.0652 0.6895 0.5575
0.7500 0.2004 0.0412 0.0329 -0.0639 0.6801 0.5685
1.0000 0.2476 0.0400 0.0317 -0.0657 0.6783 0.5842
1.2500 0.2950 0.0387 0.0305 -0.0675 0.6769 0.6005
1.5000 0.3110 0.0392 0.0311 -0.0660 0.6675 0.6131
1.7500 0.3271 0.0397 0.0316 -0.0644 0.6581 0.6257
2.0000 0.3432 0.0402 0.0322 -0.0629 0.6487 0.6382
2.2500 0.3592 0.0407 0.0328 -0.0613 0.6393 0.6508
2.5000 0.4053 0.0391 0.0312 -0.0624 0.6378 0.6686
2.7500 0.4539 0.0373 0.0294 -0.0638 0.6365 0.6879
3.0000 0.5060 0.0355 0.0276 -0.0657 0.6355 0.7081
3.2500 0.5624 0.0336 0.0258 -0.0685 0.6345 0.7290
3.5000 0.5730 0.0342 0.0265 -0.0660 0.6249 0.7470
3.7500 0.5836 0.0348 0.0272 -0.0634 0.6153 0.7649
4.0000 0.6439 0.0326 0.0250 -0.0663 0.6141 0.7917
4.2500 0.6559 0.0328 0.0254 -0.0635 0.6046 0.8164
4.5000 0.6678 0.0331 0.0257 -0.0606 0.5952 0.8412
4.7500 0.7317 0.0308 0.0234 -0.0636 0.5932 0.8793
5.0000 0.6937 0.0338 0.0266 -0.0551 0.5769 0.9232
