-5.0000 -0.0183 0.0130 0.0067 -0.1377 0.8979 0.2140
-4.7500 -0.0019 0.0130 0.0068 -0.1354 0.8913 0.2247
-4.5000 0.0265 0.0128 0.0066 -0.1355 0.8877 0.2375
-4.2500 0.0586 0.0125 0.0064 -0.1363 0.8852 0.2522
-4.0000 0.0920 0.0123 0.0062 -0.1373 0.8831 0.2687
-3.7500 0.1268 0.0120 0.0059 -0.1386 0.8813 0.2844
-3.5000 0.1626 0.0117 0.0056 -0.1401 0.8794 0.2998
-3.2500 0.1878 0.0116 0.0056 -0.1395 0.8746 0.3131
-3.0000 0.2127 0.0115 0.0055 -0.1388 0.8692 0.3265
-2.7500 0.2436 0.0112 0.0053 -0.1393 0.8658 0.3413
-2.5000 0.2768 0.0110 0.0052 -0.1402 0.8632 0.3571
-2.2500 0.3113 0.0108 0.0050 -0.1414 0.8607 0.3736
-2.0000 0.3399 0.0107 0.0049 -0.1414 0.8563 0.3893
-1.7500 0.3650 0.0106 0.0049 -0.1407 0.8502 0.4040
-1.5000 0.3966 0.0104 0.0047 -0.1412 0.8458 0.4197
-1.2500 0.4301 0.0102 0.0045 -0.1422 0.8422 0.4369
-1.0000 0.4599 0.0101 0.0045 -0.1424 0.8377 0.4546
-0.7500 0.4845 0.0100 0.0045 -0.1416 0.8305 0.4713
-0.5000 0.5160 0.0099 0.0043 -0.1421 0.8246 0.4884
-0.2500 0.5456 0.0097 0.0042 -0.1422 0.8182 0.5040
0.0000 0.5718 0.0097 0.0042 -0.1416 0.8105 0.5194
0.2500 0.6033 0.0095 0.0041 -0.1421 0.8046 0.5357
0.5000 0.6292 0.0095 0.0041 -0.1415 0.7963 0.5510
0.7500 0.6584 0.0094 0.0040 -0.1415 0.7870 0.5667
1.0000 0.6835 0.0094 0.0040 -0.1407 0.7756 0.5819
1.2500 0.7130 0.0094 0.0040 -0.1408 0.7657 0.5975
1.5000 0.7379 0.0093 0.0040 -0.1399 0.7539 0.6114
1.7500 0.7637 0.0094 0.0040 -0.1393 0.7416 0.6261
2.0000 0.7895 0.0094 0.0041 -0.1387 0.7281 0.6408
2.2500 0.8143 0.0094 0.0041 -0.1378 0.7122 0.6562
2.5000 0.8375 0.0095 0.0041 -0.1366 0.6929 0.6720
2.7500 0.8600 0.0096 0.0042 -0.1353 0.6721 0.6871
3.0000 0.8814 0.0097 0.0043 -0.1338 0.6498 0.7030
3.2500 0.9018 0.0099 0.0044 -0.1321 0.6271 0.7197
3.5000 0.9218 0.0101 0.0046 -0.1304 0.6057 0.7381
3.7500 0.9420 0.0103 0.0047 -0.1287 0.5868 0.7586
4.0000 0.9618 0.0105 0.0050 -0.1270 0.5704 0.7841
4.2500 0.9797 0.0106 0.0052 -0.1248 0.5533 0.8219
4.5000 0.9918 0.0106 0.0053 -0.1211 0.5373 0.9379
4.7500 1.0121 0.0109 0.0055 -0.1196 0.5187 1.0000
5.0000 1.0310 0.0112 0.0058 -0.1179 0.5016 1.0000
