-5.0000 -0.0206 0.0131 0.0068 -0.1354 0.8815 0.2436
-4.7500 0.0146 0.0128 0.0066 -0.1369 0.8801 0.2549
-4.5000 0.0313 0.0128 0.0066 -0.1346 0.8736 0.2641
-4.2500 0.0599 0.0126 0.0065 -0.1347 0.8698 0.2752
-4.0000 0.0929 0.0123 0.0062 -0.1356 0.8670 0.2869
-3.7500 0.1288 0.0120 0.0059 -0.1371 0.8647 0.3000
-3.5000 0.1659 0.0117 0.0056 -0.1388 0.8623 0.3141
-3.2500 0.1860 0.0117 0.0056 -0.1371 0.8556 0.3245
-3.0000 0.2162 0.0115 0.0054 -0.1374 0.8513 0.3365
-2.7500 0.2501 0.0112 0.0052 -0.1385 0.8481 0.3493
-2.5000 0.2856 0.0110 0.0050 -0.1399 0.8453 0.3626
-2.2500 0.3074 0.0110 0.0050 -0.1385 0.8387 0.3750
-2.0000 0.3379 0.0108 0.0049 -0.1389 0.8343 0.3887
-1.7500 0.3719 0.0106 0.0047 -0.1400 0.8307 0.4023
-1.5000 0.3984 0.0106 0.0047 -0.1396 0.8250 0.4153
-1.2500 0.4261 0.0104 0.0046 -0.1393 0.8186 0.4281
-1.0000 0.4597 0.0103 0.0044 -0.1403 0.8136 0.4421
-0.7500 0.4829 0.0102 0.0045 -0.1392 0.8055 0.4545
-0.5000 0.5128 0.0101 0.0043 -0.1394 0.7987 0.4677
-0.2500 0.5400 0.0100 0.0043 -0.1390 0.7909 0.4820
0.0000 0.5676 0.0100 0.0043 -0.1387 0.7826 0.4971
0.2500 0.5950 0.0099 0.0043 -0.1384 0.7736 0.5113
0.5000 0.6224 0.0098 0.0042 -0.1381 0.7647 0.5255
0.7500 0.6476 0.0098 0.0042 -0.1374 0.7532 0.5394
1.0000 0.6746 0.0098 0.0042 -0.1370 0.7411 0.5538
1.2500 0.6999 0.0098 0.0042 -0.1362 0.7283 0.5679
1.5000 0.7237 0.0098 0.0042 -0.1352 0.7145 0.5812
1.7500 0.7477 0.0099 0.0043 -0.1342 0.6995 0.5949
2.0000 0.7707 0.0100 0.0043 -0.1330 0.6826 0.6089
2.2500 0.7931 0.0101 0.0044 -0.1317 0.6650 0.6224
2.5000 0.8150 0.0103 0.0045 -0.1303 0.6474 0.6351
2.7500 0.8359 0.0104 0.0046 -0.1288 0.6296 0.6467
3.0000 0.8560 0.0106 0.0047 -0.1271 0.6119 0.6589
3.2500 0.8754 0.0108 0.0049 -0.1253 0.5958 0.6716
3.5000 0.8940 0.0110 0.0051 -0.1233 0.5802 0.6847
3.7500 0.9126 0.0112 0.0053 -0.1214 0.5650 0.6994
4.0000 0.9316 0.0114 0.0055 -0.1196 0.5505 0.7145
4.2500 0.9512 0.0117 0.0057 -0.1179 0.5362 0.7302
4.5000 0.9710 0.0119 0.0059 -0.1163 0.5226 0.7473
4.7500 0.9905 0.0121 0.0062 -0.1147 0.5098 0.7694
5.0000 1.0100 0.0123 0.0065 -0.1130 0.4971 0.7915
