-5.0000 -0.0174 0.0135 0.0071 -0.1293 0.8309 0.2978
-4.7500 0.0171 0.0133 0.0069 -0.1306 0.8277 0.3055
-4.5000 0.0311 0.0133 0.0069 -0.1278 0.8207 0.3115
-4.2500 0.0597 0.0130 0.0067 -0.1279 0.8160 0.3186
-4.0000 0.0943 0.0128 0.0064 -0.1291 0.8121 0.3266
-3.7500 0.1296 0.0126 0.0062 -0.1305 0.8079 0.3341
-3.5000 0.1447 0.0125 0.0062 -0.1279 0.8000 0.3403
-3.2500 0.1781 0.0123 0.0060 -0.1289 0.7948 0.3478
-3.0000 0.2115 0.0122 0.0058 -0.1299 0.7895 0.3554
-2.7500 0.2282 0.0121 0.0058 -0.1275 0.7812 0.3624
-2.5000 0.2559 0.0120 0.0056 -0.1273 0.7742 0.3699
-2.2500 0.2886 0.0118 0.0055 -0.1281 0.7677 0.3785
-2.0000 0.3060 0.0118 0.0054 -0.1259 0.7582 0.3854
-1.7500 0.3391 0.0117 0.0053 -0.1268 0.7508 0.3940
-1.5000 0.3557 0.0116 0.0053 -0.1244 0.7403 0.4017
-1.2500 0.3879 0.0115 0.0051 -0.1251 0.7319 0.4106
-1.0000 0.4031 0.0115 0.0052 -0.1224 0.7202 0.4190
-0.7500 0.4293 0.0115 0.0051 -0.1220 0.7104 0.4280
-0.5000 0.4474 0.0115 0.0051 -0.1199 0.6989 0.4364
-0.2500 0.4675 0.0115 0.0051 -0.1182 0.6878 0.4443
0.0000 0.4868 0.0115 0.0051 -0.1164 0.6754 0.4523
0.2500 0.5061 0.0116 0.0051 -0.1145 0.6630 0.4604
0.5000 0.5263 0.0117 0.0052 -0.1129 0.6508 0.4686
0.7500 0.5494 0.0118 0.0052 -0.1119 0.6391 0.4779
1.0000 0.5684 0.0119 0.0053 -0.1102 0.6265 0.4863
1.2500 0.5904 0.0121 0.0054 -0.1090 0.6150 0.4953
1.5000 0.6113 0.0122 0.0056 -0.1076 0.6032 0.5046
1.7500 0.6325 0.0124 0.0058 -0.1063 0.5921 0.5137
2.0000 0.6540 0.0126 0.0059 -0.1051 0.5809 0.5229
2.2500 0.6754 0.0128 0.0061 -0.1040 0.5707 0.5320
2.5000 0.6966 0.0130 0.0063 -0.1027 0.5602 0.5423
2.7500 0.7178 0.0132 0.0065 -0.1015 0.5508 0.5520
3.0000 0.7386 0.0135 0.0067 -0.1003 0.5409 0.5628
3.2500 0.7600 0.0137 0.0070 -0.0991 0.5318 0.5725
3.5000 0.7805 0.0139 0.0072 -0.0979 0.5221 0.5827
3.7500 0.8011 0.0142 0.0075 -0.0966 0.5129 0.5932
4.0000 0.8219 0.0145 0.0078 -0.0955 0.5043 0.6032
4.2500 0.8422 0.0148 0.0080 -0.0942 0.4953 0.6139
4.5000 0.8629 0.0150 0.0083 -0.0931 0.4869 0.6233
4.7500 0.8829 0.0154 0.0087 -0.0918 0.4782 0.6332
5.0000 0.9028 0.0157 0.0090 -0.0906 0.4698 0.6430
