-5.0000 -0.2310 0.0206 0.0129 -0.0917 0.8802 0.2517
-4.7500 -0.1917 0.0202 0.0126 -0.0938 0.8781 0.2675
-4.5000 -0.1524 0.0198 0.0123 -0.0959 0.8760 0.2833
-4.2500 -0.1114 0.0195 0.0120 -0.0983 0.8744 0.2995
-4.0000 -0.0696 0.0191 0.0116 -0.1009 0.8732 0.3154
-3.7500 -0.0483 0.0190 0.0116 -0.0997 0.8658 0.3283
-3.5000 -0.0270 0.0189 0.0116 -0.0984 0.8584 0.3411
-3.2500 0.0142 0.0185 0.0112 -0.1006 0.8563 0.3581
-3.0000 0.0555 0.0180 0.0107 -0.1029 0.8544 0.3750
-2.7500 0.0978 0.0175 0.0103 -0.1052 0.8526 0.3928
-2.5000 0.1225 0.0174 0.0102 -0.1044 0.8453 0.4074
-2.2500 0.1473 0.0172 0.0101 -0.1036 0.8380 0.4221
-2.0000 0.1859 0.0168 0.0097 -0.1053 0.8353 0.4389
-1.7500 0.2262 0.0163 0.0093 -0.1073 0.8329 0.4565
-1.5000 0.2461 0.0163 0.0093 -0.1055 0.8235 0.4712
-1.2500 0.2801 0.0159 0.0090 -0.1063 0.8180 0.4898
-1.0000 0.3184 0.0155 0.0086 -0.1078 0.8142 0.5085
-0.7500 0.3522 0.0152 0.0084 -0.1086 0.8091 0.5265
-0.5000 0.3813 0.0150 0.0083 -0.1085 0.8019 0.5439
-0.2500 0.4105 0.0148 0.0081 -0.1084 0.7947 0.5613
0.0000 0.4410 0.0146 0.0080 -0.1086 0.7879 0.5788
0.2500 0.4663 0.0145 0.0079 -0.1077 0.7785 0.5964
0.5000 0.5030 0.0142 0.0076 -0.1089 0.7725 0.6159
0.7500 0.5251 0.0141 0.0076 -0.1075 0.7615 0.6342
1.0000 0.5583 0.0138 0.0074 -0.1080 0.7534 0.6546
1.2500 0.5828 0.0138 0.0074 -0.1071 0.7427 0.6747
1.5000 0.6124 0.0136 0.0072 -0.1070 0.7333 0.6961
1.7500 0.6371 0.0135 0.0073 -0.1060 0.7227 0.7175
2.0000 0.6655 0.0134 0.0071 -0.1057 0.7126 0.7426
2.2500 0.6886 0.0133 0.0072 -0.1043 0.7005 0.7682
2.5000 0.7182 0.0131 0.0070 -0.1040 0.6898 0.7990
2.7500 0.7356 0.0131 0.0071 -0.1014 0.6758 0.8354
3.0000 0.7600 0.0130 0.0072 -0.1000 0.6642 0.8824
3.2500 0.7967 0.0130 0.0072 -0.1012 0.6514 0.9386
3.5000 0.8447 0.0131 0.0072 -0.1053 0.6353 0.9905
3.7500 0.8721 0.0132 0.0072 -0.1055 0.6208 1.0000
4.0000 0.8946 0.0134 0.0073 -0.1045 0.6073 1.0000
4.2500 0.9177 0.0136 0.0073 -0.1035 0.5933 1.0000
4.5000 0.9372 0.0138 0.0074 -0.1019 0.5783 1.0000
4.7500 0.9573 0.0140 0.0076 -0.1003 0.5636 1.0000
5.0000 0.9782 0.0143 0.0078 -0.0990 0.5495 1.0000
