-5.0000 -0.3774 0.0163 0.0087 -0.0457 0.9543 0.1977
-4.7500 -0.3462 0.0159 0.0084 -0.0465 0.9463 0.2181
-4.5000 -0.3085 0.0155 0.0081 -0.0486 0.9408 0.2421
-4.2500 -0.2661 0.0151 0.0078 -0.0515 0.9375 0.2694
-4.0000 -0.2265 0.0147 0.0075 -0.0540 0.9337 0.2959
-3.7500 -0.1984 0.0144 0.0073 -0.0539 0.9244 0.3207
-3.5000 -0.1604 0.0140 0.0070 -0.0559 0.9199 0.3518
-3.2500 -0.1295 0.0136 0.0068 -0.0563 0.9125 0.3828
-3.0000 -0.0980 0.0132 0.0065 -0.0568 0.9048 0.4166
-2.7500 -0.0654 0.0127 0.0062 -0.0574 0.8980 0.4552
-2.5000 -0.0378 0.0124 0.0060 -0.0569 0.8878 0.4941
-2.2500 -0.0102 0.0120 0.0058 -0.0564 0.8783 0.5380
-2.0000 0.0180 0.0117 0.0056 -0.0559 0.8693 0.5853
-1.7500 0.0428 0.0114 0.0055 -0.0548 0.8578 0.6319
-1.5000 0.0704 0.0111 0.0054 -0.0540 0.8482 0.6767
-1.2500 0.0957 0.0109 0.0053 -0.0528 0.8358 0.7176
-1.0000 0.1207 0.0108 0.0053 -0.0515 0.8227 0.7559
-0.7500 0.1471 0.0107 0.0052 -0.0503 0.8111 0.7922
-0.5000 0.1730 0.0106 0.0052 -0.0491 0.7982 0.8271
-0.2500 0.1989 0.0106 0.0052 -0.0478 0.7833 0.8577
0.0000 0.2267 0.0107 0.0052 -0.0469 0.7689 0.8848
0.2500 0.2591 0.0108 0.0052 -0.0469 0.7559 0.9077
0.5000 0.2928 0.0109 0.0053 -0.0475 0.7409 0.9281
0.7500 0.3314 0.0111 0.0054 -0.0491 0.7259 0.9440
1.0000 0.3724 0.0112 0.0054 -0.0514 0.7114 0.9572
1.2500 0.4178 0.0113 0.0054 -0.0547 0.6965 0.9683
1.5000 0.4658 0.0114 0.0055 -0.0587 0.6794 0.9777
1.7500 0.5108 0.0115 0.0055 -0.0622 0.6625 0.9888
2.0000 0.5610 0.0116 0.0054 -0.0668 0.6455 0.9971
2.2500 0.5924 0.0117 0.0054 -0.0678 0.6311 1.0000
2.5000 0.6136 0.0117 0.0054 -0.0668 0.6164 1.0000
2.7500 0.6351 0.0118 0.0054 -0.0657 0.6024 1.0000
3.0000 0.6569 0.0119 0.0054 -0.0646 0.5893 1.0000
3.2500 0.6781 0.0120 0.0055 -0.0634 0.5755 1.0000
3.5000 0.6997 0.0122 0.0056 -0.0623 0.5631 1.0000
3.7500 0.7217 0.0123 0.0057 -0.0611 0.5510 1.0000
4.0000 0.7429 0.0125 0.0058 -0.0598 0.5373 1.0000
4.2500 0.7638 0.0127 0.0059 -0.0584 0.5226 1.0000
4.5000 0.7846 0.0129 0.0061 -0.0570 0.5079 1.0000
4.7500 0.8057 0.0130 0.0062 -0.0557 0.4941 1.0000
5.0000 0.8266 0.0132 0.0064 -0.0543 0.4796 1.0000
