-5.0000 -0.4549 0.0129 0.0064 -0.0206 0.8713 0.3910
-4.7500 -0.4304 0.0127 0.0062 -0.0197 0.8600 0.4015
-4.5000 -0.4057 0.0125 0.0060 -0.0189 0.8485 0.4126
-4.2500 -0.3811 0.0123 0.0059 -0.0180 0.8366 0.4246
-4.0000 -0.3564 0.0122 0.0057 -0.0172 0.8244 0.4369
-3.7500 -0.3315 0.0120 0.0056 -0.0164 0.8120 0.4493
-3.5000 -0.3062 0.0119 0.0054 -0.0156 0.7991 0.4606
-3.2500 -0.2808 0.0118 0.0053 -0.0149 0.7860 0.4722
-3.0000 -0.2554 0.0117 0.0052 -0.0142 0.7726 0.4832
-2.7500 -0.2299 0.0116 0.0051 -0.0135 0.7590 0.4949
-2.5000 -0.2046 0.0115 0.0050 -0.0128 0.7453 0.5071
-2.2500 -0.1794 0.0114 0.0049 -0.0121 0.7313 0.5197
-2.0000 -0.1539 0.0114 0.0048 -0.0114 0.7177 0.5320
-1.7500 -0.1285 0.0113 0.0047 -0.0107 0.7037 0.5443
-1.5000 -0.1031 0.0113 0.0047 -0.0100 0.6895 0.5566
-1.2500 -0.0780 0.0112 0.0046 -0.0093 0.6749 0.5699
-1.0000 -0.0528 0.0112 0.0046 -0.0085 0.6612 0.5844
-0.7500 -0.0276 0.0112 0.0046 -0.0078 0.6479 0.5989
-0.5000 -0.0021 0.0112 0.0046 -0.0071 0.6353 0.6118
-0.2500 0.0234 0.0112 0.0046 -0.0065 0.6222 0.6250
0.0000 0.0490 0.0112 0.0046 -0.0058 0.6096 0.6381
0.2500 0.0746 0.0112 0.0046 -0.0052 0.5969 0.6511
0.5000 0.1002 0.0112 0.0046 -0.0046 0.5838 0.6641
0.7500 0.1255 0.0112 0.0047 -0.0039 0.5707 0.6776
1.0000 0.1509 0.0113 0.0047 -0.0032 0.5579 0.6914
1.2500 0.1760 0.0113 0.0047 -0.0025 0.5451 0.7059
1.5000 0.2011 0.0114 0.0048 -0.0017 0.5328 0.7206
1.7500 0.2264 0.0114 0.0049 -0.0010 0.5205 0.7346
2.0000 0.2514 0.0115 0.0049 -0.0003 0.5079 0.7490
2.2500 0.2765 0.0116 0.0050 0.0005 0.4957 0.7634
2.5000 0.3014 0.0117 0.0051 0.0013 0.4834 0.7776
2.7500 0.3261 0.0118 0.0052 0.0021 0.4717 0.7922
3.0000 0.3512 0.0120 0.0054 0.0028 0.4608 0.8054
3.2500 0.3764 0.0121 0.0055 0.0036 0.4489 0.8189
3.5000 0.4012 0.0122 0.0057 0.0044 0.4379 0.8324
3.7500 0.4260 0.0124 0.0059 0.0052 0.4272 0.8449
4.0000 0.4504 0.0126 0.0060 0.0060 0.4165 0.8575
4.2500 0.4738 0.0128 0.0062 0.0071 0.4062 0.8707
4.5000 0.4985 0.0130 0.0065 0.0080 0.3954 0.8821
4.7500 0.5232 0.0133 0.0067 0.0088 0.3846 0.8931
5.0000 0.5472 0.0135 0.0069 0.0098 0.3741 0.9046
