-5.0000 -0.4541 0.0130 0.0065 -0.0203 0.8601 0.3926
-4.7500 -0.4300 0.0128 0.0063 -0.0194 0.8486 0.4042
-4.5000 -0.4055 0.0126 0.0062 -0.0185 0.8371 0.4154
-4.2500 -0.3809 0.0125 0.0060 -0.0177 0.8253 0.4264
-4.0000 -0.3560 0.0123 0.0059 -0.0169 0.8131 0.4369
-3.7500 -0.3309 0.0122 0.0057 -0.0161 0.8008 0.4477
-3.5000 -0.3058 0.0121 0.0055 -0.0154 0.7880 0.4586
-3.2500 -0.2806 0.0120 0.0054 -0.0147 0.7747 0.4695
-3.0000 -0.2554 0.0119 0.0053 -0.0139 0.7613 0.4811
-2.7500 -0.2303 0.0118 0.0052 -0.0131 0.7474 0.4933
-2.5000 -0.2049 0.0117 0.0051 -0.0125 0.7342 0.5051
-2.2500 -0.1795 0.0116 0.0050 -0.0118 0.7211 0.5167
-2.0000 -0.1540 0.0116 0.0049 -0.0111 0.7080 0.5282
-1.7500 -0.1286 0.0115 0.0049 -0.0105 0.6947 0.5395
-1.5000 -0.1031 0.0115 0.0048 -0.0098 0.6815 0.5513
-1.2500 -0.0777 0.0115 0.0048 -0.0091 0.6677 0.5631
-1.0000 -0.0525 0.0114 0.0047 -0.0084 0.6541 0.5757
-0.7500 -0.0274 0.0114 0.0047 -0.0077 0.6404 0.5887
-0.5000 -0.0024 0.0114 0.0047 -0.0069 0.6260 0.6020
-0.2500 0.0228 0.0114 0.0047 -0.0062 0.6129 0.6153
0.0000 0.0481 0.0114 0.0047 -0.0055 0.5999 0.6287
0.2500 0.0734 0.0114 0.0047 -0.0049 0.5874 0.6423
0.5000 0.0987 0.0114 0.0047 -0.0042 0.5751 0.6558
0.7500 0.1242 0.0115 0.0048 -0.0036 0.5633 0.6685
1.0000 0.1495 0.0115 0.0048 -0.0029 0.5515 0.6821
1.2500 0.1750 0.0115 0.0048 -0.0023 0.5398 0.6948
1.5000 0.2004 0.0116 0.0049 -0.0016 0.5283 0.7084
1.7500 0.2255 0.0117 0.0050 -0.0009 0.5171 0.7230
2.0000 0.2507 0.0117 0.0051 -0.0002 0.5055 0.7374
2.2500 0.2759 0.0118 0.0052 0.0005 0.4942 0.7510
2.5000 0.3009 0.0119 0.0053 0.0013 0.4828 0.7649
2.7500 0.3256 0.0120 0.0054 0.0021 0.4714 0.7793
3.0000 0.3502 0.0121 0.0055 0.0029 0.4600 0.7936
3.2500 0.3746 0.0123 0.0056 0.0038 0.4487 0.8075
3.5000 0.3989 0.0124 0.0058 0.0046 0.4375 0.8209
3.7500 0.4239 0.0126 0.0060 0.0054 0.4263 0.8330
4.0000 0.4485 0.0127 0.0062 0.0063 0.4154 0.8456
4.2500 0.4724 0.0129 0.0063 0.0072 0.4050 0.8587
4.5000 0.4954 0.0131 0.0065 0.0084 0.3955 0.8722
4.7500 0.5197 0.0134 0.0067 0.0093 0.3857 0.8833
5.0000 0.5440 0.0136 0.0070 0.0102 0.3758 0.8944
