-5.0000 -0.4336 0.0123 0.0058 -0.0267 0.7987 0.3561
-4.7500 -0.4095 0.0122 0.0057 -0.0259 0.7867 0.3645
-4.5000 -0.3853 0.0121 0.0056 -0.0251 0.7753 0.3731
-4.2500 -0.3612 0.0120 0.0054 -0.0243 0.7634 0.3814
-4.0000 -0.3369 0.0118 0.0053 -0.0235 0.7509 0.3900
-3.7500 -0.3125 0.0118 0.0051 -0.0227 0.7393 0.3992
-3.5000 -0.2880 0.0117 0.0050 -0.0220 0.7273 0.4089
-3.2500 -0.2635 0.0116 0.0049 -0.0212 0.7152 0.4180
-3.0000 -0.2391 0.0115 0.0048 -0.0205 0.7031 0.4269
-2.7500 -0.2143 0.0114 0.0047 -0.0198 0.6925 0.4366
-2.5000 -0.1894 0.0114 0.0047 -0.0191 0.6807 0.4467
-2.2500 -0.1643 0.0113 0.0046 -0.0184 0.6694 0.4567
-2.0000 -0.1395 0.0113 0.0046 -0.0177 0.6585 0.4662
-1.7500 -0.1145 0.0112 0.0045 -0.0171 0.6478 0.4756
-1.5000 -0.0895 0.0112 0.0045 -0.0164 0.6366 0.4857
-1.2500 -0.0646 0.0112 0.0044 -0.0157 0.6257 0.4963
-1.0000 -0.0399 0.0111 0.0044 -0.0150 0.6146 0.5075
-0.7500 -0.0154 0.0111 0.0044 -0.0142 0.6036 0.5194
-0.5000 0.0093 0.0111 0.0044 -0.0135 0.5927 0.5315
-0.2500 0.0341 0.0111 0.0044 -0.0128 0.5821 0.5434
0.0000 0.0591 0.0111 0.0044 -0.0121 0.5716 0.5549
0.2500 0.0841 0.0111 0.0044 -0.0114 0.5612 0.5661
0.5000 0.1090 0.0111 0.0044 -0.0108 0.5508 0.5776
0.7500 0.1338 0.0111 0.0044 -0.0101 0.5405 0.5893
1.0000 0.1585 0.0111 0.0044 -0.0093 0.5306 0.6013
1.2500 0.1834 0.0111 0.0045 -0.0086 0.5212 0.6137
1.5000 0.2083 0.0112 0.0045 -0.0080 0.5118 0.6264
1.7500 0.2330 0.0112 0.0046 -0.0072 0.5024 0.6386
2.0000 0.2575 0.0112 0.0046 -0.0065 0.4929 0.6518
2.2500 0.2819 0.0113 0.0047 -0.0057 0.4839 0.6658
2.5000 0.3064 0.0114 0.0048 -0.0049 0.4747 0.6783
2.7500 0.3309 0.0114 0.0049 -0.0042 0.4649 0.6920
3.0000 0.3550 0.0115 0.0049 -0.0033 0.4555 0.7058
3.2500 0.3788 0.0116 0.0050 -0.0025 0.4468 0.7202
3.5000 0.4028 0.0116 0.0051 -0.0016 0.4374 0.7342
3.7500 0.4268 0.0117 0.0053 -0.0008 0.4288 0.7482
4.0000 0.4502 0.0118 0.0054 0.0002 0.4202 0.7619
4.2500 0.4734 0.0120 0.0055 0.0012 0.4108 0.7750
4.5000 0.4967 0.0121 0.0057 0.0021 0.4015 0.7884
4.7500 0.5195 0.0122 0.0059 0.0032 0.3925 0.8022
5.0000 0.5418 0.0124 0.0060 0.0044 0.3840 0.8164
