-5.0000 0.0646 0.0157 0.0088 -0.1494 0.8442 0.2458
-4.7500 0.0844 0.0157 0.0088 -0.1479 0.8384 0.2537
-4.5000 0.1042 0.0157 0.0088 -0.1463 0.8327 0.2617
-4.2500 0.1376 0.0154 0.0085 -0.1473 0.8296 0.2716
-4.0000 0.1751 0.0151 0.0082 -0.1490 0.8271 0.2826
-3.7500 0.2135 0.0147 0.0079 -0.1510 0.8249 0.2932
-3.5000 0.2427 0.0146 0.0077 -0.1512 0.8208 0.3031
-3.2500 0.2610 0.0146 0.0078 -0.1492 0.8139 0.3119
-3.0000 0.2947 0.0143 0.0075 -0.1502 0.8099 0.3230
-2.7500 0.3324 0.0140 0.0072 -0.1520 0.8067 0.3350
-2.5000 0.3712 0.0138 0.0070 -0.1540 0.8038 0.3462
-2.2500 0.3850 0.0138 0.0071 -0.1511 0.7957 0.3553
-2.0000 0.4166 0.0136 0.0069 -0.1517 0.7907 0.3665
-1.7500 0.4539 0.0134 0.0066 -0.1534 0.7867 0.3793
-1.5000 0.4775 0.0133 0.0067 -0.1524 0.7801 0.3904
-1.2500 0.5043 0.0132 0.0066 -0.1520 0.7737 0.4015
-1.0000 0.5390 0.0131 0.0064 -0.1532 0.7689 0.4143
-0.7500 0.5651 0.0130 0.0064 -0.1527 0.7624 0.4258
-0.5000 0.5912 0.0129 0.0063 -0.1522 0.7554 0.4385
-0.2500 0.6256 0.0128 0.0062 -0.1534 0.7502 0.4524
0.0000 0.6479 0.0128 0.0062 -0.1521 0.7425 0.4638
0.2500 0.6772 0.0127 0.0062 -0.1523 0.7356 0.4768
0.5000 0.7045 0.0127 0.0061 -0.1520 0.7281 0.4903
0.7500 0.7283 0.0127 0.0062 -0.1510 0.7192 0.5026
1.0000 0.7548 0.0127 0.0061 -0.1506 0.7110 0.5149
1.2500 0.7794 0.0126 0.0062 -0.1498 0.7021 0.5272
1.5000 0.8061 0.0127 0.0062 -0.1494 0.6937 0.5403
1.7500 0.8295 0.0127 0.0062 -0.1484 0.6843 0.5540
2.0000 0.8531 0.0128 0.0063 -0.1474 0.6750 0.5682
2.2500 0.8774 0.0128 0.0063 -0.1466 0.6654 0.5835
2.5000 0.8975 0.0129 0.0065 -0.1450 0.6553 0.5980
2.7500 0.9240 0.0129 0.0065 -0.1446 0.6461 0.6132
3.0000 0.9398 0.0130 0.0066 -0.1421 0.6351 0.6279
3.2500 0.9635 0.0131 0.0067 -0.1412 0.6254 0.6438
3.5000 0.9800 0.0132 0.0069 -0.1388 0.6143 0.6595
3.7500 0.9992 0.0134 0.0071 -0.1371 0.6034 0.6769
4.0000 1.0203 0.0135 0.0072 -0.1357 0.5922 0.6961
4.2500 1.0372 0.0137 0.0075 -0.1336 0.5805 0.7186
4.5000 1.0572 0.0139 0.0077 -0.1321 0.5699 0.7466
4.7500 1.0735 0.0140 0.0080 -0.1298 0.5585 0.7844
5.0000 1.0852 0.0141 0.0083 -0.1263 0.5481 0.8613
