-5.0000 -0.6346 0.0172 0.0090 0.0116 1.0000 0.3899
-4.7500 -0.6157 0.0168 0.0087 0.0132 1.0000 0.4229
-4.5000 -0.5964 0.0165 0.0085 0.0149 1.0000 0.4542
-4.2500 -0.5767 0.0162 0.0084 0.0165 1.0000 0.4859
-4.0000 -0.5569 0.0159 0.0082 0.0180 1.0000 0.5190
-3.7500 -0.5370 0.0157 0.0081 0.0196 1.0000 0.5521
-3.5000 -0.5167 0.0155 0.0081 0.0212 1.0000 0.5841
-3.2500 -0.4962 0.0154 0.0081 0.0228 1.0000 0.6156
-3.0000 -0.4753 0.0153 0.0081 0.0243 1.0000 0.6459
-2.7500 -0.4544 0.0152 0.0081 0.0257 1.0000 0.6769
-2.5000 -0.4339 0.0152 0.0083 0.0273 1.0000 0.7075
-2.2500 -0.4142 0.0153 0.0084 0.0291 1.0000 0.7380
-2.0000 -0.3952 0.0154 0.0087 0.0311 1.0000 0.7693
-1.7500 -0.3771 0.0156 0.0089 0.0331 1.0000 0.8007
-1.5000 -0.3589 0.0158 0.0092 0.0352 1.0000 0.8302
-1.2500 -0.3400 0.0161 0.0096 0.0371 1.0000 0.8603
-1.0000 -0.2888 0.0167 0.0102 0.0331 0.9904 0.8907
-0.7500 -0.2297 0.0173 0.0108 0.0277 0.9803 0.9142
-0.5000 -0.1567 0.0179 0.0113 0.0192 0.9725 0.9312
-0.2500 -0.0848 0.0182 0.0115 0.0108 0.9612 0.9434
0.0000 0.0001 0.0183 0.0116 -0.0001 0.9547 0.9526
0.2500 0.0816 0.0182 0.0115 -0.0103 0.9436 0.9612
0.5000 0.1558 0.0179 0.0113 -0.0190 0.9309 0.9724
0.7500 0.2294 0.0174 0.0108 -0.0277 0.9146 0.9803
1.0000 0.2875 0.0168 0.0103 -0.0331 0.8916 0.9903
1.2500 0.3402 0.0162 0.0097 -0.0373 0.8616 1.0000
1.5000 0.3589 0.0158 0.0092 -0.0353 0.8311 1.0000
1.7500 0.3766 0.0156 0.0089 -0.0331 0.7997 1.0000
2.0000 0.3948 0.0154 0.0087 -0.0310 0.7687 1.0000
2.2500 0.4139 0.0153 0.0084 -0.0291 0.7387 1.0000
2.5000 0.4338 0.0152 0.0083 -0.0273 0.7084 1.0000
2.7500 0.4543 0.0153 0.0082 -0.0258 0.6772 1.0000
3.0000 0.4752 0.0153 0.0081 -0.0243 0.6473 1.0000
3.2500 0.4960 0.0154 0.0081 -0.0227 0.6163 1.0000
3.5000 0.5163 0.0155 0.0081 -0.0212 0.5839 1.0000
3.7500 0.5365 0.0157 0.0082 -0.0196 0.5510 1.0000
4.0000 0.5565 0.0159 0.0083 -0.0180 0.5177 1.0000
4.2500 0.5763 0.0162 0.0084 -0.0164 0.4854 1.0000
4.5000 0.5959 0.0165 0.0085 -0.0148 0.4538 1.0000
4.7500 0.6152 0.0168 0.0088 -0.0132 0.4209 1.0000
5.0000 0.6341 0.0172 0.0090 -0.0115 0.3891 1.0000
