-5.0000 -0.0879 0.0173 0.0095 -0.1032 0.8778 0.1767
-4.7500 -0.0560 0.0169 0.0091 -0.1038 0.8725 0.1882
-4.5000 -0.0310 0.0165 0.0088 -0.1030 0.8633 0.1990
-4.2500 0.0029 0.0160 0.0083 -0.1039 0.8584 0.2123
-4.0000 0.0284 0.0157 0.0081 -0.1032 0.8494 0.2251
-3.7500 0.0586 0.0154 0.0077 -0.1034 0.8421 0.2400
-3.5000 0.0894 0.0150 0.0074 -0.1037 0.8352 0.2559
-3.2500 0.1151 0.0148 0.0072 -0.1030 0.8249 0.2718
-3.0000 0.1476 0.0144 0.0069 -0.1036 0.8185 0.2898
-2.7500 0.1714 0.0142 0.0067 -0.1026 0.8070 0.3066
-2.5000 0.2026 0.0139 0.0064 -0.1029 0.7992 0.3275
-2.2500 0.2273 0.0138 0.0063 -0.1021 0.7875 0.3495
-2.0000 0.2569 0.0135 0.0061 -0.1022 0.7788 0.3739
-1.7500 0.2814 0.0133 0.0060 -0.1014 0.7670 0.4005
-1.5000 0.3102 0.0130 0.0058 -0.1013 0.7578 0.4341
-1.2500 0.3339 0.0128 0.0057 -0.1004 0.7458 0.4769
-1.0000 0.3611 0.0125 0.0056 -0.1000 0.7365 0.5405
-0.7500 0.3835 0.0123 0.0057 -0.0986 0.7246 0.6137
-0.5000 0.4094 0.0121 0.0057 -0.0976 0.7153 0.6876
-0.2500 0.4307 0.0120 0.0058 -0.0958 0.7038 0.7550
0.0000 0.4558 0.0119 0.0059 -0.0944 0.6947 0.8195
0.2500 0.4810 0.0120 0.0060 -0.0930 0.6839 0.8765
0.5000 0.5170 0.0121 0.0060 -0.0939 0.6745 0.9201
0.7500 0.5570 0.0122 0.0061 -0.0960 0.6631 0.9521
1.0000 0.6064 0.0124 0.0061 -0.1001 0.6532 0.9744
1.2500 0.6592 0.0125 0.0062 -0.1053 0.6417 0.9907
1.5000 0.7087 0.0126 0.0062 -0.1098 0.6330 1.0000
1.7500 0.7263 0.0127 0.0063 -0.1081 0.6235 1.0000
2.0000 0.7482 0.0129 0.0063 -0.1070 0.6154 1.0000
2.2500 0.7684 0.0130 0.0064 -0.1056 0.6067 1.0000
2.5000 0.7901 0.0132 0.0065 -0.1045 0.5983 1.0000
2.7500 0.8129 0.0134 0.0066 -0.1035 0.5904 1.0000
3.0000 0.8339 0.0135 0.0067 -0.1022 0.5817 1.0000
3.2500 0.8590 0.0138 0.0068 -0.1016 0.5743 1.0000
3.5000 0.8790 0.0139 0.0070 -0.1001 0.5657 1.0000
3.7500 0.9038 0.0141 0.0071 -0.0995 0.5587 1.0000
4.0000 0.9265 0.0144 0.0073 -0.0985 0.5514 1.0000
4.2500 0.9503 0.0146 0.0075 -0.0977 0.5441 1.0000
4.5000 0.9755 0.0148 0.0077 -0.0972 0.5373 1.0000
4.7500 0.9977 0.0150 0.0079 -0.0961 0.5290 1.0000
5.0000 1.0251 0.0153 0.0081 -0.0960 0.5222 1.0000
