-5.0000 -0.1539 0.0292 0.0198 -0.0638 0.8195 0.1935
-4.7500 -0.1110 0.0279 0.0186 -0.0658 0.8154 0.2071
-4.5000 -0.0857 0.0271 0.0180 -0.0650 0.8065 0.2220
-4.2500 -0.0631 0.0263 0.0175 -0.0637 0.7971 0.2421
-4.0000 -0.0406 0.0251 0.0170 -0.0622 0.7892 0.3518
-3.7500 -0.0180 0.0240 0.0165 -0.0606 0.7812 0.4616
-3.5000 0.0112 0.0235 0.0162 -0.0593 0.7735 0.5430
-3.2500 0.0379 0.0232 0.0160 -0.0576 0.7633 0.5879
-3.0000 0.0660 0.0229 0.0157 -0.0560 0.7526 0.6235
-2.7500 0.0955 0.0226 0.0154 -0.0548 0.7417 0.6516
-2.5000 0.1248 0.0223 0.0151 -0.0536 0.7308 0.6757
-2.2500 0.1561 0.0220 0.0148 -0.0529 0.7205 0.6966
-2.0000 0.1937 0.0216 0.0144 -0.0531 0.7119 0.7176
-1.7500 0.2178 0.0216 0.0143 -0.0515 0.6999 0.7379
-1.5000 0.2446 0.0216 0.0143 -0.0502 0.6885 0.7567
-1.2500 0.2709 0.0215 0.0142 -0.0488 0.6773 0.7775
-1.0000 0.2998 0.0216 0.0142 -0.0477 0.6661 0.7967
-0.7500 0.3291 0.0216 0.0142 -0.0467 0.6547 0.8169
-0.5000 0.3596 0.0218 0.0143 -0.0457 0.6429 0.8370
-0.2500 0.3914 0.0220 0.0144 -0.0451 0.6306 0.8565
0.0000 0.4249 0.0223 0.0146 -0.0450 0.6169 0.8742
0.2500 0.4632 0.0225 0.0148 -0.0460 0.6026 0.8905
0.5000 0.5056 0.0227 0.0149 -0.0481 0.5880 0.9047
0.7500 0.5517 0.0229 0.0149 -0.0511 0.5732 0.9169
1.0000 0.6021 0.0231 0.0149 -0.0551 0.5570 0.9277
1.2500 0.6511 0.0232 0.0149 -0.0591 0.5395 0.9389
1.5000 0.6999 0.0234 0.0149 -0.0631 0.5225 0.9506
1.7500 0.7463 0.0236 0.0149 -0.0669 0.5050 0.9633
2.0000 0.8021 0.0238 0.0149 -0.0726 0.4885 0.9733
2.2500 0.8519 0.0240 0.0149 -0.0774 0.4724 0.9850
2.5000 0.9036 0.0242 0.0150 -0.0827 0.4571 0.9961
2.7500 0.9308 0.0244 0.0151 -0.0836 0.4462 1.0000
3.0000 0.9447 0.0246 0.0151 -0.0818 0.4381 1.0000
3.2500 0.9529 0.0249 0.0153 -0.0791 0.4295 1.0000
3.5000 0.9637 0.0252 0.0155 -0.0768 0.4219 1.0000
3.7500 0.9775 0.0255 0.0157 -0.0748 0.4150 1.0000
4.0000 0.9854 0.0259 0.0162 -0.0718 0.4083 1.0000
4.2500 1.0003 0.0263 0.0165 -0.0699 0.4027 1.0000
4.5000 1.0125 0.0268 0.0169 -0.0676 0.3974 1.0000
4.7500 1.0232 0.0272 0.0174 -0.0649 0.3923 1.0000
5.0000 1.0473 0.0277 0.0177 -0.0645 0.3881 1.0000
