-5.0000 -0.0928 0.0116 0.0051 -0.1071 0.8486 0.2321
-4.7500 -0.0630 0.0114 0.0049 -0.1074 0.8436 0.2430
-4.5000 -0.0374 0.0113 0.0048 -0.1068 0.8360 0.2538
-4.2500 -0.0088 0.0111 0.0047 -0.1068 0.8299 0.2651
-4.0000 0.0187 0.0110 0.0045 -0.1067 0.8235 0.2768
-3.7500 0.0459 0.0109 0.0044 -0.1064 0.8163 0.2890
-3.5000 0.0761 0.0107 0.0043 -0.1067 0.8101 0.3017
-3.2500 0.1018 0.0106 0.0042 -0.1062 0.8013 0.3143
-3.0000 0.1302 0.0105 0.0041 -0.1061 0.7942 0.3265
-2.7500 0.1575 0.0104 0.0040 -0.1059 0.7867 0.3389
-2.5000 0.1848 0.0103 0.0040 -0.1057 0.7787 0.3526
-2.2500 0.2137 0.0103 0.0039 -0.1057 0.7714 0.3666
-2.0000 0.2395 0.0102 0.0039 -0.1052 0.7622 0.3802
-1.7500 0.2681 0.0101 0.0038 -0.1052 0.7545 0.3947
-1.5000 0.2946 0.0101 0.0038 -0.1048 0.7458 0.4092
-1.2500 0.3222 0.0100 0.0037 -0.1046 0.7373 0.4245
-1.0000 0.3497 0.0100 0.0037 -0.1044 0.7289 0.4394
-0.7500 0.3761 0.0099 0.0037 -0.1039 0.7194 0.4542
-0.5000 0.4040 0.0099 0.0037 -0.1038 0.7109 0.4702
-0.2500 0.4300 0.0099 0.0037 -0.1033 0.7014 0.4868
0.0000 0.4577 0.0099 0.0037 -0.1031 0.6928 0.5047
0.2500 0.4834 0.0099 0.0037 -0.1026 0.6834 0.5232
0.5000 0.5101 0.0099 0.0037 -0.1022 0.6740 0.5438
0.7500 0.5361 0.0099 0.0038 -0.1017 0.6643 0.5649
1.0000 0.5621 0.0099 0.0038 -0.1012 0.6543 0.5847
1.2500 0.5878 0.0099 0.0039 -0.1006 0.6447 0.6062
1.5000 0.6133 0.0099 0.0039 -0.1000 0.6346 0.6307
1.7500 0.6384 0.0099 0.0040 -0.0993 0.6247 0.6579
2.0000 0.6631 0.0099 0.0041 -0.0986 0.6146 0.6876
2.2500 0.6876 0.0099 0.0042 -0.0977 0.6048 0.7200
2.5000 0.7112 0.0099 0.0043 -0.0967 0.5944 0.7543
2.7500 0.7339 0.0099 0.0044 -0.0954 0.5834 0.7949
3.0000 0.7553 0.0100 0.0045 -0.0937 0.5725 0.8412
3.2500 0.7765 0.0100 0.0047 -0.0919 0.5620 0.8935
3.5000 0.8059 0.0102 0.0049 -0.0919 0.5520 0.9422
3.7500 0.8449 0.0104 0.0050 -0.0942 0.5400 0.9749
4.0000 0.8876 0.0106 0.0052 -0.0974 0.5287 0.9936
4.2500 0.9173 0.0108 0.0053 -0.0980 0.5177 1.0000
4.5000 0.9336 0.0109 0.0054 -0.0957 0.5068 1.0000
4.7500 0.9506 0.0111 0.0056 -0.0935 0.4946 1.0000
5.0000 0.9675 0.0113 0.0057 -0.0914 0.4823 1.0000
