-5.0000 -0.0859 0.0124 0.0057 -0.1041 0.7900 0.2801
-4.7500 -0.0595 0.0123 0.0056 -0.1037 0.7831 0.2875
-4.5000 -0.0349 0.0122 0.0055 -0.1030 0.7753 0.2950
-4.2500 -0.0068 0.0121 0.0053 -0.1030 0.7685 0.3028
-4.0000 0.0196 0.0120 0.0053 -0.1026 0.7614 0.3114
-3.7500 0.0453 0.0119 0.0052 -0.1020 0.7535 0.3197
-3.5000 0.0736 0.0118 0.0050 -0.1020 0.7463 0.3283
-3.2500 0.0990 0.0117 0.0050 -0.1014 0.7384 0.3364
-3.0000 0.1248 0.0116 0.0049 -0.1009 0.7304 0.3452
-2.7500 0.1541 0.0116 0.0048 -0.1011 0.7235 0.3546
-2.5000 0.1779 0.0115 0.0048 -0.1002 0.7157 0.3637
-2.2500 0.2049 0.0115 0.0047 -0.0999 0.7083 0.3728
-2.0000 0.2322 0.0115 0.0047 -0.0997 0.7011 0.3824
-1.7500 0.2567 0.0114 0.0047 -0.0989 0.6925 0.3919
-1.5000 0.2841 0.0114 0.0046 -0.0987 0.6847 0.4030
-1.2500 0.3086 0.0114 0.0046 -0.0980 0.6763 0.4130
-1.0000 0.3343 0.0114 0.0046 -0.0974 0.6675 0.4233
-0.7500 0.3600 0.0114 0.0046 -0.0969 0.6593 0.4332
-0.5000 0.3846 0.0114 0.0046 -0.0961 0.6506 0.4433
-0.2500 0.4116 0.0114 0.0046 -0.0958 0.6428 0.4543
0.0000 0.4350 0.0114 0.0046 -0.0949 0.6341 0.4644
0.2500 0.4609 0.0114 0.0046 -0.0944 0.6262 0.4756
0.5000 0.4850 0.0114 0.0047 -0.0935 0.6178 0.4877
0.7500 0.5097 0.0115 0.0047 -0.0928 0.6097 0.4996
1.0000 0.5336 0.0115 0.0048 -0.0920 0.6015 0.5115
1.2500 0.5580 0.0115 0.0048 -0.0912 0.5935 0.5241
1.5000 0.5814 0.0116 0.0049 -0.0903 0.5850 0.5378
1.7500 0.6048 0.0117 0.0050 -0.0893 0.5765 0.5518
2.0000 0.6272 0.0117 0.0051 -0.0882 0.5678 0.5658
2.2500 0.6501 0.0118 0.0052 -0.0872 0.5594 0.5807
2.5000 0.6719 0.0118 0.0053 -0.0859 0.5510 0.5969
2.7500 0.6923 0.0119 0.0054 -0.0844 0.5424 0.6138
3.0000 0.7125 0.0120 0.0055 -0.0829 0.5342 0.6308
3.2500 0.7319 0.0121 0.0056 -0.0812 0.5255 0.6493
3.5000 0.7523 0.0122 0.0058 -0.0797 0.5173 0.6694
3.7500 0.7727 0.0123 0.0060 -0.0782 0.5084 0.6911
4.0000 0.7941 0.0124 0.0062 -0.0770 0.5006 0.7153
4.2500 0.8147 0.0126 0.0064 -0.0756 0.4919 0.7432
4.5000 0.8330 0.0127 0.0067 -0.0737 0.4837 0.7798
4.7500 0.8514 0.0129 0.0069 -0.0718 0.4755 0.8163
5.0000 0.8697 0.0130 0.0072 -0.0699 0.4673 0.8529
