-5.0000 -0.4300 0.0113 0.0050 -0.0294 0.9569 0.2164
-4.7500 -0.3926 0.0109 0.0047 -0.0314 0.9535 0.2382
-4.5000 -0.3657 0.0106 0.0045 -0.0311 0.9445 0.2599
-4.2500 -0.3330 0.0103 0.0042 -0.0320 0.9389 0.2852
-4.0000 -0.3057 0.0100 0.0040 -0.0318 0.9301 0.3098
-3.7500 -0.2765 0.0097 0.0038 -0.0319 0.9229 0.3360
-3.5000 -0.2506 0.0094 0.0036 -0.0313 0.9123 0.3621
-3.2500 -0.2249 0.0091 0.0035 -0.0307 0.9009 0.3929
-3.0000 -0.1991 0.0089 0.0033 -0.0300 0.8892 0.4249
-2.7500 -0.1734 0.0086 0.0031 -0.0293 0.8766 0.4600
-2.5000 -0.1477 0.0084 0.0030 -0.0286 0.8638 0.4945
-2.2500 -0.1219 0.0083 0.0029 -0.0280 0.8502 0.5252
-2.0000 -0.0961 0.0081 0.0029 -0.0273 0.8361 0.5547
-1.7500 -0.0702 0.0080 0.0028 -0.0266 0.8217 0.5853
-1.5000 -0.0442 0.0079 0.0027 -0.0260 0.8072 0.6136
-1.2500 -0.0183 0.0078 0.0027 -0.0253 0.7914 0.6395
-1.0000 0.0078 0.0077 0.0026 -0.0246 0.7741 0.6640
-0.7500 0.0339 0.0077 0.0026 -0.0240 0.7570 0.6884
-0.5000 0.0599 0.0076 0.0026 -0.0233 0.7402 0.7124
-0.2500 0.0860 0.0076 0.0026 -0.0226 0.7231 0.7368
0.0000 0.1118 0.0076 0.0026 -0.0219 0.7051 0.7618
0.2500 0.1373 0.0076 0.0026 -0.0211 0.6860 0.7868
0.5000 0.1630 0.0077 0.0027 -0.0203 0.6672 0.8107
0.7500 0.1887 0.0077 0.0027 -0.0195 0.6487 0.8332
1.0000 0.2146 0.0078 0.0028 -0.0187 0.6308 0.8531
1.2500 0.2406 0.0079 0.0029 -0.0180 0.6126 0.8715
1.5000 0.2666 0.0080 0.0029 -0.0173 0.5953 0.8894
1.7500 0.2930 0.0082 0.0031 -0.0166 0.5786 0.9065
2.0000 0.3200 0.0083 0.0032 -0.0160 0.5622 0.9231
2.2500 0.3485 0.0086 0.0033 -0.0158 0.5443 0.9372
2.5000 0.3791 0.0088 0.0034 -0.0161 0.5256 0.9484
2.7500 0.4132 0.0090 0.0036 -0.0172 0.5076 0.9564
3.0000 0.4484 0.0092 0.0037 -0.0186 0.4904 0.9635
3.2500 0.4883 0.0094 0.0039 -0.0211 0.4727 0.9680
3.5000 0.5264 0.0096 0.0040 -0.0233 0.4559 0.9736
3.7500 0.5622 0.0098 0.0041 -0.0250 0.4403 0.9800
4.0000 0.6048 0.0100 0.0043 -0.0282 0.4240 0.9834
4.2500 0.6459 0.0102 0.0044 -0.0311 0.4047 0.9876
4.5000 0.6843 0.0104 0.0045 -0.0335 0.3837 0.9922
4.7500 0.7214 0.0106 0.0046 -0.0356 0.3629 0.9963
5.0000 0.7589 0.0108 0.0048 -0.0378 0.3440 0.9998
