-5.0000 0.0919 0.0143 0.0068 -0.1226 0.7553 0.1641
-4.7500 0.1183 0.0141 0.0066 -0.1221 0.7454 0.1703
-4.5000 0.1447 0.0140 0.0064 -0.1216 0.7356 0.1764
-4.2500 0.1720 0.0138 0.0062 -0.1213 0.7266 0.1830
-4.0000 0.1973 0.0138 0.0060 -0.1206 0.7157 0.1899
-3.7500 0.2234 0.0136 0.0059 -0.1202 0.7057 0.1968
-3.5000 0.2494 0.0135 0.0057 -0.1196 0.6946 0.2046
-3.2500 0.2745 0.0134 0.0056 -0.1189 0.6836 0.2124
-3.0000 0.3011 0.0134 0.0055 -0.1185 0.6728 0.2210
-2.7500 0.3254 0.0132 0.0054 -0.1177 0.6613 0.2298
-2.5000 0.3517 0.0132 0.0053 -0.1172 0.6510 0.2397
-2.2500 0.3761 0.0132 0.0053 -0.1165 0.6394 0.2505
-2.0000 0.4016 0.0132 0.0053 -0.1159 0.6291 0.2626
-1.7500 0.4261 0.0131 0.0052 -0.1151 0.6175 0.2755
-1.5000 0.4511 0.0131 0.0052 -0.1145 0.6072 0.2892
-1.2500 0.4754 0.0131 0.0052 -0.1137 0.5965 0.3041
-1.0000 0.5004 0.0131 0.0051 -0.1131 0.5870 0.3212
-0.7500 0.5243 0.0130 0.0051 -0.1124 0.5770 0.3413
-0.5000 0.5489 0.0129 0.0051 -0.1118 0.5686 0.3734
-0.2500 0.5715 0.0127 0.0052 -0.1109 0.5600 0.4506
0.0000 0.5937 0.0125 0.0053 -0.1098 0.5522 0.5671
0.2500 0.6166 0.0124 0.0055 -0.1087 0.5452 0.6515
0.5000 0.6388 0.0123 0.0056 -0.1073 0.5379 0.7167
0.7500 0.6616 0.0124 0.0058 -0.1060 0.5310 0.7706
1.0000 0.6841 0.0124 0.0060 -0.1046 0.5244 0.8220
1.2500 0.7054 0.0125 0.0062 -0.1028 0.5180 0.8734
1.5000 0.7330 0.0127 0.0063 -0.1023 0.5119 0.9207
1.7500 0.7726 0.0130 0.0066 -0.1045 0.5060 0.9554
2.0000 0.8163 0.0132 0.0068 -0.1078 0.5005 0.9787
2.2500 0.8664 0.0135 0.0070 -0.1125 0.4945 0.9935
2.5000 0.9071 0.0138 0.0071 -0.1154 0.4894 1.0000
2.7500 0.9274 0.0140 0.0073 -0.1141 0.4852 1.0000
3.0000 0.9430 0.0141 0.0074 -0.1119 0.4814 1.0000
3.2500 0.9610 0.0142 0.0075 -0.1100 0.4773 1.0000
3.5000 0.9809 0.0144 0.0076 -0.1086 0.4732 1.0000
3.7500 1.0041 0.0146 0.0078 -0.1078 0.4690 1.0000
4.0000 1.0303 0.0149 0.0080 -0.1077 0.4648 1.0000
4.2500 1.0497 0.0151 0.0082 -0.1061 0.4612 1.0000
4.5000 1.0712 0.0153 0.0084 -0.1050 0.4574 1.0000
4.7500 1.0936 0.0155 0.0086 -0.1041 0.4535 1.0000
5.0000 1.1180 0.0158 0.0088 -0.1036 0.4494 1.0000
