-5.0000 0.0976 0.0183 0.0110 -0.1162 0.8567 0.0466
-4.7500 0.1290 0.0177 0.0102 -0.1164 0.8495 0.0479
-4.5000 0.1548 0.0175 0.0100 -0.1157 0.8379 0.0492
-4.2500 0.1829 0.0171 0.0095 -0.1153 0.8274 0.0518
-4.0000 0.2125 0.0171 0.0094 -0.1153 0.8170 0.0546
-3.7500 0.2386 0.0167 0.0088 -0.1146 0.8038 0.0563
-3.5000 0.2657 0.0162 0.0083 -0.1140 0.7910 0.0580
-3.2500 0.2935 0.0160 0.0080 -0.1137 0.7783 0.0601
-3.0000 0.3213 0.0157 0.0076 -0.1133 0.7653 0.0632
-2.7500 0.3484 0.0157 0.0075 -0.1128 0.7505 0.0681
-2.5000 0.3749 0.0156 0.0073 -0.1123 0.7350 0.0713
-2.2500 0.4013 0.0152 0.0069 -0.1116 0.7187 0.0745
-2.0000 0.4270 0.0150 0.0066 -0.1109 0.7008 0.0773
-1.7500 0.4530 0.0148 0.0063 -0.1102 0.6825 0.0817
-1.5000 0.4784 0.0147 0.0061 -0.1095 0.6628 0.0867
-1.2500 0.5036 0.0146 0.0060 -0.1087 0.6425 0.0928
-1.0000 0.5288 0.0148 0.0060 -0.1080 0.6208 0.1030
-0.7500 0.5534 0.0149 0.0061 -0.1073 0.5976 0.1151
-0.5000 0.5774 0.0150 0.0061 -0.1064 0.5735 0.1266
-0.2500 0.6010 0.0150 0.0060 -0.1054 0.5488 0.1370
0.0000 0.6242 0.0150 0.0059 -0.1044 0.5251 0.1482
0.2500 0.6475 0.0151 0.0059 -0.1035 0.5038 0.1606
0.5000 0.6711 0.0152 0.0059 -0.1027 0.4844 0.1746
0.7500 0.6950 0.0152 0.0059 -0.1019 0.4683 0.1913
1.0000 0.7193 0.0153 0.0058 -0.1013 0.4554 0.2126
1.2500 0.7436 0.0151 0.0058 -0.1009 0.4440 0.2759
1.5000 0.7709 0.0146 0.0060 -0.1005 0.4347 0.6380
1.7500 0.7981 0.0141 0.0062 -0.1001 0.4255 1.0000
2.0000 0.8237 0.0145 0.0064 -0.0997 0.4186 1.0000
2.2500 0.8493 0.0147 0.0066 -0.0993 0.4124 1.0000
2.5000 0.8751 0.0150 0.0068 -0.0989 0.4069 1.0000
2.7500 0.9015 0.0154 0.0070 -0.0987 0.4020 1.0000
3.0000 0.9281 0.0158 0.0073 -0.0985 0.3977 1.0000
3.2500 0.9539 0.0160 0.0076 -0.0982 0.3933 1.0000
3.5000 0.9798 0.0163 0.0078 -0.0979 0.3890 1.0000
3.7500 1.0060 0.0167 0.0081 -0.0977 0.3851 1.0000
4.0000 1.0335 0.0171 0.0084 -0.0978 0.3817 1.0000
4.2500 1.0608 0.0176 0.0088 -0.0979 0.3786 1.0000
4.5000 1.0864 0.0179 0.0092 -0.0976 0.3759 1.0000
4.7500 1.1122 0.0183 0.0095 -0.0974 0.3729 1.0000
5.0000 1.1383 0.0186 0.0099 -0.0972 0.3700 1.0000
