-5.0000 0.0978 0.0183 0.0108 -0.1152 0.8468 0.0499
-4.7500 0.1295 0.0179 0.0102 -0.1154 0.8391 0.0532
-4.5000 0.1551 0.0179 0.0103 -0.1148 0.8273 0.0552
-4.2500 0.1856 0.0174 0.0097 -0.1148 0.8184 0.0570
-4.0000 0.2111 0.0169 0.0090 -0.1140 0.8058 0.0589
-3.7500 0.2407 0.0166 0.0087 -0.1140 0.7956 0.0605
-3.5000 0.2665 0.0163 0.0083 -0.1132 0.7819 0.0628
-3.2500 0.2938 0.0162 0.0082 -0.1128 0.7687 0.0668
-3.0000 0.3224 0.0160 0.0078 -0.1125 0.7558 0.0708
-2.7500 0.3480 0.0157 0.0075 -0.1118 0.7401 0.0730
-2.5000 0.3744 0.0155 0.0072 -0.1112 0.7244 0.0764
-2.2500 0.4008 0.0153 0.0069 -0.1106 0.7085 0.0800
-2.0000 0.4272 0.0151 0.0066 -0.1100 0.6920 0.0845
-1.7500 0.4529 0.0149 0.0064 -0.1093 0.6743 0.0888
-1.5000 0.4781 0.0148 0.0061 -0.1085 0.6554 0.0944
-1.2500 0.5034 0.0148 0.0062 -0.1078 0.6355 0.1034
-1.0000 0.5285 0.0150 0.0063 -0.1072 0.6149 0.1151
-0.7500 0.5529 0.0152 0.0063 -0.1064 0.5931 0.1264
-0.5000 0.5768 0.0151 0.0062 -0.1054 0.5714 0.1357
-0.2500 0.6004 0.0151 0.0060 -0.1044 0.5485 0.1461
0.0000 0.6237 0.0152 0.0060 -0.1035 0.5267 0.1578
0.2500 0.6471 0.0152 0.0060 -0.1025 0.5057 0.1706
0.5000 0.6704 0.0152 0.0059 -0.1016 0.4878 0.1851
0.7500 0.6937 0.0153 0.0059 -0.1008 0.4722 0.2024
1.0000 0.7177 0.0153 0.0058 -0.1002 0.4583 0.2289
1.2500 0.7503 0.0135 0.0061 -0.1008 0.4458 1.0000
1.5000 0.7748 0.0139 0.0063 -0.1001 0.4369 1.0000
1.7500 0.7992 0.0142 0.0064 -0.0994 0.4281 1.0000
2.0000 0.8241 0.0145 0.0065 -0.0988 0.4211 1.0000
2.2500 0.8496 0.0149 0.0067 -0.0984 0.4146 1.0000
2.5000 0.8748 0.0151 0.0069 -0.0979 0.4084 1.0000
2.7500 0.9007 0.0155 0.0071 -0.0976 0.4033 1.0000
3.0000 0.9276 0.0159 0.0074 -0.0976 0.3989 1.0000
3.2500 0.9532 0.0162 0.0077 -0.0972 0.3947 1.0000
3.5000 0.9792 0.0165 0.0080 -0.0969 0.3906 1.0000
3.7500 1.0054 0.0168 0.0082 -0.0967 0.3868 1.0000
4.0000 1.0331 0.0173 0.0085 -0.0969 0.3831 1.0000
4.2500 1.0591 0.0176 0.0089 -0.0967 0.3799 1.0000
4.5000 1.0846 0.0180 0.0092 -0.0964 0.3767 1.0000
4.7500 1.1103 0.0183 0.0096 -0.0961 0.3735 1.0000
5.0000 1.1365 0.0187 0.0099 -0.0960 0.3703 1.0000
