-5.0000 -0.3193 0.0119 0.0055 -0.0564 0.8476 0.3227
-4.7500 -0.2934 0.0117 0.0054 -0.0559 0.8395 0.3328
-4.5000 -0.2670 0.0115 0.0052 -0.0555 0.8312 0.3427
-4.2500 -0.2415 0.0114 0.0051 -0.0550 0.8219 0.3525
-4.0000 -0.2149 0.0112 0.0049 -0.0546 0.8130 0.3623
-3.7500 -0.1880 0.0111 0.0047 -0.0542 0.8041 0.3722
-3.5000 -0.1619 0.0110 0.0046 -0.0537 0.7939 0.3829
-3.2500 -0.1361 0.0109 0.0045 -0.0532 0.7831 0.3941
-3.0000 -0.1100 0.0108 0.0044 -0.0527 0.7726 0.4056
-2.7500 -0.0837 0.0107 0.0043 -0.0523 0.7624 0.4170
-2.5000 -0.0574 0.0106 0.0043 -0.0518 0.7523 0.4274
-2.2500 -0.0309 0.0106 0.0042 -0.0514 0.7421 0.4386
-2.0000 -0.0046 0.0105 0.0042 -0.0509 0.7313 0.4490
-1.7500 0.0215 0.0105 0.0041 -0.0505 0.7196 0.4597
-1.5000 0.0477 0.0104 0.0040 -0.0500 0.7080 0.4703
-1.2500 0.0736 0.0104 0.0040 -0.0494 0.6956 0.4811
-1.0000 0.0995 0.0103 0.0040 -0.0489 0.6838 0.4921
-0.7500 0.1254 0.0103 0.0039 -0.0483 0.6721 0.5041
-0.5000 0.1511 0.0103 0.0039 -0.0478 0.6603 0.5170
-0.2500 0.1768 0.0103 0.0039 -0.0472 0.6484 0.5307
0.0000 0.2020 0.0103 0.0039 -0.0465 0.6358 0.5432
0.2500 0.2274 0.0104 0.0040 -0.0459 0.6238 0.5554
0.5000 0.2526 0.0104 0.0040 -0.0452 0.6111 0.5676
0.7500 0.2775 0.0104 0.0040 -0.0445 0.5972 0.5797
1.0000 0.3023 0.0105 0.0040 -0.0438 0.5838 0.5917
1.2500 0.3272 0.0105 0.0041 -0.0431 0.5708 0.6046
1.5000 0.3522 0.0106 0.0042 -0.0424 0.5595 0.6174
1.7500 0.3770 0.0106 0.0042 -0.0417 0.5484 0.6309
2.0000 0.4018 0.0107 0.0043 -0.0409 0.5374 0.6447
2.2500 0.4265 0.0108 0.0044 -0.0402 0.5262 0.6591
2.5000 0.4508 0.0108 0.0044 -0.0394 0.5145 0.6740
2.7500 0.4748 0.0109 0.0045 -0.0385 0.5033 0.6885
3.0000 0.4989 0.0110 0.0046 -0.0377 0.4915 0.7038
3.2500 0.5228 0.0111 0.0047 -0.0368 0.4811 0.7203
3.5000 0.5464 0.0112 0.0049 -0.0359 0.4707 0.7375
3.7500 0.5697 0.0113 0.0050 -0.0349 0.4598 0.7551
4.0000 0.5927 0.0114 0.0052 -0.0338 0.4493 0.7730
4.2500 0.6157 0.0115 0.0053 -0.0328 0.4389 0.7914
4.5000 0.6380 0.0117 0.0055 -0.0316 0.4287 0.8109
4.7500 0.6597 0.0118 0.0057 -0.0302 0.4185 0.8308
5.0000 0.6804 0.0120 0.0059 -0.0287 0.4077 0.8523
