-5.0000 -0.3971 0.0112 0.0050 -0.0377 0.9014 0.3005
-4.7500 -0.3715 0.0110 0.0048 -0.0371 0.8917 0.3134
-4.5000 -0.3461 0.0108 0.0047 -0.0364 0.8815 0.3271
-4.2500 -0.3198 0.0106 0.0045 -0.0359 0.8718 0.3410
-4.0000 -0.2929 0.0104 0.0043 -0.0355 0.8620 0.3550
-3.7500 -0.2672 0.0103 0.0042 -0.0349 0.8502 0.3697
-3.5000 -0.2413 0.0101 0.0040 -0.0344 0.8387 0.3849
-3.2500 -0.2149 0.0099 0.0039 -0.0339 0.8273 0.4003
-3.0000 -0.1883 0.0098 0.0038 -0.0334 0.8149 0.4160
-2.7500 -0.1622 0.0097 0.0037 -0.0329 0.8022 0.4316
-2.5000 -0.1358 0.0096 0.0035 -0.0324 0.7898 0.4484
-2.2500 -0.1096 0.0095 0.0034 -0.0319 0.7766 0.4657
-2.0000 -0.0835 0.0094 0.0034 -0.0314 0.7635 0.4829
-1.7500 -0.0574 0.0093 0.0033 -0.0308 0.7500 0.5019
-1.5000 -0.0311 0.0092 0.0033 -0.0303 0.7376 0.5203
-1.2500 -0.0048 0.0092 0.0032 -0.0299 0.7252 0.5385
-1.0000 0.0212 0.0091 0.0032 -0.0293 0.7110 0.5566
-0.7500 0.0473 0.0091 0.0032 -0.0288 0.6966 0.5753
-0.5000 0.0733 0.0091 0.0032 -0.0282 0.6826 0.5938
-0.2500 0.0995 0.0090 0.0032 -0.0277 0.6696 0.6141
0.0000 0.1255 0.0090 0.0032 -0.0271 0.6563 0.6341
0.2500 0.1516 0.0090 0.0032 -0.0266 0.6438 0.6536
0.5000 0.1777 0.0090 0.0032 -0.0260 0.6309 0.6730
0.7500 0.2035 0.0090 0.0032 -0.0254 0.6173 0.6920
1.0000 0.2292 0.0091 0.0033 -0.0248 0.6030 0.7123
1.2500 0.2550 0.0091 0.0033 -0.0241 0.5890 0.7307
1.5000 0.2809 0.0091 0.0034 -0.0235 0.5759 0.7494
1.7500 0.3067 0.0092 0.0034 -0.0229 0.5628 0.7692
2.0000 0.3325 0.0092 0.0035 -0.0222 0.5504 0.7878
2.2500 0.3582 0.0093 0.0036 -0.0216 0.5377 0.8070
2.5000 0.3838 0.0094 0.0037 -0.0209 0.5245 0.8254
2.7500 0.4093 0.0095 0.0038 -0.0201 0.5109 0.8422
3.0000 0.4344 0.0096 0.0040 -0.0193 0.4963 0.8595
3.2500 0.4594 0.0097 0.0041 -0.0185 0.4824 0.8766
3.5000 0.4846 0.0099 0.0043 -0.0176 0.4691 0.8929
3.7500 0.5097 0.0101 0.0044 -0.0168 0.4569 0.9084
4.0000 0.5346 0.0103 0.0046 -0.0159 0.4430 0.9231
4.2500 0.5622 0.0105 0.0048 -0.0156 0.4283 0.9348
4.5000 0.5915 0.0107 0.0050 -0.0158 0.4129 0.9445
4.7500 0.6224 0.0110 0.0052 -0.0163 0.3986 0.9538
5.0000 0.6565 0.0113 0.0054 -0.0175 0.3847 0.9611
