-5.0000 -0.3625 0.0135 0.0064 -0.0466 0.9623 0.1192
-4.7500 -0.3244 0.0131 0.0061 -0.0488 0.9579 0.1359
-4.5000 -0.2848 0.0126 0.0057 -0.0514 0.9547 0.1577
-4.2500 -0.2447 0.0122 0.0054 -0.0540 0.9520 0.1832
-4.0000 -0.2054 0.0118 0.0052 -0.0565 0.9493 0.2114
-3.7500 -0.1795 0.0115 0.0050 -0.0560 0.9406 0.2379
-3.5000 -0.1455 0.0112 0.0047 -0.0572 0.9350 0.2709
-3.2500 -0.1100 0.0107 0.0045 -0.0587 0.9305 0.3060
-3.0000 -0.0810 0.0104 0.0043 -0.0587 0.9225 0.3416
-2.7500 -0.0520 0.0101 0.0040 -0.0588 0.9146 0.3771
-2.5000 -0.0258 0.0097 0.0038 -0.0582 0.9046 0.4217
-2.2500 0.0013 0.0093 0.0037 -0.0578 0.8951 0.4754
-2.0000 0.0276 0.0090 0.0035 -0.0571 0.8850 0.5352
-1.7500 0.0527 0.0087 0.0034 -0.0562 0.8737 0.5964
-1.5000 0.0774 0.0084 0.0033 -0.0551 0.8617 0.6577
-1.2500 0.1018 0.0082 0.0033 -0.0539 0.8485 0.7139
-1.0000 0.1267 0.0080 0.0032 -0.0527 0.8349 0.7594
-0.7500 0.1517 0.0079 0.0032 -0.0515 0.8212 0.8034
-0.5000 0.1768 0.0079 0.0032 -0.0503 0.8072 0.8463
-0.2500 0.2032 0.0079 0.0032 -0.0492 0.7928 0.8834
0.0000 0.2317 0.0079 0.0033 -0.0487 0.7776 0.9150
0.2500 0.2640 0.0080 0.0033 -0.0490 0.7618 0.9407
0.5000 0.3015 0.0081 0.0034 -0.0506 0.7450 0.9571
0.7500 0.3406 0.0083 0.0034 -0.0526 0.7273 0.9697
1.0000 0.3823 0.0084 0.0034 -0.0553 0.7087 0.9817
1.2500 0.4291 0.0085 0.0034 -0.0593 0.6888 0.9895
1.5000 0.4720 0.0086 0.0034 -0.0625 0.6694 0.9979
1.7500 0.5012 0.0087 0.0033 -0.0629 0.6513 1.0000
2.0000 0.5248 0.0088 0.0033 -0.0621 0.6344 1.0000
2.2500 0.5484 0.0089 0.0034 -0.0614 0.6186 1.0000
2.5000 0.5719 0.0090 0.0034 -0.0605 0.6024 1.0000
2.7500 0.5953 0.0091 0.0034 -0.0597 0.5867 1.0000
3.0000 0.6187 0.0092 0.0035 -0.0588 0.5711 1.0000
3.2500 0.6420 0.0094 0.0036 -0.0579 0.5561 1.0000
3.5000 0.6652 0.0096 0.0037 -0.0569 0.5405 1.0000
3.7500 0.6883 0.0097 0.0038 -0.0560 0.5232 1.0000
4.0000 0.7112 0.0099 0.0039 -0.0550 0.5070 1.0000
4.2500 0.7344 0.0101 0.0040 -0.0540 0.4913 1.0000
4.5000 0.7573 0.0103 0.0042 -0.0530 0.4745 1.0000
4.7500 0.7800 0.0105 0.0044 -0.0520 0.4554 1.0000
5.0000 0.8026 0.0107 0.0046 -0.0509 0.4364 1.0000
