-5.0000 -0.2882 0.0129 0.0061 -0.0595 0.8950 0.2584
-4.7500 -0.2598 0.0126 0.0059 -0.0594 0.8879 0.2749
-4.5000 -0.2339 0.0124 0.0056 -0.0588 0.8785 0.2900
-4.2500 -0.2074 0.0121 0.0054 -0.0583 0.8696 0.3045
-4.0000 -0.1802 0.0118 0.0052 -0.0579 0.8606 0.3201
-3.7500 -0.1531 0.0116 0.0050 -0.0575 0.8508 0.3369
-3.5000 -0.1273 0.0114 0.0048 -0.0569 0.8400 0.3535
-3.2500 -0.1013 0.0112 0.0047 -0.0563 0.8286 0.3721
-3.0000 -0.0753 0.0110 0.0045 -0.0558 0.8167 0.3917
-2.7500 -0.0496 0.0108 0.0044 -0.0551 0.8047 0.4123
-2.5000 -0.0238 0.0107 0.0043 -0.0545 0.7929 0.4357
-2.2500 0.0020 0.0105 0.0042 -0.0539 0.7809 0.4617
-2.0000 0.0278 0.0104 0.0041 -0.0533 0.7687 0.4883
-1.7500 0.0537 0.0103 0.0040 -0.0527 0.7567 0.5142
-1.5000 0.0792 0.0101 0.0039 -0.0520 0.7437 0.5410
-1.2500 0.1047 0.0100 0.0039 -0.0513 0.7307 0.5695
-1.0000 0.1302 0.0100 0.0039 -0.0506 0.7178 0.5980
-0.7500 0.1559 0.0099 0.0039 -0.0499 0.7050 0.6257
-0.5000 0.1814 0.0099 0.0039 -0.0491 0.6924 0.6529
-0.2500 0.2069 0.0099 0.0039 -0.0484 0.6802 0.6823
0.0000 0.2323 0.0098 0.0039 -0.0476 0.6677 0.7084
0.2500 0.2578 0.0099 0.0040 -0.0468 0.6548 0.7337
0.5000 0.2831 0.0099 0.0040 -0.0459 0.6414 0.7587
0.7500 0.3083 0.0099 0.0041 -0.0451 0.6287 0.7837
1.0000 0.3337 0.0100 0.0042 -0.0442 0.6169 0.8078
1.2500 0.3593 0.0100 0.0043 -0.0434 0.6060 0.8308
1.5000 0.3850 0.0102 0.0044 -0.0425 0.5951 0.8521
1.7500 0.4105 0.0103 0.0045 -0.0417 0.5835 0.8722
2.0000 0.4367 0.0104 0.0046 -0.0410 0.5724 0.8905
2.2500 0.4637 0.0106 0.0047 -0.0404 0.5617 0.9081
2.5000 0.4917 0.0108 0.0049 -0.0400 0.5513 0.9250
2.7500 0.5232 0.0110 0.0051 -0.0405 0.5400 0.9387
3.0000 0.5572 0.0112 0.0052 -0.0415 0.5284 0.9501
3.2500 0.5943 0.0114 0.0054 -0.0432 0.5167 0.9594
3.5000 0.6363 0.0116 0.0056 -0.0461 0.5053 0.9657
3.7500 0.6803 0.0119 0.0057 -0.0495 0.4941 0.9715
4.0000 0.7184 0.0121 0.0059 -0.0516 0.4821 0.9801
4.2500 0.7638 0.0123 0.0061 -0.0554 0.4688 0.9844
4.5000 0.8065 0.0124 0.0062 -0.0586 0.4560 0.9899
4.7500 0.8490 0.0126 0.0063 -0.0619 0.4442 0.9960
5.0000 0.8864 0.0128 0.0065 -0.0641 0.4322 1.0000
