-5.0000 -0.4830 0.0128 0.0064 -0.0216 0.9454 0.3327
-4.7500 -0.4548 0.0125 0.0061 -0.0216 0.9368 0.3486
-4.5000 -0.4196 0.0122 0.0059 -0.0229 0.9316 0.3663
-4.2500 -0.3845 0.0119 0.0056 -0.0243 0.9265 0.3839
-4.0000 -0.3599 0.0117 0.0054 -0.0234 0.9157 0.4000
-3.7500 -0.3286 0.0114 0.0052 -0.0238 0.9088 0.4191
-3.5000 -0.3036 0.0111 0.0050 -0.0229 0.8968 0.4370
-3.2500 -0.2767 0.0109 0.0048 -0.0224 0.8862 0.4548
-3.0000 -0.2496 0.0106 0.0046 -0.0219 0.8761 0.4712
-2.7500 -0.2228 0.0105 0.0044 -0.0214 0.8651 0.4889
-2.5000 -0.1971 0.0103 0.0043 -0.0207 0.8523 0.5054
-2.2500 -0.1712 0.0101 0.0042 -0.0199 0.8384 0.5229
-2.0000 -0.1451 0.0100 0.0041 -0.0192 0.8243 0.5417
-1.7500 -0.1193 0.0099 0.0040 -0.0185 0.8097 0.5616
-1.5000 -0.0935 0.0098 0.0039 -0.0178 0.7951 0.5816
-1.2500 -0.0674 0.0097 0.0038 -0.0171 0.7809 0.6014
-1.0000 -0.0414 0.0096 0.0038 -0.0165 0.7655 0.6199
-0.7500 -0.0155 0.0096 0.0037 -0.0158 0.7494 0.6392
-0.5000 0.0102 0.0095 0.0037 -0.0150 0.7322 0.6585
-0.2500 0.0359 0.0095 0.0037 -0.0143 0.7156 0.6788
0.0000 0.0617 0.0095 0.0037 -0.0135 0.7004 0.6994
0.2500 0.0876 0.0095 0.0037 -0.0128 0.6852 0.7197
0.5000 0.1135 0.0095 0.0038 -0.0121 0.6707 0.7402
0.7500 0.1395 0.0095 0.0038 -0.0114 0.6559 0.7591
1.0000 0.1657 0.0096 0.0039 -0.0108 0.6412 0.7763
1.2500 0.1918 0.0097 0.0039 -0.0101 0.6266 0.7937
1.5000 0.2176 0.0097 0.0040 -0.0093 0.6104 0.8115
1.7500 0.2434 0.0098 0.0041 -0.0085 0.5940 0.8288
2.0000 0.2691 0.0099 0.0042 -0.0077 0.5785 0.8463
2.2500 0.2951 0.0101 0.0043 -0.0070 0.5634 0.8623
2.5000 0.3210 0.0102 0.0044 -0.0062 0.5485 0.8776
2.7500 0.3466 0.0104 0.0046 -0.0054 0.5323 0.8923
3.0000 0.3726 0.0106 0.0047 -0.0046 0.5155 0.9058
3.2500 0.3987 0.0108 0.0049 -0.0039 0.4997 0.9186
3.5000 0.4294 0.0110 0.0051 -0.0042 0.4826 0.9277
3.7500 0.4600 0.0113 0.0053 -0.0045 0.4664 0.9374
4.0000 0.4892 0.0115 0.0054 -0.0046 0.4515 0.9479
4.2500 0.5283 0.0118 0.0057 -0.0068 0.4330 0.9525
4.5000 0.5638 0.0121 0.0059 -0.0083 0.4127 0.9594
4.7500 0.6026 0.0124 0.0061 -0.0107 0.3914 0.9648
5.0000 0.6452 0.0127 0.0063 -0.0138 0.3714 0.9686
