-5.0000 -0.0598 0.0132 0.0061 -0.1144 0.9015 0.1087
-4.7500 -0.0306 0.0129 0.0059 -0.1146 0.8960 0.1197
-4.5000 -0.0041 0.0127 0.0056 -0.1141 0.8885 0.1313
-4.2500 0.0268 0.0124 0.0053 -0.1146 0.8836 0.1444
-4.0000 0.0567 0.0121 0.0051 -0.1149 0.8785 0.1587
-3.7500 0.0825 0.0119 0.0050 -0.1144 0.8704 0.1770
-3.5000 0.1122 0.0117 0.0049 -0.1147 0.8645 0.2040
-3.2500 0.1411 0.0115 0.0048 -0.1148 0.8584 0.2314
-3.0000 0.1676 0.0113 0.0047 -0.1144 0.8498 0.2518
-2.7500 0.1974 0.0111 0.0044 -0.1146 0.8430 0.2729
-2.5000 0.2238 0.0110 0.0043 -0.1141 0.8336 0.2936
-2.2500 0.2520 0.0107 0.0042 -0.1140 0.8251 0.3161
-2.0000 0.2801 0.0106 0.0041 -0.1139 0.8168 0.3405
-1.7500 0.3074 0.0105 0.0040 -0.1136 0.8079 0.3658
-1.5000 0.3366 0.0103 0.0039 -0.1137 0.8005 0.3958
-1.2500 0.3625 0.0102 0.0039 -0.1133 0.7900 0.4272
-1.0000 0.3913 0.0100 0.0037 -0.1132 0.7815 0.4622
-0.7500 0.4167 0.0098 0.0037 -0.1126 0.7702 0.5026
-0.5000 0.4443 0.0097 0.0037 -0.1124 0.7611 0.5579
-0.2500 0.4690 0.0095 0.0037 -0.1116 0.7502 0.6285
0.0000 0.4941 0.0093 0.0037 -0.1107 0.7412 0.7144
0.2500 0.5154 0.0091 0.0038 -0.1088 0.7304 0.8071
0.5000 0.5418 0.0089 0.0039 -0.1076 0.7208 0.9101
0.7500 0.5896 0.0089 0.0038 -0.1115 0.7095 0.9811
1.0000 0.6290 0.0090 0.0038 -0.1139 0.6993 1.0000
1.2500 0.6541 0.0091 0.0038 -0.1133 0.6895 1.0000
1.5000 0.6788 0.0092 0.0039 -0.1126 0.6790 1.0000
1.7500 0.7049 0.0094 0.0039 -0.1122 0.6692 1.0000
2.0000 0.7293 0.0095 0.0040 -0.1114 0.6575 1.0000
2.2500 0.7548 0.0096 0.0040 -0.1109 0.6471 1.0000
2.5000 0.7804 0.0097 0.0041 -0.1103 0.6369 1.0000
2.7500 0.8058 0.0099 0.0042 -0.1098 0.6268 1.0000
3.0000 0.8320 0.0101 0.0043 -0.1094 0.6174 1.0000
3.2500 0.8572 0.0102 0.0044 -0.1088 0.6070 1.0000
3.5000 0.8829 0.0104 0.0046 -0.1084 0.5977 1.0000
3.7500 0.9085 0.0106 0.0047 -0.1079 0.5876 1.0000
4.0000 0.9332 0.0107 0.0048 -0.1072 0.5763 1.0000
4.2500 0.9579 0.0109 0.0050 -0.1065 0.5648 1.0000
4.5000 0.9822 0.0111 0.0051 -0.1058 0.5524 1.0000
4.7500 1.0060 0.0113 0.0053 -0.1050 0.5394 1.0000
5.0000 1.0304 0.0115 0.0054 -0.1042 0.5281 1.0000
