-5.0000 -0.3826 0.0167 0.0087 -0.0554 0.9818 0.0950
-4.7500 -0.3445 0.0165 0.0085 -0.0579 0.9779 0.1120
-4.5000 -0.3044 0.0163 0.0084 -0.0607 0.9749 0.1315
-4.2500 -0.2696 0.0160 0.0083 -0.0626 0.9707 0.1561
-4.0000 -0.2363 0.0158 0.0081 -0.0640 0.9652 0.1856
-3.7500 -0.1977 0.0155 0.0080 -0.0665 0.9614 0.2192
-3.5000 -0.1566 0.0153 0.0079 -0.0695 0.9587 0.2561
-3.2500 -0.1288 0.0151 0.0079 -0.0698 0.9517 0.3045
-3.0000 -0.0919 0.0148 0.0079 -0.0719 0.9469 0.3664
-2.7500 -0.0501 0.0146 0.0078 -0.0747 0.9437 0.4096
-2.5000 -0.0218 0.0144 0.0078 -0.0749 0.9362 0.4434
-2.2500 0.0143 0.0142 0.0077 -0.0765 0.9315 0.4812
-2.0000 0.0535 0.0140 0.0076 -0.0787 0.9286 0.5190
-1.7500 0.0936 0.0138 0.0076 -0.0810 0.9261 0.5574
-1.5000 0.1174 0.0137 0.0076 -0.0801 0.9169 0.5901
-1.2500 0.1567 0.0134 0.0074 -0.0821 0.9132 0.6270
-1.0000 0.1961 0.0130 0.0072 -0.0839 0.9104 0.6654
-0.7500 0.2196 0.0128 0.0071 -0.0826 0.9006 0.7022
-0.5000 0.2541 0.0124 0.0069 -0.0832 0.8959 0.7474
-0.2500 0.2829 0.0121 0.0067 -0.0826 0.8896 0.7927
0.0000 0.3076 0.0118 0.0066 -0.0810 0.8815 0.8478
0.2500 0.3450 0.0114 0.0064 -0.0817 0.8773 0.9152
0.5000 0.3948 0.0112 0.0062 -0.0858 0.8694 0.9780
0.7500 0.4413 0.0109 0.0058 -0.0893 0.8623 1.0000
1.0000 0.4668 0.0108 0.0056 -0.0886 0.8511 1.0000
1.2500 0.4976 0.0106 0.0054 -0.0888 0.8424 1.0000
1.5000 0.5239 0.0105 0.0053 -0.0881 0.8307 1.0000
1.7500 0.5497 0.0104 0.0052 -0.0874 0.8175 1.0000
2.0000 0.5766 0.0104 0.0051 -0.0868 0.8041 1.0000
2.2500 0.6044 0.0103 0.0050 -0.0863 0.7901 1.0000
2.5000 0.6313 0.0103 0.0049 -0.0857 0.7740 1.0000
2.7500 0.6575 0.0103 0.0048 -0.0850 0.7558 1.0000
3.0000 0.6827 0.0103 0.0048 -0.0840 0.7347 1.0000
3.2500 0.7083 0.0103 0.0048 -0.0832 0.7127 1.0000
3.5000 0.7339 0.0104 0.0048 -0.0824 0.6907 1.0000
3.7500 0.7586 0.0106 0.0049 -0.0814 0.6663 1.0000
4.0000 0.7825 0.0108 0.0050 -0.0804 0.6382 1.0000
4.2500 0.8060 0.0110 0.0050 -0.0792 0.6090 1.0000
4.5000 0.8291 0.0113 0.0052 -0.0781 0.5790 1.0000
4.7500 0.8518 0.0116 0.0054 -0.0769 0.5491 1.0000
5.0000 0.8737 0.0119 0.0056 -0.0756 0.5165 1.0000
