-5.0000 -0.3157 0.0182 0.0107 -0.0700 0.9245 0.2669
-4.7500 -0.2952 0.0180 0.0106 -0.0686 0.9157 0.2807
-4.5000 -0.2562 0.0177 0.0103 -0.0708 0.9125 0.3001
-4.2500 -0.2153 0.0174 0.0101 -0.0734 0.9105 0.3204
-4.0000 -0.1854 0.0172 0.0100 -0.0738 0.9049 0.3378
-3.7500 -0.1554 0.0170 0.0098 -0.0742 0.8993 0.3553
-3.5000 -0.1140 0.0166 0.0095 -0.0767 0.8969 0.3764
-3.2500 -0.0783 0.0163 0.0093 -0.0780 0.8930 0.3966
-3.0000 -0.0504 0.0161 0.0091 -0.0778 0.8855 0.4148
-2.7500 -0.0111 0.0157 0.0087 -0.0797 0.8825 0.4338
-2.5000 0.0205 0.0153 0.0084 -0.0800 0.8761 0.4538
-2.2500 0.0521 0.0150 0.0082 -0.0804 0.8698 0.4738
-2.0000 0.0904 0.0146 0.0079 -0.0819 0.8666 0.4947
-1.7500 0.1135 0.0145 0.0078 -0.0807 0.8571 0.5116
-1.5000 0.1479 0.0142 0.0076 -0.0816 0.8527 0.5309
-1.2500 0.1761 0.0140 0.0075 -0.0813 0.8455 0.5516
-1.0000 0.2060 0.0138 0.0073 -0.0813 0.8384 0.5733
-0.7500 0.2415 0.0135 0.0070 -0.0822 0.8338 0.5943
-0.5000 0.2646 0.0134 0.0070 -0.0809 0.8228 0.6133
-0.2500 0.2988 0.0130 0.0067 -0.0816 0.8167 0.6335
0.0000 0.3226 0.0129 0.0067 -0.0804 0.8053 0.6538
0.2500 0.3560 0.0126 0.0064 -0.0809 0.7981 0.6765
0.5000 0.3794 0.0125 0.0064 -0.0795 0.7852 0.6987
0.7500 0.4072 0.0123 0.0063 -0.0790 0.7746 0.7223
1.0000 0.4348 0.0121 0.0062 -0.0784 0.7636 0.7474
1.2500 0.4593 0.0120 0.0062 -0.0772 0.7515 0.7733
1.5000 0.4867 0.0119 0.0061 -0.0764 0.7408 0.8030
1.7500 0.5111 0.0118 0.0061 -0.0750 0.7275 0.8334
2.0000 0.5348 0.0118 0.0061 -0.0735 0.7133 0.8675
2.2500 0.5631 0.0118 0.0062 -0.0728 0.7000 0.9027
2.5000 0.6000 0.0119 0.0062 -0.0740 0.6860 0.9336
2.7500 0.6417 0.0120 0.0062 -0.0764 0.6685 0.9590
3.0000 0.6874 0.0121 0.0062 -0.0799 0.6496 0.9776
3.2500 0.7359 0.0122 0.0062 -0.0841 0.6296 0.9917
3.5000 0.7751 0.0123 0.0063 -0.0867 0.6107 1.0000
3.7500 0.7910 0.0124 0.0063 -0.0845 0.5943 1.0000
4.0000 0.8082 0.0126 0.0063 -0.0825 0.5777 1.0000
4.2500 0.8259 0.0128 0.0065 -0.0805 0.5608 1.0000
4.5000 0.8441 0.0130 0.0066 -0.0786 0.5441 1.0000
4.7500 0.8632 0.0132 0.0067 -0.0768 0.5279 1.0000
5.0000 0.8827 0.0135 0.0069 -0.0751 0.5120 1.0000
