-5.0000 -0.2975 0.0187 0.0112 -0.0726 0.9010 0.3008
-4.7500 -0.2845 0.0186 0.0112 -0.0697 0.8902 0.3114
-4.5000 -0.2459 0.0183 0.0109 -0.0717 0.8870 0.3271
-4.2500 -0.2052 0.0179 0.0106 -0.0741 0.8847 0.3431
-4.0000 -0.1640 0.0174 0.0102 -0.0764 0.8827 0.3595
-3.7500 -0.1371 0.0172 0.0100 -0.0761 0.8757 0.3732
-3.5000 -0.1101 0.0170 0.0098 -0.0757 0.8686 0.3870
-3.2500 -0.0724 0.0166 0.0095 -0.0773 0.8656 0.4026
-3.0000 -0.0331 0.0162 0.0091 -0.0791 0.8631 0.4194
-2.7500 -0.0144 0.0162 0.0091 -0.0772 0.8530 0.4325
-2.5000 0.0198 0.0158 0.0088 -0.0780 0.8479 0.4491
-2.2500 0.0574 0.0154 0.0084 -0.0794 0.8443 0.4664
-2.0000 0.0830 0.0152 0.0083 -0.0787 0.8359 0.4817
-1.7500 0.1136 0.0150 0.0081 -0.0789 0.8287 0.4979
-1.5000 0.1503 0.0146 0.0077 -0.0801 0.8240 0.5145
-1.2500 0.1747 0.0145 0.0077 -0.0791 0.8145 0.5291
-1.0000 0.2058 0.0142 0.0075 -0.0793 0.8069 0.5463
-0.7500 0.2398 0.0139 0.0072 -0.0800 0.8004 0.5642
-0.5000 0.2636 0.0138 0.0072 -0.0788 0.7887 0.5804
-0.2500 0.2985 0.0135 0.0069 -0.0797 0.7813 0.5990
0.0000 0.3210 0.0135 0.0068 -0.0783 0.7688 0.6153
0.2500 0.3539 0.0132 0.0066 -0.0788 0.7606 0.6329
0.5000 0.3768 0.0132 0.0067 -0.0775 0.7480 0.6506
0.7500 0.4070 0.0130 0.0065 -0.0775 0.7384 0.6697
1.0000 0.4312 0.0130 0.0065 -0.0764 0.7256 0.6889
1.2500 0.4584 0.0129 0.0065 -0.0759 0.7143 0.7072
1.5000 0.4854 0.0128 0.0064 -0.0753 0.7023 0.7266
1.7500 0.5094 0.0128 0.0065 -0.0741 0.6888 0.7480
2.0000 0.5353 0.0127 0.0065 -0.0733 0.6761 0.7720
2.2500 0.5604 0.0127 0.0065 -0.0722 0.6631 0.7962
2.5000 0.5827 0.0127 0.0065 -0.0706 0.6491 0.8219
2.7500 0.6061 0.0128 0.0066 -0.0691 0.6355 0.8496
3.0000 0.6312 0.0129 0.0067 -0.0680 0.6223 0.8783
3.2500 0.6572 0.0130 0.0068 -0.0671 0.6078 0.9083
3.5000 0.6905 0.0132 0.0070 -0.0678 0.5928 0.9339
3.7500 0.7294 0.0134 0.0072 -0.0698 0.5782 0.9571
4.0000 0.7746 0.0137 0.0073 -0.0733 0.5625 0.9738
4.2500 0.8227 0.0140 0.0075 -0.0775 0.5453 0.9868
4.5000 0.8725 0.0142 0.0077 -0.0822 0.5260 0.9979
4.7500 0.8889 0.0144 0.0078 -0.0804 0.5120 1.0000
5.0000 0.9018 0.0146 0.0078 -0.0777 0.4996 1.0000
