-5.0000 0.0858 0.0206 0.0130 -0.1616 0.8897 0.0617
-4.7500 0.1262 0.0202 0.0125 -0.1642 0.8886 0.0704
-4.5000 0.1665 0.0198 0.0121 -0.1668 0.8876 0.0791
-4.2500 0.1913 0.0196 0.0119 -0.1663 0.8817 0.0888
-4.0000 0.2161 0.0194 0.0118 -0.1659 0.8758 0.0986
-3.7500 0.2558 0.0189 0.0113 -0.1682 0.8744 0.1127
-3.5000 0.2950 0.0185 0.0109 -0.1703 0.8731 0.1289
-3.2500 0.3207 0.0185 0.0109 -0.1699 0.8674 0.1482
-3.0000 0.3464 0.0184 0.0109 -0.1696 0.8616 0.1674
-2.7500 0.3842 0.0181 0.0106 -0.1715 0.8596 0.1980
-2.5000 0.4234 0.0176 0.0101 -0.1735 0.8580 0.2232
-2.2500 0.4496 0.0175 0.0100 -0.1731 0.8521 0.2430
-2.0000 0.4758 0.0173 0.0100 -0.1728 0.8463 0.2628
-1.7500 0.5121 0.0169 0.0096 -0.1742 0.8441 0.2887
-1.5000 0.5491 0.0165 0.0093 -0.1758 0.8423 0.3161
-1.2500 0.5748 0.0164 0.0094 -0.1754 0.8362 0.3427
-1.0000 0.6004 0.0164 0.0094 -0.1749 0.8301 0.3694
-0.7500 0.6364 0.0160 0.0090 -0.1762 0.8273 0.4010
-0.5000 0.6736 0.0155 0.0086 -0.1778 0.8250 0.4357
-0.2500 0.6911 0.0157 0.0090 -0.1759 0.8159 0.4644
0.0000 0.7240 0.0154 0.0088 -0.1766 0.8120 0.5066
0.2500 0.7591 0.0150 0.0085 -0.1778 0.8090 0.5563
0.5000 0.7809 0.0149 0.0087 -0.1765 0.8014 0.6100
0.7500 0.8081 0.0145 0.0085 -0.1760 0.7957 0.7047
1.0000 0.8381 0.0137 0.0081 -0.1754 0.7919 1.0000
1.2500 0.8624 0.0139 0.0083 -0.1748 0.7843 1.0000
1.5000 0.8928 0.0138 0.0081 -0.1751 0.7780 1.0000
1.7500 0.9297 0.0136 0.0077 -0.1765 0.7736 1.0000
2.0000 0.9505 0.0138 0.0080 -0.1751 0.7642 1.0000
2.2500 0.9835 0.0137 0.0078 -0.1759 0.7587 1.0000
2.5000 1.0097 0.0138 0.0079 -0.1755 0.7509 1.0000
2.7500 1.0385 0.0138 0.0078 -0.1755 0.7432 1.0000
3.0000 1.0686 0.0138 0.0078 -0.1758 0.7365 1.0000
3.2500 1.0931 0.0140 0.0080 -0.1750 0.7279 1.0000
3.5000 1.1264 0.0139 0.0078 -0.1759 0.7220 1.0000
3.7500 1.1478 0.0141 0.0081 -0.1746 0.7120 1.0000
4.0000 1.1788 0.0141 0.0080 -0.1750 0.7044 1.0000
4.2500 1.2020 0.0143 0.0082 -0.1740 0.6939 1.0000
4.5000 1.2279 0.0144 0.0083 -0.1735 0.6840 1.0000
4.7500 1.2550 0.0144 0.0083 -0.1731 0.6740 1.0000
5.0000 1.2770 0.0146 0.0085 -0.1719 0.6626 1.0000
