-5.0000 -0.5599 0.0147 0.0067 -0.0073 1.0000 0.1503
-4.7500 -0.5377 0.0144 0.0066 -0.0066 1.0000 0.1719
-4.5000 -0.5155 0.0142 0.0064 -0.0060 1.0000 0.1976
-4.2500 -0.4864 0.0139 0.0063 -0.0069 0.9983 0.2295
-4.0000 -0.4462 0.0137 0.0063 -0.0099 0.9936 0.2698
-3.7500 -0.4044 0.0134 0.0062 -0.0132 0.9894 0.3199
-3.5000 -0.3682 0.0131 0.0062 -0.0153 0.9830 0.3797
-3.2500 -0.3288 0.0128 0.0062 -0.0180 0.9771 0.4358
-3.0000 -0.2866 0.0126 0.0062 -0.0211 0.9728 0.4779
-2.7500 -0.2531 0.0124 0.0061 -0.0223 0.9649 0.5158
-2.5000 -0.2128 0.0122 0.0060 -0.0248 0.9587 0.5551
-2.2500 -0.1681 0.0120 0.0060 -0.0281 0.9547 0.5966
-2.0000 -0.1377 0.0117 0.0059 -0.0284 0.9446 0.6333
-1.7500 -0.0952 0.0115 0.0058 -0.0310 0.9398 0.6734
-1.5000 -0.0617 0.0112 0.0057 -0.0316 0.9306 0.7088
-1.2500 -0.0250 0.0109 0.0055 -0.0327 0.9231 0.7431
-1.0000 0.0052 0.0107 0.0054 -0.0325 0.9132 0.7777
-0.7500 0.0377 0.0105 0.0053 -0.0325 0.9056 0.8124
-0.5000 0.0645 0.0104 0.0053 -0.0314 0.8942 0.8437
-0.2500 0.0949 0.0103 0.0053 -0.0309 0.8848 0.8720
0.0000 0.1258 0.0103 0.0052 -0.0305 0.8744 0.8987
0.2500 0.1580 0.0103 0.0052 -0.0305 0.8609 0.9214
0.5000 0.1943 0.0103 0.0052 -0.0313 0.8459 0.9396
0.7500 0.2332 0.0103 0.0051 -0.0327 0.8294 0.9558
1.0000 0.2809 0.0103 0.0051 -0.0362 0.8116 0.9661
1.2500 0.3256 0.0102 0.0050 -0.0393 0.7922 0.9762
1.5000 0.3698 0.0102 0.0049 -0.0423 0.7706 0.9864
1.7500 0.4159 0.0102 0.0048 -0.0459 0.7471 0.9952
2.0000 0.4508 0.0102 0.0047 -0.0474 0.7216 1.0000
2.2500 0.4735 0.0102 0.0046 -0.0465 0.6984 1.0000
2.5000 0.4962 0.0103 0.0046 -0.0455 0.6759 1.0000
2.7500 0.5187 0.0104 0.0046 -0.0445 0.6527 1.0000
3.0000 0.5407 0.0105 0.0046 -0.0433 0.6261 1.0000
3.2500 0.5627 0.0106 0.0046 -0.0421 0.5996 1.0000
3.5000 0.5843 0.0108 0.0047 -0.0408 0.5721 1.0000
3.7500 0.6057 0.0110 0.0047 -0.0395 0.5454 1.0000
4.0000 0.6272 0.0112 0.0049 -0.0382 0.5174 1.0000
4.2500 0.6483 0.0115 0.0050 -0.0368 0.4894 1.0000
4.5000 0.6690 0.0117 0.0052 -0.0354 0.4588 1.0000
4.7500 0.6892 0.0120 0.0054 -0.0339 0.4275 1.0000
5.0000 0.7096 0.0124 0.0056 -0.0325 0.3958 1.0000
