-5.0000 -0.6081 0.0296 0.0209 -0.0148 0.9348 0.3917
-4.7500 -0.5823 0.0294 0.0208 -0.0148 0.9242 0.4038
-4.5000 -0.5425 0.0293 0.0206 -0.0173 0.9168 0.4189
-4.2500 -0.5111 0.0292 0.0207 -0.0181 0.9079 0.4312
-4.0000 -0.4781 0.0291 0.0206 -0.0192 0.8989 0.4442
-3.7500 -0.4451 0.0290 0.0205 -0.0202 0.8896 0.4585
-3.5000 -0.4120 0.0288 0.0204 -0.0213 0.8803 0.4727
-3.2500 -0.3664 0.0286 0.0202 -0.0242 0.8741 0.4891
-3.0000 -0.3439 0.0286 0.0203 -0.0232 0.8621 0.5015
-2.7500 -0.3033 0.0283 0.0201 -0.0252 0.8549 0.5165
-2.5000 -0.2707 0.0281 0.0200 -0.0258 0.8455 0.5298
-2.2500 -0.2381 0.0279 0.0198 -0.0264 0.8360 0.5432
-2.0000 -0.1890 0.0275 0.0194 -0.0294 0.8316 0.5596
-1.7500 -0.1585 0.0273 0.0193 -0.0295 0.8224 0.5746
-1.5000 -0.1280 0.0272 0.0192 -0.0296 0.8131 0.5895
-1.2500 -0.0766 0.0266 0.0187 -0.0328 0.8100 0.6071
-1.0000 -0.0621 0.0267 0.0188 -0.0302 0.7955 0.6191
-0.7500 -0.0115 0.0259 0.0182 -0.0330 0.7916 0.6357
-0.5000 0.0211 0.0255 0.0179 -0.0330 0.7824 0.6511
-0.2500 0.0536 0.0252 0.0175 -0.0331 0.7732 0.6665
0.0000 0.1029 0.0244 0.0168 -0.0356 0.7695 0.6833
0.2500 0.1173 0.0245 0.0169 -0.0329 0.7549 0.6976
0.5000 0.1654 0.0238 0.0162 -0.0352 0.7499 0.7139
0.7500 0.1839 0.0238 0.0163 -0.0329 0.7360 0.7286
1.0000 0.2298 0.0231 0.0156 -0.0347 0.7295 0.7450
1.2500 0.2498 0.0231 0.0157 -0.0327 0.7159 0.7603
1.5000 0.2936 0.0226 0.0151 -0.0341 0.7079 0.7763
1.7500 0.3134 0.0226 0.0152 -0.0320 0.6939 0.7918
2.0000 0.3585 0.0221 0.0147 -0.0338 0.6854 0.8076
2.2500 0.3739 0.0223 0.0149 -0.0310 0.6707 0.8239
2.5000 0.4076 0.0222 0.0148 -0.0311 0.6593 0.8394
2.7500 0.4414 0.0222 0.0148 -0.0311 0.6462 0.8531
3.0000 0.4695 0.0224 0.0149 -0.0305 0.6323 0.8683
3.2500 0.5157 0.0223 0.0147 -0.0328 0.6211 0.8829
3.5000 0.5417 0.0227 0.0151 -0.0321 0.6064 0.8990
3.7500 0.5874 0.0229 0.0153 -0.0349 0.5921 0.9105
4.0000 0.6396 0.0230 0.0152 -0.0390 0.5778 0.9206
4.2500 0.6784 0.0232 0.0155 -0.0410 0.5618 0.9340
4.5000 0.7323 0.0235 0.0157 -0.0460 0.5450 0.9426
4.7500 0.7792 0.0238 0.0158 -0.0497 0.5296 0.9542
5.0000 0.8289 0.0239 0.0159 -0.0540 0.5141 0.9655
