-5.0000 -0.1211 0.0194 0.0118 -0.1070 0.8501 0.2560
-4.7500 -0.0837 0.0190 0.0114 -0.1086 0.8475 0.2688
-4.5000 -0.0463 0.0186 0.0110 -0.1102 0.8449 0.2816
-4.2500 -0.0070 0.0181 0.0105 -0.1121 0.8427 0.2953
-4.0000 0.0184 0.0179 0.0104 -0.1115 0.8359 0.3065
-3.7500 0.0438 0.0177 0.0102 -0.1109 0.8291 0.3178
-3.5000 0.0817 0.0173 0.0098 -0.1125 0.8258 0.3321
-3.2500 0.1208 0.0169 0.0094 -0.1143 0.8231 0.3463
-3.0000 0.1363 0.0169 0.0095 -0.1119 0.8130 0.3570
-2.7500 0.1705 0.0166 0.0092 -0.1128 0.8083 0.3717
-2.5000 0.2079 0.0162 0.0088 -0.1144 0.8050 0.3859
-2.2500 0.2287 0.0162 0.0089 -0.1129 0.7966 0.3981
-2.0000 0.2595 0.0160 0.0086 -0.1132 0.7907 0.4125
-1.7500 0.2962 0.0157 0.0083 -0.1146 0.7865 0.4272
-1.5000 0.3192 0.0157 0.0084 -0.1136 0.7786 0.4412
-1.2500 0.3479 0.0155 0.0083 -0.1135 0.7716 0.4573
-1.0000 0.3848 0.0152 0.0079 -0.1149 0.7664 0.4745
-0.7500 0.4050 0.0152 0.0080 -0.1133 0.7565 0.4890
-0.5000 0.4381 0.0150 0.0078 -0.1139 0.7501 0.5069
-0.2500 0.4649 0.0149 0.0078 -0.1136 0.7428 0.5248
0.0000 0.4917 0.0149 0.0078 -0.1131 0.7349 0.5430
0.2500 0.5263 0.0147 0.0076 -0.1142 0.7293 0.5631
0.5000 0.5467 0.0147 0.0077 -0.1126 0.7194 0.5806
0.7500 0.5788 0.0145 0.0075 -0.1131 0.7122 0.6009
1.0000 0.6009 0.0145 0.0076 -0.1118 0.7027 0.6217
1.2500 0.6302 0.0144 0.0076 -0.1118 0.6953 0.6463
1.5000 0.6545 0.0144 0.0077 -0.1109 0.6868 0.6717
1.7500 0.6809 0.0143 0.0076 -0.1103 0.6783 0.7003
2.0000 0.7057 0.0143 0.0077 -0.1093 0.6695 0.7318
2.2500 0.7299 0.0142 0.0077 -0.1081 0.6602 0.7688
2.5000 0.7515 0.0141 0.0078 -0.1064 0.6508 0.8122
2.7500 0.7746 0.0141 0.0079 -0.1048 0.6418 0.8650
3.0000 0.8056 0.0142 0.0081 -0.1048 0.6326 0.9227
3.2500 0.8562 0.0143 0.0081 -0.1091 0.6235 0.9683
3.5000 0.9077 0.0145 0.0083 -0.1142 0.6116 0.9971
3.7500 0.9293 0.0146 0.0083 -0.1132 0.6020 1.0000
4.0000 0.9489 0.0147 0.0083 -0.1116 0.5925 1.0000
4.2500 0.9656 0.0149 0.0084 -0.1096 0.5823 1.0000
4.5000 0.9901 0.0151 0.0085 -0.1089 0.5732 1.0000
4.7500 1.0056 0.0153 0.0087 -0.1065 0.5622 1.0000
5.0000 1.0262 0.0155 0.0088 -0.1051 0.5521 1.0000
