-5.0000 -0.1101 0.0194 0.0117 -0.1083 0.8477 0.2672
-4.7500 -0.0710 0.0189 0.0112 -0.1103 0.8456 0.2789
-4.5000 -0.0316 0.0185 0.0108 -0.1122 0.8437 0.2916
-4.2500 -0.0240 0.0186 0.0111 -0.1085 0.8324 0.2988
-4.0000 0.0116 0.0182 0.0107 -0.1097 0.8290 0.3108
-3.7500 0.0503 0.0178 0.0102 -0.1115 0.8261 0.3242
-3.5000 0.0908 0.0174 0.0097 -0.1136 0.8236 0.3378
-3.2500 0.1033 0.0174 0.0099 -0.1106 0.8129 0.3465
-3.0000 0.1375 0.0171 0.0096 -0.1116 0.8086 0.3594
-2.7500 0.1756 0.0167 0.0092 -0.1133 0.8053 0.3738
-2.5000 0.1988 0.0167 0.0092 -0.1123 0.7977 0.3857
-2.2500 0.2277 0.0164 0.0090 -0.1122 0.7910 0.3988
-2.0000 0.2650 0.0160 0.0086 -0.1137 0.7865 0.4136
-1.7500 0.2906 0.0160 0.0086 -0.1130 0.7789 0.4268
-1.5000 0.3190 0.0158 0.0084 -0.1129 0.7716 0.4415
-1.2500 0.3557 0.0155 0.0081 -0.1143 0.7666 0.4576
-1.0000 0.3768 0.0155 0.0082 -0.1129 0.7576 0.4719
-0.7500 0.4082 0.0153 0.0080 -0.1133 0.7510 0.4876
-0.5000 0.4406 0.0152 0.0079 -0.1139 0.7453 0.5034
-0.2500 0.4624 0.0152 0.0080 -0.1126 0.7363 0.5181
0.0000 0.4956 0.0150 0.0078 -0.1134 0.7301 0.5352
0.2500 0.5190 0.0150 0.0078 -0.1124 0.7211 0.5514
0.5000 0.5485 0.0148 0.0077 -0.1124 0.7128 0.5696
0.7500 0.5744 0.0147 0.0077 -0.1118 0.7040 0.5889
1.0000 0.6020 0.0147 0.0077 -0.1114 0.6957 0.6097
1.2500 0.6297 0.0146 0.0077 -0.1112 0.6880 0.6323
1.5000 0.6543 0.0146 0.0077 -0.1104 0.6792 0.6548
1.7500 0.6813 0.0145 0.0077 -0.1099 0.6714 0.6807
2.0000 0.7062 0.0145 0.0078 -0.1091 0.6627 0.7099
2.2500 0.7307 0.0145 0.0079 -0.1081 0.6546 0.7430
2.5000 0.7527 0.0145 0.0080 -0.1065 0.6458 0.7840
2.7500 0.7746 0.0144 0.0081 -0.1048 0.6370 0.8250
3.0000 0.8015 0.0144 0.0081 -0.1039 0.6289 0.8762
3.2500 0.8307 0.0145 0.0083 -0.1037 0.6181 0.9283
3.5000 0.8755 0.0147 0.0084 -0.1070 0.6069 0.9700
3.7500 0.9281 0.0148 0.0085 -0.1121 0.5955 0.9957
4.0000 0.9493 0.0149 0.0085 -0.1111 0.5853 1.0000
4.2500 0.9655 0.0151 0.0086 -0.1090 0.5760 1.0000
4.5000 0.9877 0.0153 0.0087 -0.1079 0.5670 1.0000
4.7500 1.0021 0.0155 0.0089 -0.1054 0.5566 1.0000
5.0000 1.0251 0.0157 0.0090 -0.1045 0.5473 1.0000
