-5.0000 0.0913 0.0125 0.0053 -0.1227 0.7404 0.1433
-4.7500 0.1180 0.0124 0.0052 -0.1223 0.7310 0.1493
-4.5000 0.1439 0.0123 0.0050 -0.1218 0.7207 0.1554
-4.2500 0.1702 0.0122 0.0049 -0.1213 0.7105 0.1620
-4.0000 0.1962 0.0121 0.0048 -0.1208 0.7000 0.1689
-3.7500 0.2221 0.0120 0.0047 -0.1202 0.6888 0.1765
-3.5000 0.2479 0.0119 0.0046 -0.1197 0.6784 0.1845
-3.2500 0.2740 0.0119 0.0045 -0.1191 0.6671 0.1927
-3.0000 0.2992 0.0118 0.0044 -0.1185 0.6562 0.2014
-2.7500 0.3246 0.0118 0.0044 -0.1179 0.6448 0.2103
-2.5000 0.3502 0.0118 0.0043 -0.1173 0.6333 0.2202
-2.2500 0.3752 0.0118 0.0043 -0.1167 0.6224 0.2300
-2.0000 0.4004 0.0118 0.0043 -0.1160 0.6111 0.2405
-1.7500 0.4257 0.0118 0.0043 -0.1154 0.6006 0.2518
-1.5000 0.4505 0.0118 0.0043 -0.1147 0.5896 0.2636
-1.2500 0.4755 0.0118 0.0043 -0.1141 0.5793 0.2765
-1.0000 0.5000 0.0118 0.0043 -0.1134 0.5688 0.2906
-0.7500 0.5250 0.0118 0.0043 -0.1128 0.5594 0.3078
-0.5000 0.5492 0.0118 0.0043 -0.1120 0.5501 0.3273
-0.2500 0.5736 0.0118 0.0043 -0.1114 0.5419 0.3559
0.0000 0.5972 0.0115 0.0044 -0.1107 0.5336 0.4303
0.2500 0.6193 0.0114 0.0045 -0.1097 0.5258 0.5507
0.5000 0.6429 0.0113 0.0047 -0.1088 0.5189 0.6309
0.7500 0.6661 0.0112 0.0048 -0.1078 0.5122 0.6952
1.0000 0.6884 0.0112 0.0050 -0.1064 0.5059 0.7594
1.2500 0.7101 0.0112 0.0051 -0.1049 0.5001 0.8249
1.5000 0.7311 0.0112 0.0053 -0.1030 0.4942 0.8847
1.7500 0.7586 0.0114 0.0055 -0.1026 0.4884 0.9356
2.0000 0.7985 0.0117 0.0057 -0.1050 0.4826 0.9691
2.2500 0.8418 0.0119 0.0059 -0.1083 0.4781 0.9892
2.5000 0.8887 0.0121 0.0060 -0.1125 0.4728 1.0000
2.7500 0.9056 0.0123 0.0061 -0.1104 0.4684 1.0000
3.0000 0.9257 0.0125 0.0062 -0.1090 0.4639 1.0000
3.2500 0.9472 0.0126 0.0064 -0.1078 0.4601 1.0000
3.5000 0.9673 0.0128 0.0065 -0.1064 0.4564 1.0000
3.7500 0.9879 0.0129 0.0066 -0.1050 0.4524 1.0000
4.0000 1.0089 0.0131 0.0068 -0.1038 0.4483 1.0000
4.2500 1.0322 0.0134 0.0069 -0.1030 0.4442 1.0000
4.5000 1.0579 0.0136 0.0072 -0.1028 0.4401 1.0000
4.7500 1.0771 0.0138 0.0073 -0.1012 0.4367 1.0000
5.0000 1.0979 0.0140 0.0076 -0.0999 0.4330 1.0000
