-5.0000 0.0900 0.0127 0.0055 -0.1195 0.7117 0.1731
-4.7500 0.1163 0.0127 0.0054 -0.1189 0.7018 0.1796
-4.5000 0.1426 0.0127 0.0053 -0.1183 0.6919 0.1861
-4.2500 0.1671 0.0126 0.0052 -0.1176 0.6815 0.1927
-4.0000 0.1927 0.0126 0.0051 -0.1169 0.6706 0.1998
-3.7500 0.2174 0.0125 0.0050 -0.1162 0.6601 0.2070
-3.5000 0.2423 0.0124 0.0049 -0.1155 0.6494 0.2143
-3.2500 0.2671 0.0124 0.0049 -0.1147 0.6392 0.2218
-3.0000 0.2916 0.0124 0.0048 -0.1140 0.6287 0.2292
-2.7500 0.3166 0.0124 0.0048 -0.1132 0.6185 0.2374
-2.5000 0.3405 0.0123 0.0047 -0.1124 0.6081 0.2455
-2.2500 0.3652 0.0123 0.0047 -0.1116 0.5982 0.2542
-2.0000 0.3891 0.0123 0.0047 -0.1108 0.5882 0.2635
-1.7500 0.4134 0.0123 0.0047 -0.1100 0.5788 0.2732
-1.5000 0.4373 0.0124 0.0047 -0.1091 0.5693 0.2841
-1.2500 0.4612 0.0123 0.0047 -0.1083 0.5601 0.2965
-1.0000 0.4847 0.0124 0.0047 -0.1074 0.5510 0.3103
-0.7500 0.5085 0.0124 0.0047 -0.1066 0.5428 0.3260
-0.5000 0.5320 0.0123 0.0047 -0.1058 0.5350 0.3460
-0.2500 0.5555 0.0123 0.0048 -0.1050 0.5281 0.3785
0.0000 0.5782 0.0121 0.0049 -0.1041 0.5212 0.4483
0.2500 0.6007 0.0120 0.0050 -0.1031 0.5148 0.5321
0.5000 0.6243 0.0120 0.0052 -0.1023 0.5092 0.5934
0.7500 0.6478 0.0120 0.0053 -0.1014 0.5035 0.6408
1.0000 0.6709 0.0120 0.0054 -0.1003 0.4981 0.6826
1.2500 0.6948 0.0121 0.0056 -0.0995 0.4928 0.7244
1.5000 0.7161 0.0121 0.0057 -0.0980 0.4881 0.7649
1.7500 0.7372 0.0121 0.0059 -0.0965 0.4834 0.8077
2.0000 0.7583 0.0122 0.0061 -0.0948 0.4791 0.8522
2.2500 0.7824 0.0124 0.0063 -0.0938 0.4746 0.8966
2.5000 0.8088 0.0126 0.0065 -0.0932 0.4706 0.9392
2.7500 0.8475 0.0128 0.0068 -0.0954 0.4660 0.9711
3.0000 0.8904 0.0131 0.0070 -0.0987 0.4615 0.9891
3.2500 0.9392 0.0135 0.0073 -0.1032 0.4567 0.9970
3.5000 0.9564 0.0136 0.0074 -0.1014 0.4534 1.0000
3.7500 0.9687 0.0137 0.0075 -0.0985 0.4499 1.0000
4.0000 0.9858 0.0138 0.0076 -0.0966 0.4463 1.0000
4.2500 1.0066 0.0140 0.0077 -0.0954 0.4427 1.0000
4.5000 1.0334 0.0143 0.0079 -0.0954 0.4389 1.0000
4.7500 1.0517 0.0145 0.0081 -0.0937 0.4360 1.0000
5.0000 1.0714 0.0147 0.0083 -0.0924 0.4324 1.0000
