-5.0000 -0.1037 0.0170 0.0091 -0.0965 0.9146 0.0912
-4.7500 -0.0810 0.0167 0.0088 -0.0953 0.9041 0.0980
-4.5000 -0.0457 0.0162 0.0083 -0.0966 0.8993 0.1072
-4.2500 -0.0086 0.0157 0.0079 -0.0981 0.8955 0.1191
-4.0000 0.0148 0.0156 0.0078 -0.0971 0.8840 0.1326
-3.7500 0.0488 0.0152 0.0075 -0.0980 0.8782 0.1502
-3.5000 0.0745 0.0149 0.0073 -0.0974 0.8677 0.1657
-3.2500 0.1059 0.0145 0.0069 -0.0977 0.8602 0.1823
-3.0000 0.1324 0.0142 0.0066 -0.0971 0.8495 0.1986
-2.7500 0.1628 0.0138 0.0062 -0.0972 0.8408 0.2179
-2.5000 0.1886 0.0135 0.0060 -0.0965 0.8285 0.2381
-2.2500 0.2173 0.0131 0.0057 -0.0964 0.8187 0.2620
-2.0000 0.2439 0.0128 0.0054 -0.0959 0.8066 0.2901
-1.7500 0.2700 0.0124 0.0052 -0.0954 0.7942 0.3261
-1.5000 0.2955 0.0120 0.0050 -0.0948 0.7820 0.3919
-1.2500 0.3172 0.0112 0.0049 -0.0934 0.7692 0.5719
-1.0000 0.3365 0.0108 0.0050 -0.0909 0.7547 0.7276
-0.7500 0.3586 0.0106 0.0050 -0.0884 0.7404 0.8438
-0.5000 0.3958 0.0106 0.0050 -0.0892 0.7259 0.9233
-0.2500 0.4427 0.0106 0.0049 -0.0925 0.7113 0.9650
0.0000 0.4958 0.0107 0.0049 -0.0975 0.6953 0.9906
0.2500 0.5371 0.0108 0.0048 -0.1003 0.6794 1.0000
0.5000 0.5593 0.0109 0.0048 -0.0992 0.6647 1.0000
0.7500 0.5821 0.0111 0.0048 -0.0983 0.6508 1.0000
1.0000 0.6051 0.0112 0.0048 -0.0973 0.6374 1.0000
1.2500 0.6281 0.0114 0.0048 -0.0963 0.6240 1.0000
1.5000 0.6515 0.0115 0.0049 -0.0954 0.6121 1.0000
1.7500 0.6758 0.0118 0.0049 -0.0946 0.6012 1.0000
2.0000 0.6988 0.0119 0.0050 -0.0937 0.5891 1.0000
2.2500 0.7236 0.0122 0.0052 -0.0930 0.5792 1.0000
2.5000 0.7475 0.0124 0.0053 -0.0923 0.5691 1.0000
2.7500 0.7733 0.0126 0.0054 -0.0918 0.5607 1.0000
3.0000 0.7971 0.0128 0.0056 -0.0910 0.5508 1.0000
3.2500 0.8230 0.0131 0.0058 -0.0906 0.5427 1.0000
3.5000 0.8475 0.0133 0.0060 -0.0900 0.5345 1.0000
3.7500 0.8730 0.0135 0.0062 -0.0896 0.5270 1.0000
4.0000 0.8989 0.0138 0.0064 -0.0892 0.5198 1.0000
4.2500 0.9236 0.0140 0.0067 -0.0886 0.5119 1.0000
4.5000 0.9501 0.0143 0.0069 -0.0884 0.5053 1.0000
4.7500 0.9750 0.0146 0.0072 -0.0879 0.4982 1.0000
5.0000 0.9998 0.0148 0.0074 -0.0873 0.4900 1.0000
