-5.0000 -0.0553 0.0123 0.0053 -0.1003 0.7578 0.2284
-4.7500 -0.0306 0.0122 0.0052 -0.0996 0.7481 0.2361
-4.5000 -0.0036 0.0121 0.0050 -0.0992 0.7389 0.2441
-4.2500 0.0218 0.0120 0.0050 -0.0987 0.7296 0.2524
-4.0000 0.0481 0.0119 0.0048 -0.0982 0.7196 0.2607
-3.7500 0.0740 0.0118 0.0047 -0.0977 0.7105 0.2695
-3.5000 0.0997 0.0117 0.0047 -0.0971 0.7005 0.2787
-3.2500 0.1264 0.0117 0.0046 -0.0968 0.6915 0.2891
-3.0000 0.1513 0.0116 0.0045 -0.0961 0.6814 0.2992
-2.7500 0.1774 0.0116 0.0044 -0.0956 0.6718 0.3097
-2.5000 0.2030 0.0115 0.0044 -0.0951 0.6623 0.3207
-2.2500 0.2284 0.0115 0.0044 -0.0945 0.6528 0.3320
-2.0000 0.2540 0.0115 0.0043 -0.0940 0.6438 0.3441
-1.7500 0.2792 0.0114 0.0043 -0.0933 0.6342 0.3569
-1.5000 0.3050 0.0114 0.0043 -0.0928 0.6255 0.3705
-1.2500 0.3301 0.0114 0.0043 -0.0922 0.6167 0.3851
-1.0000 0.3554 0.0113 0.0043 -0.0917 0.6085 0.4013
-0.7500 0.3805 0.0113 0.0043 -0.0911 0.6005 0.4197
-0.5000 0.4052 0.0112 0.0043 -0.0904 0.5921 0.4415
-0.2500 0.4303 0.0112 0.0043 -0.0898 0.5844 0.4680
0.0000 0.4547 0.0112 0.0044 -0.0891 0.5770 0.4982
0.2500 0.4793 0.0112 0.0044 -0.0884 0.5699 0.5324
0.5000 0.5046 0.0112 0.0045 -0.0878 0.5635 0.5657
0.7500 0.5292 0.0112 0.0046 -0.0871 0.5571 0.5978
1.0000 0.5537 0.0112 0.0047 -0.0863 0.5506 0.6299
1.2500 0.5792 0.0112 0.0048 -0.0858 0.5446 0.6598
1.5000 0.6028 0.0112 0.0049 -0.0848 0.5380 0.6902
1.7500 0.6267 0.0112 0.0050 -0.0839 0.5312 0.7191
2.0000 0.6512 0.0113 0.0051 -0.0831 0.5249 0.7471
2.2500 0.6746 0.0114 0.0053 -0.0821 0.5188 0.7748
2.5000 0.6980 0.0114 0.0054 -0.0810 0.5132 0.8041
2.7500 0.7219 0.0115 0.0056 -0.0800 0.5077 0.8359
3.0000 0.7441 0.0116 0.0057 -0.0786 0.5025 0.8680
3.2500 0.7657 0.0117 0.0059 -0.0770 0.4967 0.8990
3.5000 0.7901 0.0119 0.0061 -0.0761 0.4908 0.9270
3.7500 0.8205 0.0121 0.0063 -0.0765 0.4850 0.9485
4.0000 0.8550 0.0124 0.0066 -0.0778 0.4791 0.9655
4.2500 0.8938 0.0126 0.0068 -0.0802 0.4732 0.9786
4.5000 0.9361 0.0130 0.0070 -0.0834 0.4669 0.9870
4.7500 0.9774 0.0132 0.0073 -0.0864 0.4602 0.9934
5.0000 1.0202 0.0135 0.0075 -0.0898 0.4528 0.9996
