-5.0000 -0.3976 0.0171 0.0097 -0.0382 0.8600 0.3813
-4.7500 -0.3709 0.0168 0.0094 -0.0377 0.8514 0.3917
-4.5000 -0.3442 0.0165 0.0091 -0.0372 0.8427 0.4022
-4.2500 -0.3189 0.0163 0.0089 -0.0365 0.8329 0.4128
-4.0000 -0.2909 0.0160 0.0086 -0.0362 0.8240 0.4236
-3.7500 -0.2667 0.0158 0.0084 -0.0352 0.8130 0.4339
-3.5000 -0.2387 0.0156 0.0082 -0.0350 0.8047 0.4463
-3.2500 -0.2153 0.0154 0.0080 -0.0339 0.7930 0.4586
-3.0000 -0.1897 0.0153 0.0079 -0.0332 0.7822 0.4698
-2.7500 -0.1618 0.0150 0.0077 -0.0329 0.7722 0.4812
-2.5000 -0.1378 0.0149 0.0076 -0.0319 0.7601 0.4927
-2.2500 -0.1099 0.0148 0.0074 -0.0317 0.7509 0.5052
-2.0000 -0.0861 0.0147 0.0074 -0.0307 0.7391 0.5174
-1.7500 -0.0593 0.0146 0.0073 -0.0302 0.7292 0.5293
-1.5000 -0.0336 0.0145 0.0072 -0.0295 0.7179 0.5418
-1.2500 -0.0084 0.0145 0.0072 -0.0288 0.7061 0.5550
-1.0000 0.0191 0.0144 0.0070 -0.0284 0.6958 0.5688
-0.7500 0.0431 0.0144 0.0070 -0.0274 0.6839 0.5823
-0.5000 0.0694 0.0143 0.0070 -0.0269 0.6737 0.5951
-0.2500 0.0959 0.0143 0.0070 -0.0264 0.6635 0.6089
0.0000 0.1199 0.0143 0.0070 -0.0254 0.6520 0.6239
0.2500 0.1462 0.0143 0.0070 -0.0248 0.6415 0.6381
0.5000 0.1715 0.0142 0.0070 -0.0240 0.6301 0.6524
0.7500 0.1961 0.0143 0.0071 -0.0231 0.6189 0.6674
1.0000 0.2226 0.0143 0.0070 -0.0226 0.6091 0.6833
1.2500 0.2463 0.0143 0.0072 -0.0216 0.5978 0.6985
1.5000 0.2717 0.0143 0.0073 -0.0208 0.5878 0.7137
1.7500 0.2972 0.0144 0.0074 -0.0200 0.5778 0.7290
2.0000 0.3247 0.0146 0.0074 -0.0197 0.5688 0.7441
2.2500 0.3475 0.0146 0.0076 -0.0185 0.5577 0.7591
2.5000 0.3730 0.0147 0.0077 -0.0177 0.5479 0.7740
2.7500 0.3984 0.0149 0.0079 -0.0169 0.5380 0.7890
3.0000 0.4239 0.0150 0.0080 -0.0161 0.5282 0.8039
3.2500 0.4474 0.0152 0.0082 -0.0149 0.5180 0.8190
3.5000 0.4712 0.0153 0.0083 -0.0138 0.5086 0.8349
3.7500 0.4973 0.0155 0.0086 -0.0130 0.4984 0.8473
4.0000 0.5214 0.0158 0.0088 -0.0119 0.4883 0.8614
4.2500 0.5442 0.0160 0.0090 -0.0106 0.4788 0.8770
4.5000 0.5720 0.0163 0.0093 -0.0102 0.4679 0.8872
4.7500 0.5983 0.0166 0.0095 -0.0095 0.4582 0.8997
5.0000 0.6247 0.0168 0.0098 -0.0090 0.4464 0.9100
