-5.0000 -0.1930 0.0318 0.0236 -0.0959 0.9515 0.0747
-4.7500 -0.1606 0.0313 0.0230 -0.0975 0.9420 0.0797
-4.5000 -0.1147 0.0300 0.0213 -0.1013 0.9370 0.0842
-4.2500 -0.0836 0.0293 0.0206 -0.1024 0.9282 0.0878
-4.0000 -0.0449 0.0285 0.0196 -0.1047 0.9214 0.0933
-3.7500 0.0009 0.0279 0.0189 -0.1083 0.9170 0.1022
-3.5000 0.0253 0.0278 0.0187 -0.1081 0.9059 0.1122
-3.2500 0.0675 0.0276 0.0186 -0.1111 0.9001 0.1296
-3.0000 0.0976 0.0274 0.0183 -0.1117 0.8905 0.1456
-2.7500 0.1370 0.0266 0.0176 -0.1138 0.8835 0.1628
-2.5000 0.1854 0.0258 0.0168 -0.1174 0.8797 0.1879
-2.2500 0.2084 0.0256 0.0166 -0.1166 0.8673 0.2068
-2.0000 0.2543 0.0248 0.0158 -0.1196 0.8628 0.2355
-1.7500 0.3026 0.0239 0.0150 -0.1229 0.8597 0.2707
-1.5000 0.3228 0.0237 0.0150 -0.1215 0.8464 0.2980
-1.2500 0.3657 0.0228 0.0142 -0.1237 0.8422 0.3418
-1.0000 0.3905 0.0223 0.0140 -0.1231 0.8312 0.3868
-0.7500 0.4274 0.0213 0.0134 -0.1242 0.8251 0.4838
-0.5000 0.4686 0.0194 0.0128 -0.1244 0.8216 1.0000
-0.2500 0.4908 0.0196 0.0128 -0.1233 0.8086 1.0000
0.0000 0.5311 0.0192 0.0122 -0.1249 0.8030 1.0000
0.2500 0.5560 0.0194 0.0122 -0.1242 0.7913 1.0000
0.5000 0.5928 0.0191 0.0117 -0.1252 0.7844 1.0000
0.7500 0.6196 0.0192 0.0117 -0.1248 0.7740 1.0000
1.0000 0.6529 0.0191 0.0114 -0.1252 0.7659 1.0000
1.2500 0.6815 0.0191 0.0114 -0.1251 0.7566 1.0000
1.5000 0.7116 0.0191 0.0113 -0.1252 0.7474 1.0000
1.7500 0.7421 0.0192 0.0112 -0.1253 0.7391 1.0000
2.0000 0.7682 0.0194 0.0114 -0.1248 0.7287 1.0000
2.2500 0.8019 0.0193 0.0112 -0.1254 0.7220 1.0000
2.5000 0.8226 0.0198 0.0117 -0.1244 0.7110 1.0000
2.7500 0.8570 0.0198 0.0116 -0.1251 0.7049 1.0000
3.0000 0.8763 0.0204 0.0122 -0.1239 0.6939 1.0000
3.2500 0.9084 0.0204 0.0122 -0.1242 0.6868 1.0000
3.5000 0.9305 0.0209 0.0127 -0.1233 0.6770 1.0000
3.7500 0.9600 0.0210 0.0128 -0.1233 0.6687 1.0000
4.0000 0.9848 0.0214 0.0132 -0.1227 0.6597 1.0000
4.2500 1.0114 0.0216 0.0134 -0.1224 0.6507 1.0000
4.5000 1.0397 0.0219 0.0137 -0.1223 0.6429 1.0000
4.7500 1.0622 0.0223 0.0142 -0.1214 0.6332 1.0000
5.0000 1.0965 0.0224 0.0142 -0.1221 0.6270 1.0000
