-5.0000 -0.5172 0.0154 0.0073 -0.0148 0.9977 0.1091
-4.7500 -0.4753 0.0151 0.0071 -0.0180 0.9926 0.1284
-4.5000 -0.4327 0.0148 0.0070 -0.0214 0.9886 0.1528
-4.2500 -0.3971 0.0145 0.0068 -0.0234 0.9824 0.1796
-4.0000 -0.3581 0.0142 0.0066 -0.0261 0.9766 0.2124
-3.7500 -0.3159 0.0139 0.0065 -0.0293 0.9721 0.2481
-3.5000 -0.2797 0.0135 0.0064 -0.0314 0.9657 0.3015
-3.2500 -0.2442 0.0131 0.0063 -0.0333 0.9583 0.3727
-3.0000 -0.2024 0.0126 0.0061 -0.0362 0.9535 0.4327
-2.7500 -0.1653 0.0123 0.0060 -0.0381 0.9470 0.4873
-2.5000 -0.1304 0.0119 0.0058 -0.0394 0.9389 0.5444
-2.2500 -0.0905 0.0115 0.0057 -0.0415 0.9336 0.6060
-2.0000 -0.0602 0.0112 0.0056 -0.0414 0.9243 0.6619
-1.7500 -0.0285 0.0108 0.0055 -0.0415 0.9158 0.7157
-1.5000 0.0030 0.0106 0.0054 -0.0414 0.9082 0.7630
-1.2500 0.0300 0.0104 0.0053 -0.0404 0.8973 0.8042
-1.0000 0.0600 0.0103 0.0052 -0.0398 0.8883 0.8396
-0.7500 0.0880 0.0102 0.0052 -0.0387 0.8758 0.8710
-0.5000 0.1180 0.0101 0.0051 -0.0381 0.8626 0.8979
-0.2500 0.1518 0.0101 0.0051 -0.0383 0.8500 0.9229
0.0000 0.1908 0.0102 0.0050 -0.0397 0.8370 0.9426
0.2500 0.2309 0.0102 0.0050 -0.0416 0.8211 0.9582
0.5000 0.2754 0.0102 0.0050 -0.0445 0.8043 0.9691
0.7500 0.3214 0.0102 0.0048 -0.0480 0.7850 0.9785
1.0000 0.3654 0.0102 0.0047 -0.0510 0.7647 0.9895
1.2500 0.4140 0.0102 0.0046 -0.0553 0.7440 0.9988
1.5000 0.4405 0.0102 0.0045 -0.0551 0.7244 1.0000
1.7500 0.4638 0.0103 0.0045 -0.0543 0.7056 1.0000
2.0000 0.4868 0.0103 0.0044 -0.0534 0.6860 1.0000
2.2500 0.5097 0.0104 0.0044 -0.0525 0.6664 1.0000
2.5000 0.5325 0.0105 0.0044 -0.0515 0.6464 1.0000
2.7500 0.5553 0.0106 0.0045 -0.0504 0.6276 1.0000
3.0000 0.5782 0.0108 0.0045 -0.0494 0.6096 1.0000
3.2500 0.6010 0.0109 0.0046 -0.0484 0.5915 1.0000
3.5000 0.6237 0.0111 0.0047 -0.0473 0.5731 1.0000
3.7500 0.6460 0.0113 0.0048 -0.0462 0.5531 1.0000
4.0000 0.6684 0.0115 0.0050 -0.0450 0.5331 1.0000
4.2500 0.6906 0.0117 0.0051 -0.0438 0.5130 1.0000
4.5000 0.7127 0.0119 0.0053 -0.0426 0.4933 1.0000
4.7500 0.7347 0.0121 0.0054 -0.0414 0.4732 1.0000
5.0000 0.7565 0.0123 0.0056 -0.0402 0.4519 1.0000
