-5.0000 0.0250 0.0134 0.0059 -0.0858 0.6702 0.1832
-4.7500 0.0484 0.0133 0.0057 -0.0848 0.6604 0.1908
-4.5000 0.0716 0.0132 0.0056 -0.0837 0.6511 0.1986
-4.2500 0.0948 0.0131 0.0055 -0.0827 0.6407 0.2071
-4.0000 0.1171 0.0129 0.0053 -0.0815 0.6308 0.2167
-3.7500 0.1396 0.0128 0.0052 -0.0803 0.6211 0.2288
-3.5000 0.1607 0.0126 0.0050 -0.0790 0.6113 0.2459
-3.2500 0.1793 0.0122 0.0048 -0.0773 0.6014 0.2925
-3.0000 0.1969 0.0118 0.0048 -0.0754 0.5917 0.3808
-2.7500 0.2178 0.0116 0.0047 -0.0739 0.5819 0.4309
-2.5000 0.2401 0.0116 0.0048 -0.0727 0.5721 0.4631
-2.2500 0.2626 0.0116 0.0048 -0.0714 0.5616 0.4869
-2.0000 0.2854 0.0116 0.0048 -0.0703 0.5510 0.5071
-1.7500 0.3081 0.0116 0.0048 -0.0691 0.5405 0.5263
-1.5000 0.3303 0.0117 0.0049 -0.0678 0.5303 0.5437
-1.2500 0.3526 0.0118 0.0049 -0.0666 0.5200 0.5603
-1.0000 0.3748 0.0118 0.0050 -0.0653 0.5095 0.5754
-0.7500 0.3968 0.0119 0.0051 -0.0641 0.4993 0.5909
-0.5000 0.4187 0.0120 0.0052 -0.0628 0.4888 0.6064
-0.2500 0.4391 0.0121 0.0052 -0.0612 0.4786 0.6216
0.0000 0.4584 0.0122 0.0053 -0.0595 0.4692 0.6364
0.2500 0.4778 0.0123 0.0054 -0.0578 0.4590 0.6513
0.5000 0.4981 0.0124 0.0056 -0.0562 0.4485 0.6681
0.7500 0.5186 0.0125 0.0057 -0.0548 0.4385 0.6870
1.0000 0.5391 0.0127 0.0059 -0.0534 0.4295 0.7044
1.2500 0.5594 0.0129 0.0061 -0.0520 0.4211 0.7220
1.5000 0.5814 0.0131 0.0063 -0.0509 0.4120 0.7401
1.7500 0.6025 0.0133 0.0065 -0.0496 0.4040 0.7590
2.0000 0.6230 0.0135 0.0067 -0.0483 0.3968 0.7801
2.2500 0.6441 0.0137 0.0070 -0.0470 0.3902 0.8036
2.5000 0.6640 0.0139 0.0073 -0.0455 0.3841 0.8296
2.7500 0.6836 0.0141 0.0076 -0.0438 0.3788 0.8571
3.0000 0.7023 0.0144 0.0078 -0.0420 0.3737 0.8843
3.2500 0.7204 0.0147 0.0082 -0.0401 0.3695 0.9112
3.5000 0.7423 0.0150 0.0085 -0.0388 0.3650 0.9353
3.7500 0.7686 0.0153 0.0088 -0.0387 0.3606 0.9566
4.0000 0.8039 0.0158 0.0092 -0.0405 0.3565 0.9707
4.2500 0.8421 0.0162 0.0096 -0.0430 0.3520 0.9819
4.5000 0.8842 0.0166 0.0100 -0.0464 0.3480 0.9884
4.7500 0.9244 0.0170 0.0103 -0.0494 0.3447 0.9945
5.0000 0.9637 0.0174 0.0107 -0.0522 0.3414 0.9996
