-5.0000 0.0603 0.0208 0.0145 -0.0972 0.8109 0.0500
-4.7500 0.0860 0.0197 0.0131 -0.0963 0.7988 0.0535
-4.5000 0.1106 0.0182 0.0113 -0.0955 0.7866 0.0554
-4.2500 0.1365 0.0176 0.0106 -0.0950 0.7738 0.0569
-4.0000 0.1630 0.0172 0.0101 -0.0944 0.7610 0.0583
-3.7500 0.1893 0.0166 0.0094 -0.0938 0.7477 0.0597
-3.5000 0.2158 0.0161 0.0087 -0.0931 0.7343 0.0617
-3.2500 0.2422 0.0157 0.0082 -0.0924 0.7196 0.0647
-3.0000 0.2679 0.0152 0.0076 -0.0918 0.7053 0.0683
-2.7500 0.2941 0.0151 0.0074 -0.0912 0.6899 0.0721
-2.5000 0.3204 0.0149 0.0070 -0.0905 0.6744 0.0762
-2.2500 0.3457 0.0144 0.0065 -0.0898 0.6582 0.0791
-2.0000 0.3712 0.0143 0.0063 -0.0891 0.6415 0.0818
-1.7500 0.3967 0.0141 0.0060 -0.0884 0.6243 0.0846
-1.5000 0.4219 0.0139 0.0057 -0.0875 0.6059 0.0871
-1.2500 0.4461 0.0137 0.0055 -0.0867 0.5872 0.0904
-1.0000 0.4708 0.0137 0.0054 -0.0859 0.5672 0.0954
-0.7500 0.4947 0.0136 0.0052 -0.0849 0.5451 0.0999
-0.5000 0.5187 0.0136 0.0051 -0.0840 0.5229 0.1048
-0.2500 0.5419 0.0135 0.0050 -0.0830 0.5001 0.1102
0.0000 0.5651 0.0136 0.0049 -0.0820 0.4762 0.1165
0.2500 0.5880 0.0137 0.0049 -0.0809 0.4519 0.1234
0.5000 0.6105 0.0138 0.0049 -0.0799 0.4273 0.1309
0.7500 0.6331 0.0139 0.0049 -0.0789 0.4038 0.1394
1.0000 0.6559 0.0141 0.0050 -0.0779 0.3825 0.1500
1.2500 0.6786 0.0142 0.0050 -0.0770 0.3652 0.1657
1.5000 0.6991 0.0136 0.0051 -0.0762 0.3515 0.4558
1.7500 0.7372 0.0127 0.0056 -0.0775 0.3388 0.9882
2.0000 0.7694 0.0131 0.0058 -0.0786 0.3295 1.0000
2.2500 0.7896 0.0134 0.0060 -0.0771 0.3231 1.0000
2.5000 0.8121 0.0136 0.0061 -0.0761 0.3174 1.0000
2.7500 0.8340 0.0139 0.0063 -0.0750 0.3127 1.0000
3.0000 0.8566 0.0142 0.0065 -0.0740 0.3086 1.0000
3.2500 0.8802 0.0144 0.0067 -0.0732 0.3046 1.0000
3.5000 0.9036 0.0147 0.0069 -0.0724 0.3011 1.0000
3.7500 0.9269 0.0151 0.0072 -0.0717 0.2981 1.0000
4.0000 0.9512 0.0154 0.0074 -0.0711 0.2953 1.0000
4.2500 0.9755 0.0157 0.0077 -0.0705 0.2926 1.0000
4.5000 0.9997 0.0160 0.0079 -0.0700 0.2900 1.0000
4.7500 1.0241 0.0163 0.0083 -0.0694 0.2876 1.0000
5.0000 1.0490 0.0167 0.0086 -0.0691 0.2853 1.0000
