-5.0000 0.0640 0.0181 0.0108 -0.0943 0.7759 0.0667
-4.7500 0.0907 0.0174 0.0100 -0.0937 0.7649 0.0681
-4.5000 0.1171 0.0170 0.0094 -0.0930 0.7523 0.0700
-4.2500 0.1428 0.0163 0.0087 -0.0923 0.7401 0.0723
-4.0000 0.1688 0.0160 0.0083 -0.0917 0.7275 0.0745
-3.7500 0.1951 0.0157 0.0079 -0.0910 0.7151 0.0770
-3.5000 0.2209 0.0153 0.0075 -0.0903 0.7022 0.0803
-3.2500 0.2467 0.0150 0.0070 -0.0896 0.6892 0.0835
-3.0000 0.2724 0.0148 0.0068 -0.0889 0.6758 0.0863
-2.7500 0.2981 0.0146 0.0066 -0.0882 0.6618 0.0895
-2.5000 0.3236 0.0144 0.0063 -0.0874 0.6482 0.0923
-2.2500 0.3481 0.0142 0.0060 -0.0866 0.6333 0.0955
-2.0000 0.3731 0.0141 0.0059 -0.0857 0.6183 0.0994
-1.7500 0.3977 0.0139 0.0056 -0.0848 0.6030 0.1034
-1.5000 0.4219 0.0138 0.0055 -0.0840 0.5875 0.1081
-1.2500 0.4463 0.0138 0.0054 -0.0831 0.5704 0.1138
-1.0000 0.4702 0.0138 0.0053 -0.0821 0.5537 0.1198
-0.7500 0.4938 0.0137 0.0052 -0.0812 0.5360 0.1253
-0.5000 0.5174 0.0137 0.0051 -0.0802 0.5185 0.1319
-0.2500 0.5407 0.0137 0.0050 -0.0792 0.5000 0.1394
0.0000 0.5633 0.0137 0.0050 -0.0780 0.4817 0.1478
0.2500 0.5856 0.0138 0.0049 -0.0769 0.4611 0.1608
0.5000 0.6078 0.0138 0.0049 -0.0758 0.4404 0.1737
0.7500 0.6239 0.0129 0.0049 -0.0742 0.4222 0.4764
1.0000 0.6369 0.0123 0.0052 -0.0711 0.4038 0.7418
1.2500 0.6518 0.0123 0.0055 -0.0676 0.3871 0.8814
1.5000 0.6903 0.0127 0.0059 -0.0693 0.3682 0.9590
1.7500 0.7409 0.0132 0.0062 -0.0741 0.3527 0.9795
2.0000 0.7914 0.0137 0.0065 -0.0790 0.3371 1.0000
2.2500 0.8053 0.0139 0.0066 -0.0764 0.3298 1.0000
2.5000 0.8202 0.0142 0.0068 -0.0740 0.3235 1.0000
2.7500 0.8366 0.0145 0.0069 -0.0719 0.3182 1.0000
3.0000 0.8545 0.0147 0.0071 -0.0700 0.3132 1.0000
3.2500 0.8726 0.0150 0.0073 -0.0682 0.3092 1.0000
3.5000 0.8933 0.0153 0.0075 -0.0669 0.3053 1.0000
3.7500 0.9139 0.0155 0.0077 -0.0656 0.3018 1.0000
4.0000 0.9348 0.0159 0.0080 -0.0645 0.2989 1.0000
4.2500 0.9566 0.0162 0.0083 -0.0634 0.2961 1.0000
4.5000 0.9782 0.0165 0.0085 -0.0624 0.2934 1.0000
4.7500 0.9999 0.0168 0.0088 -0.0614 0.2908 1.0000
5.0000 1.0223 0.0171 0.0091 -0.0605 0.2885 1.0000
