-5.0000 -0.7063 0.0250 0.0166 0.0140 0.9727 0.4164
-4.7500 -0.6707 0.0249 0.0165 0.0121 0.9625 0.4326
-4.5000 -0.6239 0.0249 0.0165 0.0082 0.9546 0.4515
-4.2500 -0.5920 0.0248 0.0164 0.0072 0.9430 0.4684
-4.0000 -0.5436 0.0247 0.0164 0.0032 0.9361 0.4865
-3.7500 -0.5043 0.0246 0.0163 0.0011 0.9269 0.5029
-3.5000 -0.4651 0.0244 0.0163 -0.0010 0.9178 0.5192
-3.2500 -0.4397 0.0243 0.0162 -0.0006 0.9052 0.5344
-3.0000 -0.3906 0.0241 0.0161 -0.0044 0.8999 0.5547
-2.7500 -0.3646 0.0240 0.0160 -0.0039 0.8868 0.5714
-2.5000 -0.3263 0.0238 0.0160 -0.0054 0.8772 0.5882
-2.2500 -0.2815 0.0236 0.0158 -0.0079 0.8695 0.6062
-2.0000 -0.2474 0.0234 0.0157 -0.0086 0.8589 0.6229
-1.7500 -0.2015 0.0230 0.0154 -0.0111 0.8524 0.6410
-1.5000 -0.1731 0.0228 0.0152 -0.0106 0.8402 0.6579
-1.2500 -0.1272 0.0223 0.0148 -0.0128 0.8346 0.6765
-1.0000 -0.1001 0.0223 0.0149 -0.0118 0.8212 0.6909
-0.7500 -0.0667 0.0221 0.0148 -0.0119 0.8107 0.7069
-0.5000 -0.0298 0.0218 0.0145 -0.0123 0.8008 0.7232
-0.2500 -0.0031 0.0217 0.0144 -0.0112 0.7876 0.7396
0.0000 0.0352 0.0213 0.0140 -0.0118 0.7790 0.7575
0.2500 0.0630 0.0215 0.0143 -0.0107 0.7644 0.7716
0.5000 0.1028 0.0213 0.0141 -0.0114 0.7546 0.7864
0.7500 0.1272 0.0212 0.0140 -0.0100 0.7394 0.8027
1.0000 0.1610 0.0213 0.0141 -0.0099 0.7249 0.8154
1.2500 0.2016 0.0212 0.0140 -0.0108 0.7131 0.8283
1.5000 0.2252 0.0214 0.0141 -0.0094 0.6971 0.8441
1.7500 0.2668 0.0217 0.0144 -0.0108 0.6826 0.8549
2.0000 0.3089 0.0217 0.0143 -0.0122 0.6687 0.8664
2.2500 0.3375 0.0219 0.0145 -0.0119 0.6519 0.8807
2.5000 0.3853 0.0222 0.0147 -0.0148 0.6353 0.8890
2.7500 0.4273 0.0223 0.0148 -0.0169 0.6198 0.9004
3.0000 0.4757 0.0225 0.0148 -0.0202 0.6029 0.9101
3.2500 0.5151 0.0226 0.0149 -0.0222 0.5860 0.9215
3.5000 0.5544 0.0227 0.0149 -0.0242 0.5692 0.9329
3.7500 0.6062 0.0227 0.0148 -0.0286 0.5500 0.9405
4.0000 0.6440 0.0229 0.0149 -0.0306 0.5320 0.9528
4.2500 0.6913 0.0230 0.0149 -0.0345 0.5137 0.9626
4.5000 0.7351 0.0231 0.0149 -0.0379 0.4964 0.9735
4.7500 0.7814 0.0231 0.0149 -0.0417 0.4780 0.9840
5.0000 0.8280 0.0231 0.0147 -0.0458 0.4595 0.9932
