-5.0000 0.0355 0.0179 0.0095 -0.0978 0.7329 0.2417
-4.7500 0.0603 0.0177 0.0093 -0.0971 0.7231 0.2496
-4.5000 0.0843 0.0175 0.0091 -0.0962 0.7130 0.2581
-4.2500 0.1085 0.0172 0.0089 -0.0954 0.7031 0.2674
-4.0000 0.1323 0.0170 0.0086 -0.0945 0.6930 0.2772
-3.7500 0.1560 0.0168 0.0084 -0.0936 0.6829 0.2879
-3.5000 0.1793 0.0165 0.0082 -0.0926 0.6729 0.2996
-3.2500 0.2021 0.0163 0.0080 -0.0916 0.6628 0.3136
-3.0000 0.2240 0.0160 0.0078 -0.0904 0.6523 0.3305
-2.7500 0.2455 0.0158 0.0077 -0.0891 0.6420 0.3549
-2.5000 0.2662 0.0156 0.0076 -0.0878 0.6320 0.3921
-2.2500 0.2862 0.0154 0.0076 -0.0862 0.6218 0.4463
-2.0000 0.3063 0.0152 0.0076 -0.0845 0.6113 0.4998
-1.7500 0.3274 0.0152 0.0077 -0.0830 0.6009 0.5422
-1.5000 0.3495 0.0152 0.0077 -0.0817 0.5907 0.5760
-1.2500 0.3716 0.0153 0.0078 -0.0803 0.5804 0.6036
-1.0000 0.3943 0.0154 0.0079 -0.0791 0.5706 0.6273
-0.7500 0.4168 0.0155 0.0080 -0.0779 0.5610 0.6492
-0.5000 0.4396 0.0155 0.0081 -0.0767 0.5519 0.6703
-0.2500 0.4629 0.0157 0.0082 -0.0757 0.5433 0.6906
0.0000 0.4866 0.0158 0.0083 -0.0747 0.5352 0.7101
0.2500 0.5115 0.0159 0.0084 -0.0740 0.5277 0.7289
0.5000 0.5345 0.0161 0.0086 -0.0729 0.5201 0.7477
0.7500 0.5576 0.0162 0.0088 -0.0718 0.5130 0.7663
1.0000 0.5827 0.0164 0.0089 -0.0711 0.5068 0.7859
1.2500 0.6049 0.0166 0.0091 -0.0698 0.5002 0.8069
1.5000 0.6281 0.0168 0.0094 -0.0687 0.4944 0.8281
1.7500 0.6524 0.0170 0.0096 -0.0677 0.4888 0.8499
2.0000 0.6742 0.0173 0.0098 -0.0662 0.4831 0.8710
2.2500 0.7014 0.0175 0.0101 -0.0658 0.4782 0.8904
2.5000 0.7264 0.0179 0.0104 -0.0651 0.4731 0.9102
2.7500 0.7594 0.0182 0.0107 -0.0659 0.4682 0.9286
3.0000 0.7955 0.0186 0.0111 -0.0675 0.4627 0.9444
3.2500 0.8413 0.0191 0.0115 -0.0711 0.4577 0.9568
3.5000 0.8894 0.0196 0.0121 -0.0754 0.4526 0.9657
3.7500 0.9409 0.0200 0.0124 -0.0805 0.4478 0.9723
4.0000 0.9865 0.0204 0.0127 -0.0845 0.4430 0.9804
4.2500 1.0353 0.0208 0.0130 -0.0892 0.4381 0.9866
4.5000 1.0832 0.0211 0.0133 -0.0938 0.4338 0.9926
4.7500 1.1292 0.0215 0.0137 -0.0981 0.4295 0.9989
5.0000 1.1537 0.0217 0.0137 -0.0983 0.4265 1.0000
