-5.0000 -0.1675 0.0170 0.0092 -0.0838 0.9164 0.1214
-4.7500 -0.1327 0.0167 0.0089 -0.0851 0.9104 0.1354
-4.5000 -0.0946 0.0163 0.0085 -0.0869 0.9066 0.1496
-4.2500 -0.0685 0.0160 0.0082 -0.0864 0.8970 0.1612
-4.0000 -0.0345 0.0154 0.0078 -0.0873 0.8915 0.1753
-3.7500 -0.0067 0.0151 0.0075 -0.0870 0.8824 0.1897
-3.5000 0.0251 0.0146 0.0070 -0.0874 0.8752 0.2068
-3.2500 0.0515 0.0143 0.0067 -0.0868 0.8643 0.2246
-3.0000 0.0810 0.0138 0.0063 -0.0868 0.8557 0.2457
-2.7500 0.1081 0.0134 0.0060 -0.0864 0.8452 0.2692
-2.5000 0.1344 0.0131 0.0058 -0.0858 0.8340 0.2966
-2.2500 0.1623 0.0126 0.0055 -0.0855 0.8242 0.3322
-2.0000 0.1872 0.0122 0.0053 -0.0848 0.8118 0.3832
-1.7500 0.2100 0.0116 0.0052 -0.0836 0.7987 0.4894
-1.5000 0.2329 0.0112 0.0051 -0.0821 0.7863 0.6134
-1.2500 0.2561 0.0108 0.0050 -0.0804 0.7733 0.7074
-1.0000 0.2784 0.0107 0.0051 -0.0784 0.7587 0.7819
-0.7500 0.3031 0.0106 0.0051 -0.0768 0.7451 0.8436
-0.5000 0.3334 0.0107 0.0051 -0.0762 0.7323 0.8918
-0.2500 0.3692 0.0108 0.0051 -0.0771 0.7172 0.9290
0.0000 0.4102 0.0109 0.0052 -0.0792 0.7015 0.9584
0.2500 0.4616 0.0111 0.0052 -0.0837 0.6856 0.9770
0.5000 0.5113 0.0112 0.0051 -0.0881 0.6695 0.9904
0.7500 0.5595 0.0112 0.0050 -0.0924 0.6532 1.0000
1.0000 0.5811 0.0113 0.0050 -0.0913 0.6398 1.0000
1.2500 0.6022 0.0115 0.0050 -0.0902 0.6260 1.0000
1.5000 0.6243 0.0116 0.0050 -0.0891 0.6139 1.0000
1.7500 0.6469 0.0118 0.0050 -0.0881 0.6029 1.0000
2.0000 0.6690 0.0119 0.0052 -0.0871 0.5914 1.0000
2.2500 0.6927 0.0121 0.0052 -0.0863 0.5817 1.0000
2.5000 0.7147 0.0123 0.0054 -0.0852 0.5708 1.0000
2.7500 0.7389 0.0125 0.0055 -0.0844 0.5620 1.0000
3.0000 0.7612 0.0127 0.0057 -0.0833 0.5517 1.0000
3.2500 0.7859 0.0130 0.0058 -0.0827 0.5431 1.0000
3.5000 0.8081 0.0132 0.0060 -0.0816 0.5335 1.0000
3.7500 0.8328 0.0134 0.0062 -0.0810 0.5256 1.0000
4.0000 0.8562 0.0136 0.0064 -0.0801 0.5171 1.0000
4.2500 0.8806 0.0139 0.0066 -0.0794 0.5091 1.0000
4.5000 0.9052 0.0141 0.0068 -0.0788 0.5015 1.0000
4.7500 0.9294 0.0143 0.0070 -0.0781 0.4937 1.0000
5.0000 0.9556 0.0147 0.0073 -0.0778 0.4869 1.0000
