-5.0000 -0.0402 0.0142 0.0072 -0.1175 0.8266 0.2640
-4.7500 -0.0132 0.0140 0.0070 -0.1172 0.8198 0.2730
-4.5000 0.0182 0.0137 0.0067 -0.1178 0.8148 0.2825
-4.2500 0.0439 0.0137 0.0066 -0.1172 0.8078 0.2919
-4.0000 0.0713 0.0134 0.0064 -0.1170 0.8012 0.3012
-3.7500 0.1039 0.0133 0.0062 -0.1178 0.7964 0.3118
-3.5000 0.1265 0.0132 0.0062 -0.1167 0.7885 0.3216
-3.2500 0.1557 0.0131 0.0060 -0.1168 0.7825 0.3324
-3.0000 0.1854 0.0130 0.0059 -0.1170 0.7768 0.3434
-2.7500 0.2098 0.0129 0.0059 -0.1163 0.7690 0.3533
-2.5000 0.2398 0.0128 0.0057 -0.1165 0.7627 0.3645
-2.2500 0.2662 0.0127 0.0057 -0.1161 0.7554 0.3749
-2.0000 0.2925 0.0126 0.0056 -0.1156 0.7473 0.3862
-1.7500 0.3238 0.0125 0.0055 -0.1162 0.7409 0.3978
-1.5000 0.3469 0.0125 0.0055 -0.1151 0.7325 0.4084
-1.2500 0.3748 0.0124 0.0055 -0.1150 0.7254 0.4211
-1.0000 0.4042 0.0124 0.0054 -0.1152 0.7187 0.4338
-0.7500 0.4276 0.0124 0.0055 -0.1142 0.7097 0.4466
-0.5000 0.4562 0.0123 0.0054 -0.1141 0.7021 0.4607
-0.2500 0.4814 0.0123 0.0054 -0.1135 0.6940 0.4736
0.0000 0.5069 0.0123 0.0054 -0.1129 0.6854 0.4876
0.2500 0.5368 0.0123 0.0054 -0.1132 0.6781 0.5026
0.5000 0.5593 0.0123 0.0055 -0.1120 0.6694 0.5165
0.7500 0.5864 0.0123 0.0055 -0.1117 0.6615 0.5317
1.0000 0.6130 0.0123 0.0055 -0.1114 0.6534 0.5474
1.2500 0.6360 0.0123 0.0056 -0.1103 0.6439 0.5631
1.5000 0.6608 0.0123 0.0057 -0.1096 0.6351 0.5808
1.7500 0.6857 0.0124 0.0057 -0.1089 0.6264 0.5984
2.0000 0.7113 0.0124 0.0058 -0.1083 0.6181 0.6189
2.2500 0.7362 0.0124 0.0059 -0.1077 0.6101 0.6423
2.5000 0.7583 0.0125 0.0060 -0.1064 0.6010 0.6664
2.7500 0.7846 0.0125 0.0061 -0.1060 0.5926 0.6935
3.0000 0.8054 0.0126 0.0062 -0.1045 0.5835 0.7244
3.2500 0.8263 0.0126 0.0063 -0.1029 0.5743 0.7553
3.5000 0.8459 0.0126 0.0065 -0.1010 0.5654 0.7943
3.7500 0.8642 0.0126 0.0067 -0.0988 0.5564 0.8407
4.0000 0.8840 0.0128 0.0069 -0.0967 0.5480 0.8971
4.2500 0.9151 0.0129 0.0071 -0.0971 0.5382 0.9546
4.5000 0.9609 0.0132 0.0073 -0.1010 0.5283 0.9934
4.7500 0.9779 0.0134 0.0075 -0.0991 0.5188 1.0000
5.0000 0.9946 0.0136 0.0076 -0.0970 0.5100 1.0000
