-5.0000 -0.0396 0.0149 0.0077 -0.1141 0.7920 0.2928
-4.7500 -0.0128 0.0148 0.0076 -0.1138 0.7856 0.3003
-4.5000 0.0183 0.0146 0.0073 -0.1143 0.7803 0.3078
-4.2500 0.0436 0.0145 0.0072 -0.1137 0.7737 0.3152
-4.0000 0.0682 0.0143 0.0071 -0.1130 0.7665 0.3221
-3.7500 0.0988 0.0142 0.0069 -0.1134 0.7607 0.3307
-3.5000 0.1245 0.0140 0.0068 -0.1129 0.7539 0.3377
-3.2500 0.1493 0.0140 0.0067 -0.1122 0.7465 0.3457
-3.0000 0.1797 0.0138 0.0066 -0.1126 0.7406 0.3542
-2.7500 0.2045 0.0138 0.0065 -0.1119 0.7336 0.3621
-2.5000 0.2308 0.0137 0.0065 -0.1115 0.7264 0.3714
-2.2500 0.2571 0.0136 0.0064 -0.1111 0.7190 0.3803
-2.0000 0.2834 0.0136 0.0063 -0.1107 0.7117 0.3893
-1.7500 0.3121 0.0135 0.0063 -0.1107 0.7050 0.3994
-1.5000 0.3367 0.0135 0.0063 -0.1100 0.6977 0.4081
-1.2500 0.3635 0.0135 0.0062 -0.1097 0.6906 0.4178
-1.0000 0.3897 0.0134 0.0062 -0.1092 0.6832 0.4268
-0.7500 0.4143 0.0134 0.0062 -0.1085 0.6749 0.4367
-0.5000 0.4399 0.0134 0.0062 -0.1079 0.6672 0.4465
-0.2500 0.4641 0.0134 0.0062 -0.1071 0.6592 0.4560
0.0000 0.4906 0.0134 0.0062 -0.1068 0.6520 0.4665
0.2500 0.5131 0.0134 0.0062 -0.1056 0.6437 0.4762
0.5000 0.5406 0.0135 0.0062 -0.1055 0.6365 0.4883
0.7500 0.5613 0.0134 0.0063 -0.1040 0.6280 0.4988
1.0000 0.5903 0.0135 0.0063 -0.1042 0.6212 0.5113
1.2500 0.6097 0.0135 0.0064 -0.1025 0.6130 0.5233
1.5000 0.6350 0.0136 0.0064 -0.1019 0.6057 0.5350
1.7500 0.6568 0.0136 0.0065 -0.1007 0.5978 0.5478
2.0000 0.6798 0.0137 0.0066 -0.0997 0.5899 0.5621
2.2500 0.7026 0.0138 0.0067 -0.0987 0.5823 0.5762
2.5000 0.7236 0.0138 0.0068 -0.0973 0.5744 0.5912
2.7500 0.7475 0.0139 0.0069 -0.0965 0.5673 0.6074
3.0000 0.7640 0.0140 0.0070 -0.0942 0.5592 0.6231
3.2500 0.7882 0.0141 0.0071 -0.0935 0.5522 0.6403
3.5000 0.8034 0.0142 0.0073 -0.0911 0.5442 0.6581
3.7500 0.8277 0.0143 0.0075 -0.0904 0.5372 0.6796
4.0000 0.8447 0.0144 0.0077 -0.0883 0.5291 0.7027
4.2500 0.8651 0.0146 0.0079 -0.0869 0.5209 0.7278
4.5000 0.8817 0.0147 0.0082 -0.0848 0.5123 0.7576
4.7500 0.8985 0.0149 0.0084 -0.0826 0.5039 0.7921
5.0000 0.9152 0.0150 0.0087 -0.0803 0.4964 0.8356
