-5.0000 -0.0314 0.0149 0.0077 -0.1150 0.7865 0.2973
-4.7500 -0.0127 0.0148 0.0076 -0.1131 0.7785 0.3038
-4.5000 0.0144 0.0147 0.0074 -0.1129 0.7719 0.3109
-4.2500 0.0456 0.0145 0.0073 -0.1135 0.7666 0.3186
-4.0000 0.0690 0.0145 0.0072 -0.1125 0.7597 0.3262
-3.7500 0.0933 0.0143 0.0071 -0.1117 0.7526 0.3337
-3.5000 0.1231 0.0142 0.0070 -0.1120 0.7469 0.3425
-3.2500 0.1507 0.0141 0.0069 -0.1119 0.7409 0.3503
-3.0000 0.1731 0.0141 0.0069 -0.1108 0.7335 0.3575
-2.7500 0.2014 0.0140 0.0067 -0.1107 0.7270 0.3653
-2.5000 0.2306 0.0139 0.0066 -0.1109 0.7205 0.3731
-2.2500 0.2522 0.0139 0.0066 -0.1095 0.7123 0.3809
-2.0000 0.2803 0.0138 0.0065 -0.1095 0.7054 0.3889
-1.7500 0.3083 0.0137 0.0065 -0.1094 0.6989 0.3979
-1.5000 0.3304 0.0137 0.0064 -0.1082 0.6912 0.4064
-1.2500 0.3579 0.0137 0.0064 -0.1080 0.6842 0.4157
-1.0000 0.3835 0.0137 0.0064 -0.1075 0.6766 0.4252
-0.7500 0.4055 0.0136 0.0064 -0.1062 0.6682 0.4339
-0.5000 0.4357 0.0136 0.0063 -0.1066 0.6611 0.4438
-0.2500 0.4567 0.0136 0.0063 -0.1052 0.6533 0.4524
0.0000 0.4814 0.0136 0.0063 -0.1044 0.6458 0.4621
0.2500 0.5126 0.0136 0.0063 -0.1050 0.6393 0.4727
0.5000 0.5311 0.0136 0.0064 -0.1032 0.6314 0.4823
0.7500 0.5561 0.0137 0.0064 -0.1025 0.6240 0.4943
1.0000 0.5819 0.0137 0.0065 -0.1021 0.6169 0.5066
1.2500 0.6017 0.0138 0.0066 -0.1004 0.6090 0.5177
1.5000 0.6286 0.0138 0.0066 -0.1002 0.6020 0.5297
1.7500 0.6499 0.0138 0.0067 -0.0988 0.5942 0.5416
2.0000 0.6711 0.0139 0.0068 -0.0975 0.5864 0.5536
2.2500 0.6970 0.0140 0.0068 -0.0971 0.5791 0.5675
2.5000 0.7114 0.0140 0.0070 -0.0945 0.5706 0.5812
2.7500 0.7353 0.0141 0.0070 -0.0937 0.5628 0.5964
3.0000 0.7500 0.0142 0.0072 -0.0911 0.5546 0.6117
3.2500 0.7698 0.0143 0.0073 -0.0895 0.5468 0.6276
3.5000 0.7930 0.0144 0.0075 -0.0887 0.5396 0.6453
3.7500 0.8107 0.0146 0.0077 -0.0868 0.5317 0.6641
4.0000 0.8336 0.0147 0.0078 -0.0859 0.5242 0.6841
4.2500 0.8520 0.0149 0.0081 -0.0842 0.5165 0.7063
4.5000 0.8696 0.0150 0.0084 -0.0823 0.5083 0.7317
4.7500 0.8919 0.0152 0.0086 -0.0812 0.5010 0.7602
5.0000 0.9065 0.0154 0.0089 -0.0788 0.4937 0.7945
