-5.0000 -0.6052 0.0219 0.0131 -0.0104 1.0000 0.3114
-4.7500 -0.5842 0.0216 0.0129 -0.0096 1.0000 0.3312
-4.5000 -0.5631 0.0215 0.0128 -0.0089 1.0000 0.3520
-4.2500 -0.5419 0.0213 0.0127 -0.0082 1.0000 0.3724
-4.0000 -0.5207 0.0211 0.0127 -0.0075 1.0000 0.3928
-3.7500 -0.4995 0.0211 0.0127 -0.0068 1.0000 0.4137
-3.5000 -0.4750 0.0211 0.0128 -0.0068 0.9990 0.4382
-3.2500 -0.4297 0.0214 0.0132 -0.0106 0.9915 0.4678
-3.0000 -0.3880 0.0216 0.0135 -0.0136 0.9839 0.4955
-2.7500 -0.3464 0.0218 0.0138 -0.0165 0.9755 0.5234
-2.5000 -0.3033 0.0220 0.0141 -0.0197 0.9677 0.5529
-2.2500 -0.2655 0.0221 0.0143 -0.0216 0.9577 0.5781
-2.0000 -0.2238 0.0222 0.0146 -0.0244 0.9492 0.6063
-1.7500 -0.1878 0.0223 0.0147 -0.0258 0.9389 0.6312
-1.5000 -0.1509 0.0223 0.0149 -0.0274 0.9294 0.6586
-1.2500 -0.1131 0.0223 0.0149 -0.0290 0.9198 0.6846
-1.0000 -0.0807 0.0223 0.0150 -0.0294 0.9086 0.7097
-0.7500 -0.0375 0.0221 0.0149 -0.0316 0.9000 0.7382
-0.5000 -0.0093 0.0220 0.0149 -0.0309 0.8870 0.7627
-0.2500 0.0363 0.0217 0.0147 -0.0332 0.8810 0.7918
0.0000 0.0597 0.0217 0.0148 -0.0315 0.8676 0.8163
0.2500 0.0919 0.0215 0.0147 -0.0312 0.8569 0.8443
0.5000 0.1376 0.0211 0.0144 -0.0330 0.8496 0.8698
0.7500 0.1755 0.0209 0.0142 -0.0336 0.8382 0.8946
1.0000 0.2351 0.0204 0.0137 -0.0380 0.8325 0.9155
1.2500 0.2875 0.0202 0.0135 -0.0416 0.8206 0.9365
1.5000 0.3541 0.0197 0.0131 -0.0478 0.8103 0.9518
1.7500 0.4295 0.0190 0.0123 -0.0558 0.8014 0.9617
2.0000 0.4913 0.0185 0.0118 -0.0616 0.7865 0.9746
2.2500 0.5500 0.0180 0.0113 -0.0672 0.7662 0.9890
2.5000 0.6063 0.0175 0.0108 -0.0725 0.7454 1.0000
2.7500 0.6244 0.0172 0.0104 -0.0709 0.7258 1.0000
3.0000 0.6429 0.0170 0.0100 -0.0692 0.7059 1.0000
3.2500 0.6592 0.0169 0.0098 -0.0671 0.6842 1.0000
3.5000 0.6748 0.0169 0.0097 -0.0648 0.6615 1.0000
3.7500 0.6927 0.0169 0.0097 -0.0628 0.6397 1.0000
4.0000 0.7118 0.0170 0.0096 -0.0609 0.6181 1.0000
4.2500 0.7318 0.0171 0.0097 -0.0592 0.5971 1.0000
4.5000 0.7519 0.0174 0.0097 -0.0575 0.5761 1.0000
4.7500 0.7696 0.0176 0.0100 -0.0555 0.5535 1.0000
5.0000 0.7891 0.0179 0.0101 -0.0536 0.5317 1.0000
