-5.0000 -0.6098 0.0301 0.0214 -0.0146 0.9230 0.3963
-4.7500 -0.5712 0.0300 0.0213 -0.0169 0.9155 0.4101
-4.5000 -0.5401 0.0299 0.0213 -0.0176 0.9057 0.4218
-4.2500 -0.5016 0.0298 0.0213 -0.0196 0.8983 0.4352
-4.0000 -0.4703 0.0296 0.0211 -0.0203 0.8884 0.4485
-3.7500 -0.4382 0.0295 0.0209 -0.0213 0.8794 0.4623
-3.5000 -0.3996 0.0293 0.0209 -0.0230 0.8716 0.4746
-3.2500 -0.3712 0.0292 0.0209 -0.0231 0.8619 0.4864
-3.0000 -0.3288 0.0289 0.0206 -0.0255 0.8559 0.5011
-2.7500 -0.3026 0.0288 0.0204 -0.0252 0.8449 0.5152
-2.5000 -0.2526 0.0284 0.0202 -0.0284 0.8406 0.5308
-2.2500 -0.2281 0.0283 0.0202 -0.0275 0.8289 0.5424
-2.0000 -0.1925 0.0280 0.0199 -0.0284 0.8212 0.5571
-1.7500 -0.1570 0.0277 0.0196 -0.0294 0.8135 0.5717
-1.5000 -0.1207 0.0273 0.0193 -0.0302 0.8056 0.5855
-1.2500 -0.0845 0.0270 0.0191 -0.0311 0.7978 0.5992
-1.0000 -0.0351 0.0264 0.0185 -0.0338 0.7940 0.6153
-0.7500 -0.0139 0.0262 0.0184 -0.0322 0.7813 0.6289
-0.5000 0.0364 0.0254 0.0176 -0.0349 0.7778 0.6454
-0.2500 0.0526 0.0255 0.0177 -0.0326 0.7642 0.6593
0.0000 0.0998 0.0248 0.0170 -0.0349 0.7600 0.6754
0.2500 0.1182 0.0248 0.0172 -0.0327 0.7468 0.6889
0.5000 0.1657 0.0241 0.0165 -0.0348 0.7412 0.7047
0.7500 0.1871 0.0240 0.0165 -0.0330 0.7283 0.7185
1.0000 0.2328 0.0234 0.0158 -0.0349 0.7217 0.7347
1.2500 0.2520 0.0234 0.0159 -0.0329 0.7086 0.7503
1.5000 0.2967 0.0228 0.0153 -0.0346 0.7014 0.7669
1.7500 0.3169 0.0229 0.0155 -0.0325 0.6876 0.7800
2.0000 0.3469 0.0228 0.0153 -0.0320 0.6763 0.7947
2.2500 0.3830 0.0225 0.0150 -0.0325 0.6657 0.8099
2.5000 0.4045 0.0226 0.0151 -0.0307 0.6521 0.8257
2.7500 0.4349 0.0226 0.0151 -0.0302 0.6403 0.8414
3.0000 0.4699 0.0226 0.0150 -0.0306 0.6289 0.8570
3.2500 0.4972 0.0229 0.0153 -0.0298 0.6149 0.8710
3.5000 0.5353 0.0231 0.0154 -0.0310 0.6013 0.8832
3.7500 0.5801 0.0231 0.0153 -0.0334 0.5890 0.8961
4.0000 0.6083 0.0234 0.0157 -0.0333 0.5748 0.9114
4.2500 0.6590 0.0238 0.0160 -0.0373 0.5600 0.9202
4.5000 0.7031 0.0240 0.0162 -0.0402 0.5464 0.9338
4.7500 0.7663 0.0242 0.0162 -0.0466 0.5309 0.9408
5.0000 0.8013 0.0245 0.0165 -0.0484 0.5154 0.9542
