-5.0000 -0.3484 0.0312 0.0224 -0.0872 1.0000 0.0861
-4.7500 -0.3005 0.0309 0.0219 -0.0917 0.9939 0.0927
-4.5000 -0.2534 0.0311 0.0220 -0.0962 0.9892 0.1024
-4.2500 -0.2191 0.0311 0.0221 -0.0984 0.9826 0.1131
-4.0000 -0.1802 0.0313 0.0223 -0.1014 0.9768 0.1284
-3.7500 -0.1327 0.0315 0.0225 -0.1058 0.9723 0.1469
-3.5000 -0.1022 0.0311 0.0222 -0.1069 0.9653 0.1627
-3.2500 -0.0672 0.0310 0.0220 -0.1089 0.9600 0.1833
-3.0000 -0.0265 0.0311 0.0222 -0.1118 0.9560 0.2089
-2.7500 0.0091 0.0312 0.0223 -0.1139 0.9510 0.2339
-2.5000 0.0368 0.0311 0.0223 -0.1144 0.9437 0.2579
-2.2500 0.0803 0.0312 0.0225 -0.1177 0.9384 0.2898
-2.0000 0.1127 0.0313 0.0226 -0.1190 0.9312 0.3211
-1.7500 0.1450 0.0314 0.0228 -0.1202 0.9239 0.3523
-1.5000 0.1885 0.0316 0.0232 -0.1233 0.9197 0.3899
-1.2500 0.2097 0.0318 0.0234 -0.1225 0.9109 0.4199
-1.0000 0.2469 0.0319 0.0237 -0.1244 0.9050 0.4567
-0.7500 0.2776 0.0320 0.0240 -0.1251 0.8977 0.4940
-0.5000 0.3083 0.0322 0.0243 -0.1258 0.8903 0.5313
-0.2500 0.3529 0.0322 0.0244 -0.1287 0.8859 0.5769
0.0000 0.3713 0.0324 0.0247 -0.1273 0.8756 0.6114
0.2500 0.4114 0.0323 0.0247 -0.1292 0.8710 0.6618
0.5000 0.4305 0.0324 0.0250 -0.1277 0.8613 0.7082
0.7500 0.4650 0.0319 0.0248 -0.1281 0.8561 0.7906
1.0000 0.4776 0.0317 0.0249 -0.1252 0.8448 1.0000
1.2500 0.5243 0.0318 0.0247 -0.1288 0.8401 1.0000
1.5000 0.5451 0.0323 0.0252 -0.1282 0.8294 1.0000
1.7500 0.5882 0.0323 0.0250 -0.1308 0.8245 1.0000
2.0000 0.6089 0.0328 0.0255 -0.1300 0.8133 1.0000
2.2500 0.6526 0.0325 0.0251 -0.1323 0.8084 1.0000
2.5000 0.6727 0.0330 0.0256 -0.1312 0.7967 1.0000
2.7500 0.7174 0.0325 0.0250 -0.1334 0.7920 1.0000
3.0000 0.7458 0.0325 0.0250 -0.1332 0.7823 1.0000
3.2500 0.7743 0.0325 0.0251 -0.1331 0.7725 1.0000
3.5000 0.8027 0.0325 0.0251 -0.1329 0.7628 1.0000
3.7500 0.8456 0.0318 0.0244 -0.1345 0.7581 1.0000
4.0000 0.8854 0.0310 0.0237 -0.1355 0.7527 1.0000
4.2500 0.9244 0.0301 0.0228 -0.1362 0.7459 1.0000
4.5000 0.9634 0.0291 0.0219 -0.1369 0.7390 1.0000
4.7500 1.0024 0.0282 0.0210 -0.1376 0.7321 1.0000
5.0000 1.0414 0.0272 0.0201 -0.1383 0.7253 1.0000
