-5.0000 -0.3271 0.0343 0.0255 -0.0932 0.9781 0.1301
-4.7500 -0.2830 0.0340 0.0251 -0.0969 0.9733 0.1403
-4.5000 -0.2458 0.0337 0.0248 -0.0994 0.9672 0.1511
-4.2500 -0.2149 0.0334 0.0245 -0.1006 0.9609 0.1628
-4.0000 -0.1735 0.0333 0.0244 -0.1037 0.9557 0.1790
-3.7500 -0.1320 0.0333 0.0242 -0.1067 0.9501 0.1966
-3.5000 -0.1045 0.0330 0.0239 -0.1072 0.9420 0.2117
-3.2500 -0.0629 0.0329 0.0240 -0.1102 0.9368 0.2312
-3.0000 -0.0237 0.0331 0.0242 -0.1127 0.9321 0.2526
-2.7500 -0.0039 0.0330 0.0242 -0.1119 0.9245 0.2700
-2.5000 0.0334 0.0331 0.0244 -0.1140 0.9193 0.2943
-2.2500 0.0812 0.0334 0.0247 -0.1179 0.9154 0.3247
-2.0000 0.0966 0.0334 0.0248 -0.1161 0.9046 0.3440
-1.7500 0.1395 0.0335 0.0249 -0.1190 0.8991 0.3741
-1.5000 0.1678 0.0336 0.0252 -0.1194 0.8916 0.3993
-1.2500 0.1967 0.0337 0.0254 -0.1199 0.8840 0.4259
-1.0000 0.2381 0.0339 0.0256 -0.1223 0.8797 0.4591
-0.7500 0.2570 0.0342 0.0260 -0.1211 0.8707 0.4838
-0.5000 0.2907 0.0343 0.0262 -0.1222 0.8640 0.5161
-0.2500 0.3365 0.0342 0.0262 -0.1251 0.8600 0.5523
0.0000 0.3509 0.0345 0.0266 -0.1231 0.8481 0.5788
0.2500 0.3927 0.0343 0.0265 -0.1251 0.8433 0.6161
0.5000 0.4111 0.0345 0.0269 -0.1237 0.8332 0.6481
0.7500 0.4447 0.0344 0.0269 -0.1243 0.8273 0.6912
1.0000 0.4865 0.0339 0.0266 -0.1259 0.8239 0.7462
1.2500 0.4937 0.0340 0.0270 -0.1223 0.8113 0.8041
1.5000 0.5335 0.0331 0.0262 -0.1234 0.8068 1.0000
1.7500 0.5515 0.0338 0.0267 -0.1226 0.7940 1.0000
2.0000 0.5971 0.0335 0.0263 -0.1254 0.7898 1.0000
2.2500 0.6265 0.0336 0.0264 -0.1258 0.7812 1.0000
2.5000 0.6560 0.0338 0.0265 -0.1261 0.7725 1.0000
2.7500 0.6917 0.0336 0.0263 -0.1270 0.7658 1.0000
3.0000 0.7173 0.0338 0.0264 -0.1266 0.7553 1.0000
3.2500 0.7639 0.0329 0.0255 -0.1287 0.7522 1.0000
3.5000 0.7940 0.0327 0.0253 -0.1286 0.7435 1.0000
3.7500 0.8241 0.0325 0.0251 -0.1285 0.7349 1.0000
4.0000 0.8746 0.0310 0.0236 -0.1306 0.7327 1.0000
4.2500 0.9099 0.0303 0.0230 -0.1310 0.7254 1.0000
4.5000 0.9452 0.0297 0.0223 -0.1313 0.7180 1.0000
4.7500 0.9805 0.0290 0.0217 -0.1317 0.7107 1.0000
5.0000 1.0158 0.0283 0.0211 -0.1321 0.7034 1.0000
