-5.0000 -0.5665 0.0247 0.0158 -0.0204 0.9860 0.2872
-4.7500 -0.5285 0.0246 0.0158 -0.0229 0.9780 0.3083
-4.5000 -0.4831 0.0246 0.0158 -0.0268 0.9719 0.3328
-4.2500 -0.4508 0.0244 0.0158 -0.0281 0.9629 0.3525
-4.0000 -0.4104 0.0244 0.0158 -0.0308 0.9561 0.3761
-3.7500 -0.3763 0.0244 0.0158 -0.0324 0.9480 0.3983
-3.5000 -0.3384 0.0243 0.0158 -0.0345 0.9395 0.4226
-3.2500 -0.2993 0.0242 0.0159 -0.0368 0.9318 0.4462
-3.0000 -0.2661 0.0241 0.0158 -0.0379 0.9219 0.4709
-2.7500 -0.2205 0.0240 0.0158 -0.0411 0.9165 0.4982
-2.5000 -0.1983 0.0239 0.0159 -0.0402 0.9048 0.5200
-2.2500 -0.1539 0.0238 0.0158 -0.0431 0.8987 0.5494
-2.0000 -0.1286 0.0237 0.0158 -0.0424 0.8870 0.5721
-1.7500 -0.0853 0.0234 0.0156 -0.0449 0.8807 0.6014
-1.5000 -0.0606 0.0233 0.0157 -0.0441 0.8695 0.6252
-1.2500 -0.0196 0.0230 0.0155 -0.0459 0.8633 0.6564
-1.0000 0.0123 0.0229 0.0155 -0.0460 0.8546 0.6856
-0.7500 0.0443 0.0227 0.0155 -0.0461 0.8460 0.7148
-0.5000 0.0905 0.0222 0.0151 -0.0481 0.8422 0.7495
-0.2500 0.1077 0.0223 0.0153 -0.0455 0.8286 0.7793
0.0000 0.1499 0.0218 0.0149 -0.0464 0.8241 0.8140
0.2500 0.1704 0.0219 0.0151 -0.0441 0.8112 0.8449
0.5000 0.2170 0.0214 0.0147 -0.0456 0.8059 0.8762
0.7500 0.2549 0.0215 0.0148 -0.0464 0.7954 0.9069
1.0000 0.3170 0.0212 0.0144 -0.0515 0.7886 0.9296
1.2500 0.3853 0.0207 0.0139 -0.0579 0.7820 0.9479
1.5000 0.4555 0.0204 0.0135 -0.0653 0.7694 0.9617
1.7500 0.5225 0.0199 0.0130 -0.0722 0.7564 0.9766
2.0000 0.5882 0.0193 0.0123 -0.0790 0.7440 0.9911
2.2500 0.6364 0.0189 0.0118 -0.0830 0.7303 1.0000
2.5000 0.6510 0.0188 0.0117 -0.0811 0.7157 1.0000
2.7500 0.6669 0.0187 0.0116 -0.0792 0.7016 1.0000
3.0000 0.6837 0.0187 0.0115 -0.0773 0.6872 1.0000
3.2500 0.7021 0.0187 0.0114 -0.0755 0.6724 1.0000
3.5000 0.7230 0.0186 0.0112 -0.0740 0.6579 1.0000
3.7500 0.7459 0.0186 0.0111 -0.0727 0.6433 1.0000
4.0000 0.7626 0.0187 0.0112 -0.0705 0.6269 1.0000
4.2500 0.7808 0.0189 0.0113 -0.0686 0.6109 1.0000
4.5000 0.8006 0.0191 0.0114 -0.0668 0.5951 1.0000
4.7500 0.8220 0.0192 0.0115 -0.0653 0.5793 1.0000
5.0000 0.8454 0.0193 0.0114 -0.0641 0.5635 1.0000
