-5.0000 -0.4643 0.0118 0.0052 -0.0189 0.9705 0.1506
-4.7500 -0.4258 0.0114 0.0049 -0.0213 0.9671 0.1717
-4.5000 -0.3853 0.0110 0.0046 -0.0241 0.9641 0.1974
-4.2500 -0.3521 0.0106 0.0043 -0.0252 0.9578 0.2277
-4.0000 -0.3207 0.0101 0.0040 -0.0260 0.9512 0.2741
-3.7500 -0.2893 0.0096 0.0038 -0.0268 0.9446 0.3205
-3.5000 -0.2604 0.0091 0.0036 -0.0269 0.9363 0.3811
-3.2500 -0.2349 0.0088 0.0034 -0.0263 0.9254 0.4313
-3.0000 -0.2089 0.0085 0.0032 -0.0257 0.9142 0.4751
-2.7500 -0.1828 0.0082 0.0031 -0.0250 0.9020 0.5109
-2.5000 -0.1567 0.0080 0.0030 -0.0243 0.8886 0.5404
-2.2500 -0.1307 0.0079 0.0029 -0.0236 0.8745 0.5707
-2.0000 -0.1046 0.0077 0.0027 -0.0229 0.8600 0.5993
-1.7500 -0.0785 0.0076 0.0027 -0.0222 0.8446 0.6262
-1.5000 -0.0526 0.0075 0.0026 -0.0214 0.8285 0.6542
-1.2500 -0.0269 0.0074 0.0026 -0.0206 0.8107 0.6831
-1.0000 -0.0012 0.0073 0.0025 -0.0198 0.7930 0.7113
-0.7500 0.0247 0.0073 0.0025 -0.0191 0.7742 0.7369
-0.5000 0.0507 0.0072 0.0025 -0.0183 0.7557 0.7617
-0.2500 0.0764 0.0072 0.0025 -0.0175 0.7367 0.7879
0.0000 0.1021 0.0073 0.0025 -0.0166 0.7176 0.8141
0.2500 0.1275 0.0074 0.0026 -0.0157 0.6961 0.8380
0.5000 0.1529 0.0074 0.0026 -0.0148 0.6745 0.8619
0.7500 0.1786 0.0075 0.0027 -0.0139 0.6524 0.8819
1.0000 0.2046 0.0076 0.0028 -0.0131 0.6319 0.9003
1.2500 0.2307 0.0078 0.0028 -0.0123 0.6114 0.9171
1.5000 0.2587 0.0079 0.0029 -0.0120 0.5887 0.9302
1.7500 0.2879 0.0081 0.0030 -0.0120 0.5662 0.9417
2.0000 0.3183 0.0083 0.0031 -0.0123 0.5441 0.9520
2.2500 0.3534 0.0086 0.0032 -0.0136 0.5210 0.9588
2.5000 0.3876 0.0088 0.0034 -0.0149 0.4976 0.9662
2.7500 0.4280 0.0090 0.0035 -0.0175 0.4748 0.9704
3.0000 0.4662 0.0092 0.0036 -0.0197 0.4542 0.9759
3.2500 0.5016 0.0095 0.0037 -0.0214 0.4348 0.9818
3.5000 0.5428 0.0097 0.0038 -0.0243 0.4141 0.9851
3.7500 0.5827 0.0099 0.0039 -0.0270 0.3945 0.9892
4.0000 0.6222 0.0100 0.0041 -0.0296 0.3754 0.9939
4.2500 0.6606 0.0103 0.0042 -0.0320 0.3582 0.9981
4.5000 0.6922 0.0105 0.0044 -0.0331 0.3428 1.0000
4.7500 0.7141 0.0106 0.0044 -0.0321 0.3286 1.0000
5.0000 0.7358 0.0108 0.0046 -0.0310 0.3141 1.0000
