-5.0000 -0.1778 0.0304 0.0210 -0.0677 0.7625 0.3215
-4.7500 -0.1281 0.0292 0.0199 -0.0708 0.7597 0.3355
-4.5000 -0.1085 0.0289 0.0197 -0.0691 0.7495 0.3466
-4.2500 -0.0848 0.0285 0.0194 -0.0681 0.7405 0.3594
-4.0000 -0.0390 0.0275 0.0185 -0.0705 0.7363 0.3781
-3.7500 -0.0180 0.0272 0.0184 -0.0690 0.7265 0.3948
-3.5000 0.0298 0.0262 0.0174 -0.0716 0.7227 0.4217
-3.2500 0.0497 0.0260 0.0173 -0.0699 0.7124 0.4442
-3.0000 0.0730 0.0257 0.0172 -0.0686 0.7029 0.4718
-2.7500 0.1007 0.0254 0.0170 -0.0678 0.6944 0.5039
-2.5000 0.1381 0.0248 0.0165 -0.0686 0.6879 0.5438
-2.2500 0.1577 0.0248 0.0167 -0.0664 0.6777 0.5746
-2.0000 0.1791 0.0249 0.0168 -0.0646 0.6680 0.6039
-1.7500 0.2117 0.0247 0.0167 -0.0645 0.6607 0.6326
-1.5000 0.2382 0.0248 0.0167 -0.0635 0.6520 0.6568
-1.2500 0.2574 0.0250 0.0170 -0.0614 0.6423 0.6780
-1.0000 0.2856 0.0250 0.0170 -0.0606 0.6342 0.6995
-0.7500 0.3183 0.0250 0.0169 -0.0606 0.6267 0.7197
-0.5000 0.3366 0.0253 0.0172 -0.0584 0.6175 0.7384
-0.2500 0.3620 0.0255 0.0175 -0.0572 0.6096 0.7557
0.0000 0.3979 0.0255 0.0174 -0.0577 0.6030 0.7736
0.2500 0.4138 0.0259 0.0178 -0.0551 0.5942 0.7899
0.5000 0.4340 0.0262 0.0181 -0.0533 0.5866 0.8074
0.7500 0.4723 0.0263 0.0181 -0.0543 0.5807 0.8231
1.0000 0.4845 0.0269 0.0188 -0.0512 0.5726 0.8388
1.2500 0.5201 0.0272 0.0190 -0.0518 0.5665 0.8549
1.5000 0.5429 0.0277 0.0196 -0.0505 0.5592 0.8726
1.7500 0.5857 0.0284 0.0201 -0.0525 0.5526 0.8873
2.0000 0.6356 0.0289 0.0206 -0.0561 0.5456 0.9000
2.2500 0.6660 0.0295 0.0212 -0.0567 0.5390 0.9170
2.5000 0.7418 0.0299 0.0214 -0.0654 0.5324 0.9232
2.7500 0.7800 0.0307 0.0222 -0.0681 0.5258 0.9364
3.0000 0.8369 0.0309 0.0223 -0.0738 0.5206 0.9464
3.2500 0.8813 0.0316 0.0231 -0.0780 0.5138 0.9565
3.5000 0.9351 0.0316 0.0230 -0.0832 0.5087 0.9674
3.7500 0.9715 0.0323 0.0238 -0.0862 0.5017 0.9786
4.0000 1.0395 0.0321 0.0233 -0.0940 0.4965 0.9864
4.2500 1.0732 0.0331 0.0244 -0.0969 0.4897 0.9990
4.5000 1.0932 0.0332 0.0244 -0.0966 0.4861 1.0001
4.7500 1.0803 0.0339 0.0252 -0.0909 0.4823 1.0001
5.0000 1.0503 0.0349 0.0263 -0.0825 0.4783 1.0001
