-5.0000 -0.0813 0.0136 0.0062 -0.0887 0.8458 0.1162
-4.7500 -0.0557 0.0134 0.0061 -0.0881 0.8349 0.1244
-4.5000 -0.0272 0.0132 0.0058 -0.0880 0.8262 0.1330
-4.2500 -0.0018 0.0130 0.0057 -0.0873 0.8142 0.1416
-4.0000 0.0257 0.0128 0.0054 -0.0870 0.8040 0.1507
-3.7500 0.0524 0.0126 0.0052 -0.0865 0.7921 0.1601
-3.5000 0.0787 0.0124 0.0050 -0.0861 0.7805 0.1700
-3.2500 0.1054 0.0122 0.0048 -0.0856 0.7686 0.1807
-3.0000 0.1313 0.0120 0.0047 -0.0851 0.7555 0.1925
-2.7500 0.1580 0.0119 0.0045 -0.0847 0.7433 0.2063
-2.5000 0.1841 0.0117 0.0043 -0.0841 0.7296 0.2221
-2.2500 0.2096 0.0115 0.0042 -0.0835 0.7151 0.2400
-2.0000 0.2350 0.0113 0.0040 -0.0829 0.7001 0.2634
-1.7500 0.2596 0.0111 0.0039 -0.0822 0.6851 0.2992
-1.5000 0.2808 0.0105 0.0038 -0.0811 0.6703 0.4303
-1.2500 0.3022 0.0101 0.0038 -0.0797 0.6549 0.5604
-1.0000 0.3251 0.0100 0.0038 -0.0784 0.6399 0.6383
-0.7500 0.3484 0.0099 0.0039 -0.0772 0.6253 0.6990
-0.5000 0.3717 0.0099 0.0039 -0.0758 0.6103 0.7522
-0.2500 0.3951 0.0099 0.0040 -0.0744 0.5949 0.7948
0.0000 0.4184 0.0099 0.0041 -0.0730 0.5795 0.8373
0.2500 0.4427 0.0100 0.0042 -0.0717 0.5648 0.8756
0.5000 0.4691 0.0102 0.0043 -0.0710 0.5505 0.9072
0.7500 0.4994 0.0105 0.0045 -0.0711 0.5369 0.9331
1.0000 0.5341 0.0107 0.0046 -0.0722 0.5220 0.9551
1.2500 0.5739 0.0110 0.0048 -0.0745 0.5081 0.9717
1.5000 0.6233 0.0112 0.0049 -0.0790 0.4958 0.9799
1.7500 0.6688 0.0115 0.0050 -0.0827 0.4847 0.9896
2.0000 0.7213 0.0117 0.0052 -0.0879 0.4740 0.9973
2.2500 0.7519 0.0119 0.0053 -0.0888 0.4656 1.0000
2.5000 0.7710 0.0121 0.0053 -0.0873 0.4593 1.0000
2.7500 0.7905 0.0122 0.0054 -0.0858 0.4530 1.0000
3.0000 0.8104 0.0123 0.0055 -0.0843 0.4472 1.0000
3.2500 0.8312 0.0126 0.0057 -0.0830 0.4420 1.0000
3.5000 0.8521 0.0127 0.0058 -0.0817 0.4369 1.0000
3.7500 0.8732 0.0129 0.0060 -0.0805 0.4315 1.0000
4.0000 0.8953 0.0132 0.0061 -0.0794 0.4263 1.0000
4.2500 0.9169 0.0133 0.0063 -0.0782 0.4212 1.0000
4.5000 0.9387 0.0135 0.0065 -0.0771 0.4161 1.0000
4.7500 0.9612 0.0137 0.0067 -0.0761 0.4115 1.0000
5.0000 0.9856 0.0140 0.0069 -0.0755 0.4071 1.0000
