-5.0000 -0.3764 0.0138 0.0072 -0.0450 0.8635 0.3631
-4.7500 -0.3478 0.0136 0.0069 -0.0449 0.8567 0.3729
-4.5000 -0.3243 0.0134 0.0067 -0.0439 0.8465 0.3816
-4.2500 -0.2987 0.0132 0.0066 -0.0433 0.8370 0.3909
-4.0000 -0.2715 0.0130 0.0063 -0.0429 0.8281 0.4004
-3.7500 -0.2464 0.0128 0.0061 -0.0422 0.8174 0.4098
-3.5000 -0.2206 0.0127 0.0060 -0.0416 0.8069 0.4195
-3.2500 -0.1947 0.0125 0.0059 -0.0411 0.7964 0.4294
-3.0000 -0.1688 0.0124 0.0057 -0.0405 0.7855 0.4394
-2.7500 -0.1430 0.0123 0.0056 -0.0399 0.7738 0.4494
-2.5000 -0.1173 0.0122 0.0055 -0.0393 0.7616 0.4601
-2.2500 -0.0915 0.0121 0.0054 -0.0387 0.7493 0.4715
-2.0000 -0.0658 0.0120 0.0053 -0.0381 0.7369 0.4826
-1.7500 -0.0403 0.0120 0.0052 -0.0374 0.7243 0.4933
-1.5000 -0.0147 0.0119 0.0052 -0.0368 0.7116 0.5038
-1.2500 0.0106 0.0119 0.0051 -0.0361 0.6982 0.5144
-1.0000 0.0358 0.0118 0.0050 -0.0354 0.6846 0.5253
-0.7500 0.0611 0.0118 0.0050 -0.0347 0.6715 0.5365
-0.5000 0.0861 0.0118 0.0050 -0.0340 0.6581 0.5480
-0.2500 0.1113 0.0118 0.0050 -0.0333 0.6454 0.5591
0.0000 0.1366 0.0118 0.0050 -0.0327 0.6332 0.5711
0.2500 0.1618 0.0118 0.0050 -0.0320 0.6207 0.5815
0.5000 0.1867 0.0119 0.0050 -0.0313 0.6082 0.5934
0.7500 0.2115 0.0119 0.0051 -0.0305 0.5958 0.6059
1.0000 0.2364 0.0120 0.0051 -0.0298 0.5840 0.6186
1.2500 0.2612 0.0120 0.0052 -0.0290 0.5722 0.6307
1.5000 0.2860 0.0121 0.0052 -0.0283 0.5606 0.6422
1.7500 0.3106 0.0121 0.0053 -0.0275 0.5492 0.6541
2.0000 0.3350 0.0122 0.0053 -0.0267 0.5376 0.6664
2.2500 0.3593 0.0123 0.0054 -0.0259 0.5262 0.6793
2.5000 0.3837 0.0124 0.0055 -0.0251 0.5157 0.6924
2.7500 0.4080 0.0125 0.0056 -0.0243 0.5050 0.7053
3.0000 0.4318 0.0126 0.0057 -0.0234 0.4938 0.7178
3.2500 0.4556 0.0126 0.0058 -0.0224 0.4832 0.7311
3.5000 0.4794 0.0127 0.0059 -0.0215 0.4731 0.7443
3.7500 0.5030 0.0129 0.0061 -0.0206 0.4632 0.7585
4.0000 0.5264 0.0130 0.0062 -0.0196 0.4535 0.7720
4.2500 0.5494 0.0131 0.0064 -0.0186 0.4441 0.7865
4.5000 0.5718 0.0132 0.0065 -0.0174 0.4342 0.8004
4.7500 0.5937 0.0134 0.0068 -0.0161 0.4239 0.8150
5.0000 0.6148 0.0136 0.0069 -0.0147 0.4134 0.8298
