-5.0000 0.0369 0.0151 0.0071 -0.0958 0.6851 0.2351
-4.7500 0.0601 0.0149 0.0070 -0.0948 0.6758 0.2421
-4.5000 0.0840 0.0149 0.0068 -0.0939 0.6663 0.2499
-4.2500 0.1062 0.0147 0.0067 -0.0927 0.6565 0.2574
-4.0000 0.1285 0.0146 0.0066 -0.0915 0.6467 0.2655
-3.7500 0.1511 0.0145 0.0065 -0.0904 0.6368 0.2749
-3.5000 0.1727 0.0143 0.0063 -0.0891 0.6271 0.2856
-3.2500 0.1941 0.0141 0.0062 -0.0877 0.6175 0.3000
-3.0000 0.2154 0.0140 0.0061 -0.0864 0.6078 0.3144
-2.7500 0.2355 0.0138 0.0060 -0.0849 0.5979 0.3348
-2.5000 0.2556 0.0137 0.0060 -0.0834 0.5885 0.3657
-2.2500 0.2751 0.0135 0.0060 -0.0818 0.5791 0.4096
-2.0000 0.2952 0.0134 0.0060 -0.0802 0.5697 0.4536
-1.7500 0.3158 0.0134 0.0060 -0.0787 0.5602 0.4890
-1.5000 0.3375 0.0134 0.0060 -0.0774 0.5514 0.5175
-1.2500 0.3589 0.0135 0.0061 -0.0760 0.5420 0.5411
-1.0000 0.3802 0.0135 0.0062 -0.0746 0.5326 0.5621
-0.7500 0.4016 0.0136 0.0063 -0.0732 0.5237 0.5816
-0.5000 0.4231 0.0137 0.0064 -0.0719 0.5152 0.6006
-0.2500 0.4450 0.0138 0.0065 -0.0707 0.5073 0.6186
0.0000 0.4660 0.0139 0.0066 -0.0692 0.4994 0.6356
0.2500 0.4868 0.0140 0.0067 -0.0678 0.4918 0.6517
0.5000 0.5095 0.0141 0.0068 -0.0667 0.4852 0.6678
0.7500 0.5302 0.0142 0.0069 -0.0653 0.4784 0.6842
1.0000 0.5531 0.0143 0.0071 -0.0643 0.4726 0.7016
1.2500 0.5754 0.0145 0.0072 -0.0632 0.4667 0.7194
1.5000 0.5990 0.0146 0.0074 -0.0624 0.4615 0.7379
1.7500 0.6219 0.0148 0.0076 -0.0614 0.4563 0.7574
2.0000 0.6462 0.0149 0.0078 -0.0606 0.4517 0.7788
2.2500 0.6668 0.0151 0.0080 -0.0592 0.4464 0.8012
2.5000 0.6915 0.0153 0.0082 -0.0585 0.4420 0.8232
2.7500 0.7112 0.0155 0.0085 -0.0569 0.4372 0.8454
3.0000 0.7333 0.0157 0.0087 -0.0557 0.4330 0.8682
3.2500 0.7570 0.0159 0.0090 -0.0546 0.4293 0.8927
3.5000 0.7756 0.0162 0.0093 -0.0527 0.4251 0.9199
3.7500 0.8028 0.0165 0.0096 -0.0524 0.4210 0.9433
4.0000 0.8404 0.0169 0.0100 -0.0544 0.4171 0.9589
4.2500 0.8777 0.0173 0.0104 -0.0567 0.4128 0.9714
4.5000 0.9196 0.0177 0.0107 -0.0598 0.4091 0.9818
4.7500 0.9708 0.0182 0.0111 -0.0648 0.4057 0.9857
5.0000 1.0135 0.0186 0.0115 -0.0684 0.4018 0.9920
