-5.0000 -0.2040 0.0340 0.0258 -0.1020 0.9410 0.1027
-4.7500 -0.1778 0.0334 0.0251 -0.1025 0.9325 0.1094
-4.5000 -0.1387 0.0326 0.0239 -0.1052 0.9271 0.1178
-4.2500 -0.0926 0.0316 0.0227 -0.1089 0.9236 0.1276
-4.0000 -0.0696 0.0311 0.0222 -0.1085 0.9136 0.1358
-3.7500 -0.0256 0.0302 0.0212 -0.1116 0.9088 0.1495
-3.5000 0.0031 0.0299 0.0208 -0.1121 0.9004 0.1628
-3.2500 0.0400 0.0294 0.0204 -0.1140 0.8941 0.1801
-3.0000 0.0840 0.0290 0.0200 -0.1171 0.8905 0.2003
-2.7500 0.1036 0.0289 0.0199 -0.1160 0.8802 0.2153
-2.5000 0.1451 0.0284 0.0195 -0.1184 0.8755 0.2395
-2.2500 0.1727 0.0282 0.0193 -0.1186 0.8668 0.2616
-2.0000 0.2098 0.0278 0.0190 -0.1202 0.8603 0.2899
-1.7500 0.2549 0.0272 0.0185 -0.1230 0.8568 0.3244
-1.5000 0.2725 0.0273 0.0187 -0.1215 0.8455 0.3499
-1.2500 0.3130 0.0268 0.0183 -0.1236 0.8412 0.3901
-1.0000 0.3591 0.0260 0.0177 -0.1264 0.8387 0.4408
-0.7500 0.3708 0.0263 0.0182 -0.1239 0.8258 0.4777
-0.5000 0.4133 0.0255 0.0177 -0.1259 0.8227 0.5573
-0.2500 0.4520 0.0243 0.0172 -0.1264 0.8206 0.7243
0.0000 0.4615 0.0244 0.0177 -0.1227 0.8072 1.0000
0.2500 0.5087 0.0240 0.0170 -0.1257 0.8041 1.0000
0.5000 0.5367 0.0241 0.0170 -0.1258 0.7962 1.0000
0.7500 0.5647 0.0243 0.0170 -0.1258 0.7882 1.0000
1.0000 0.6086 0.0238 0.0164 -0.1279 0.7851 1.0000
1.2500 0.6417 0.0237 0.0162 -0.1285 0.7788 1.0000
1.5000 0.6749 0.0236 0.0160 -0.1291 0.7725 1.0000
1.7500 0.7080 0.0235 0.0158 -0.1297 0.7662 1.0000
2.0000 0.7206 0.0243 0.0166 -0.1274 0.7537 1.0000
2.2500 0.7630 0.0237 0.0160 -0.1292 0.7500 1.0000
2.5000 0.7903 0.0238 0.0161 -0.1289 0.7418 1.0000
2.7500 0.8175 0.0240 0.0162 -0.1286 0.7336 1.0000
3.0000 0.8585 0.0235 0.0157 -0.1301 0.7293 1.0000
3.2500 0.8732 0.0242 0.0164 -0.1281 0.7174 1.0000
3.5000 0.9163 0.0236 0.0157 -0.1299 0.7132 1.0000
3.7500 0.9308 0.0244 0.0165 -0.1278 0.7017 1.0000
4.0000 0.9723 0.0238 0.0159 -0.1294 0.6965 1.0000
4.2500 0.9893 0.0244 0.0166 -0.1276 0.6854 1.0000
4.5000 1.0292 0.0239 0.0161 -0.1290 0.6792 1.0000
4.7500 1.0469 0.0245 0.0168 -0.1273 0.6683 1.0000
5.0000 1.0873 0.0240 0.0162 -0.1286 0.6615 1.0000
