-5.0000 -0.1959 0.0338 0.0249 -0.1037 0.9062 0.1428
-4.7500 -0.1511 0.0331 0.0241 -0.1071 0.9028 0.1546
-4.5000 -0.1337 0.0328 0.0239 -0.1057 0.8929 0.1622
-4.2500 -0.0925 0.0322 0.0233 -0.1084 0.8884 0.1759
-4.0000 -0.0672 0.0319 0.0230 -0.1083 0.8799 0.1876
-3.7500 -0.0303 0.0315 0.0225 -0.1100 0.8740 0.2025
-3.5000 0.0144 0.0309 0.0220 -0.1130 0.8707 0.2196
-3.2500 0.0314 0.0309 0.0219 -0.1115 0.8599 0.2316
-3.0000 0.0738 0.0304 0.0214 -0.1140 0.8558 0.2495
-2.7500 0.0954 0.0304 0.0214 -0.1132 0.8463 0.2645
-2.5000 0.1326 0.0300 0.0211 -0.1148 0.8410 0.2849
-2.2500 0.1766 0.0295 0.0205 -0.1174 0.8380 0.3113
-2.0000 0.1919 0.0297 0.0209 -0.1156 0.8266 0.3282
-1.7500 0.2333 0.0291 0.0204 -0.1176 0.8227 0.3551
-1.5000 0.2791 0.0284 0.0198 -0.1203 0.8204 0.3861
-1.2500 0.2902 0.0289 0.0203 -0.1179 0.8080 0.4074
-1.0000 0.3347 0.0281 0.0197 -0.1202 0.8053 0.4466
-0.7500 0.3624 0.0278 0.0197 -0.1200 0.7979 0.4855
-0.5000 0.3901 0.0276 0.0196 -0.1198 0.7906 0.5244
-0.2500 0.4349 0.0266 0.0189 -0.1218 0.7886 0.5919
0.0000 0.4549 0.0261 0.0190 -0.1192 0.7813 0.7365
0.2500 0.4749 0.0257 0.0190 -0.1166 0.7740 0.8810
0.5000 0.5325 0.0249 0.0180 -0.1215 0.7718 1.0000
0.7500 0.5556 0.0253 0.0182 -0.1208 0.7629 1.0000
1.0000 0.5787 0.0256 0.0184 -0.1202 0.7540 1.0000
1.2500 0.6018 0.0260 0.0186 -0.1195 0.7451 1.0000
1.5000 0.6446 0.0254 0.0179 -0.1214 0.7412 1.0000
1.7500 0.6906 0.0247 0.0172 -0.1237 0.7385 1.0000
2.0000 0.7147 0.0251 0.0175 -0.1231 0.7307 1.0000
2.2500 0.7387 0.0255 0.0178 -0.1225 0.7228 1.0000
2.5000 0.7848 0.0248 0.0171 -0.1250 0.7202 1.0000
2.7500 0.8084 0.0251 0.0174 -0.1242 0.7120 1.0000
3.0000 0.8320 0.0255 0.0177 -0.1235 0.7039 1.0000
3.2500 0.8571 0.0257 0.0179 -0.1230 0.6957 1.0000
3.5000 0.8823 0.0260 0.0181 -0.1224 0.6875 1.0000
3.7500 0.9329 0.0251 0.0171 -0.1252 0.6839 1.0000
4.0000 0.9366 0.0263 0.0184 -0.1216 0.6712 1.0000
4.2500 0.9848 0.0254 0.0175 -0.1241 0.6666 1.0000
4.5000 0.9928 0.0264 0.0185 -0.1212 0.6551 1.0000
4.7500 1.0348 0.0259 0.0179 -0.1228 0.6492 1.0000
5.0000 1.0531 0.0265 0.0186 -0.1213 0.6395 1.0000
