-5.0000 -0.5342 0.0187 0.0096 -0.0104 1.0000 0.2049
-4.7500 -0.5150 0.0182 0.0093 -0.0092 1.0000 0.2392
-4.5000 -0.4952 0.0177 0.0089 -0.0081 1.0000 0.2757
-4.2500 -0.4748 0.0171 0.0086 -0.0070 1.0000 0.3154
-4.0000 -0.4541 0.0166 0.0083 -0.0059 1.0000 0.3561
-3.7500 -0.4329 0.0162 0.0081 -0.0049 1.0000 0.4013
-3.5000 -0.4116 0.0158 0.0080 -0.0039 1.0000 0.4512
-3.2500 -0.3904 0.0155 0.0079 -0.0028 1.0000 0.5040
-3.0000 -0.3694 0.0153 0.0080 -0.0016 1.0000 0.5594
-2.7500 -0.3488 0.0151 0.0080 -0.0001 1.0000 0.6163
-2.5000 -0.3290 0.0150 0.0082 0.0016 1.0000 0.6736
-2.2500 -0.3103 0.0150 0.0084 0.0036 1.0000 0.7300
-2.0000 -0.2932 0.0151 0.0086 0.0062 1.0000 0.7864
-1.7500 -0.2770 0.0153 0.0090 0.0090 1.0000 0.8414
-1.5000 -0.2486 0.0156 0.0094 0.0096 0.9973 0.8996
-1.2500 -0.1825 0.0162 0.0100 0.0027 0.9910 0.9492
-1.0000 -0.0974 0.0168 0.0103 -0.0084 0.9885 0.9812
-0.7500 -0.0122 0.0170 0.0105 -0.0201 0.9842 1.0000
-0.5000 0.0465 0.0170 0.0103 -0.0273 0.9727 1.0000
-0.2500 0.1007 0.0169 0.0101 -0.0332 0.9590 1.0000
0.0000 0.1549 0.0167 0.0099 -0.0391 0.9453 1.0000
0.2500 0.2109 0.0164 0.0096 -0.0448 0.9327 1.0000
0.5000 0.2620 0.0161 0.0093 -0.0493 0.9186 1.0000
0.7500 0.3050 0.0158 0.0089 -0.0520 0.9014 1.0000
1.0000 0.3394 0.0155 0.0086 -0.0528 0.8818 1.0000
1.2500 0.3692 0.0152 0.0084 -0.0527 0.8616 1.0000
1.5000 0.3956 0.0150 0.0081 -0.0518 0.8412 1.0000
1.7500 0.4201 0.0148 0.0079 -0.0504 0.8203 1.0000
2.0000 0.4440 0.0147 0.0077 -0.0489 0.7997 1.0000
2.2500 0.4650 0.0147 0.0077 -0.0471 0.7760 1.0000
2.5000 0.4871 0.0147 0.0076 -0.0453 0.7529 1.0000
2.7500 0.5101 0.0146 0.0075 -0.0436 0.7306 1.0000
3.0000 0.5315 0.0148 0.0076 -0.0419 0.7059 1.0000
3.2500 0.5541 0.0149 0.0076 -0.0404 0.6828 1.0000
3.5000 0.5764 0.0150 0.0077 -0.0389 0.6596 1.0000
3.7500 0.5985 0.0152 0.0078 -0.0374 0.6354 1.0000
4.0000 0.6204 0.0154 0.0079 -0.0357 0.6098 1.0000
4.2500 0.6421 0.0156 0.0080 -0.0341 0.5831 1.0000
4.5000 0.6630 0.0158 0.0082 -0.0324 0.5551 1.0000
4.7500 0.6843 0.0161 0.0083 -0.0308 0.5280 1.0000
5.0000 0.7049 0.0163 0.0085 -0.0291 0.4984 1.0000
