-5.0000 -0.5844 0.0282 0.0196 -0.0090 0.8926 0.4170
-4.7500 -0.5335 0.0279 0.0193 -0.0130 0.8878 0.4323
-4.5000 -0.5154 0.0277 0.0192 -0.0114 0.8741 0.4435
-4.2500 -0.4673 0.0272 0.0187 -0.0148 0.8686 0.4592
-4.0000 -0.4342 0.0270 0.0185 -0.0156 0.8596 0.4729
-3.7500 -0.4010 0.0267 0.0183 -0.0164 0.8506 0.4866
-3.5000 -0.3518 0.0262 0.0179 -0.0197 0.8468 0.5035
-3.2500 -0.3325 0.0261 0.0179 -0.0181 0.8338 0.5161
-3.0000 -0.2870 0.0256 0.0174 -0.0205 0.8290 0.5332
-2.7500 -0.2644 0.0255 0.0174 -0.0192 0.8170 0.5473
-2.5000 -0.2215 0.0249 0.0169 -0.0211 0.8111 0.5641
-2.2500 -0.1973 0.0247 0.0167 -0.0200 0.7997 0.5791
-2.0000 -0.1577 0.0242 0.0162 -0.0212 0.7933 0.5963
-1.7500 -0.1335 0.0241 0.0162 -0.0201 0.7818 0.6110
-1.5000 -0.0937 0.0237 0.0159 -0.0212 0.7752 0.6276
-1.2500 -0.0701 0.0237 0.0159 -0.0199 0.7636 0.6426
-1.0000 -0.0305 0.0233 0.0155 -0.0210 0.7571 0.6604
-0.7500 -0.0096 0.0234 0.0157 -0.0192 0.7448 0.6763
-0.5000 0.0318 0.0230 0.0153 -0.0204 0.7384 0.6935
-0.2500 0.0524 0.0231 0.0155 -0.0185 0.7252 0.7090
0.0000 0.0805 0.0231 0.0155 -0.0178 0.7147 0.7249
0.2500 0.1145 0.0230 0.0154 -0.0178 0.7055 0.7412
0.5000 0.1361 0.0232 0.0156 -0.0162 0.6938 0.7572
0.7500 0.1747 0.0231 0.0155 -0.0169 0.6859 0.7727
1.0000 0.2009 0.0235 0.0159 -0.0158 0.6729 0.7849
1.2500 0.2327 0.0236 0.0160 -0.0157 0.6627 0.7989
1.5000 0.2600 0.0237 0.0161 -0.0148 0.6521 0.8147
1.7500 0.2975 0.0242 0.0166 -0.0157 0.6408 0.8246
2.0000 0.3315 0.0243 0.0166 -0.0160 0.6312 0.8384
2.2500 0.3650 0.0247 0.0171 -0.0164 0.6189 0.8496
2.5000 0.4112 0.0248 0.0169 -0.0187 0.6094 0.8604
2.7500 0.4491 0.0251 0.0173 -0.0201 0.5969 0.8712
3.0000 0.4871 0.0255 0.0177 -0.0215 0.5843 0.8819
3.2500 0.5321 0.0257 0.0178 -0.0242 0.5729 0.8922
3.5000 0.5740 0.0260 0.0181 -0.0268 0.5600 0.9017
3.7500 0.6219 0.0261 0.0180 -0.0302 0.5489 0.9119
4.0000 0.6643 0.0263 0.0182 -0.0329 0.5356 0.9215
4.2500 0.6942 0.0265 0.0185 -0.0335 0.5247 0.9349
4.5000 0.7509 0.0265 0.0183 -0.0388 0.5134 0.9409
4.7500 0.7821 0.0268 0.0186 -0.0400 0.5008 0.9538
5.0000 0.8332 0.0269 0.0187 -0.0446 0.4878 0.9626
