-5.0000 -0.6128 0.0262 0.0175 -0.0172 0.9888 0.3295
-4.7500 -0.5760 0.0262 0.0175 -0.0194 0.9810 0.3467
-4.5000 -0.5354 0.0263 0.0176 -0.0224 0.9738 0.3650
-4.2500 -0.4925 0.0265 0.0180 -0.0256 0.9674 0.3839
-4.0000 -0.4597 0.0265 0.0179 -0.0270 0.9576 0.4017
-3.7500 -0.4133 0.0267 0.0182 -0.0307 0.9512 0.4226
-3.5000 -0.3841 0.0266 0.0182 -0.0312 0.9402 0.4403
-3.2500 -0.3386 0.0267 0.0184 -0.0346 0.9333 0.4622
-3.0000 -0.3101 0.0267 0.0184 -0.0350 0.9225 0.4800
-2.7500 -0.2667 0.0268 0.0185 -0.0379 0.9158 0.5012
-2.5000 -0.2386 0.0267 0.0186 -0.0380 0.9050 0.5180
-2.2500 -0.2026 0.0267 0.0186 -0.0394 0.8959 0.5372
-2.0000 -0.1665 0.0266 0.0186 -0.0408 0.8867 0.5564
-1.7500 -0.1203 0.0265 0.0185 -0.0437 0.8810 0.5781
-1.5000 -0.0942 0.0264 0.0186 -0.0432 0.8688 0.5958
-1.2500 -0.0619 0.0263 0.0185 -0.0436 0.8587 0.6143
-1.0000 -0.0217 0.0260 0.0183 -0.0451 0.8512 0.6342
-0.7500 0.0049 0.0259 0.0183 -0.0446 0.8399 0.6525
-0.5000 0.0477 0.0255 0.0180 -0.0464 0.8343 0.6736
-0.2500 0.0713 0.0255 0.0180 -0.0453 0.8224 0.6924
0.0000 0.1157 0.0249 0.0175 -0.0472 0.8175 0.7148
0.2500 0.1505 0.0244 0.0171 -0.0474 0.8092 0.7359
0.5000 0.1852 0.0240 0.0168 -0.0477 0.8009 0.7570
0.7500 0.2196 0.0234 0.0163 -0.0474 0.7924 0.7781
1.0000 0.2540 0.0229 0.0159 -0.0472 0.7839 0.7992
1.2500 0.2791 0.0227 0.0157 -0.0456 0.7724 0.8199
1.5000 0.3234 0.0219 0.0149 -0.0468 0.7670 0.8428
1.7500 0.3502 0.0216 0.0147 -0.0454 0.7546 0.8650
2.0000 0.3858 0.0213 0.0144 -0.0455 0.7434 0.8864
2.2500 0.4410 0.0206 0.0137 -0.0489 0.7356 0.9062
2.5000 0.4867 0.0204 0.0135 -0.0513 0.7213 0.9254
2.7500 0.5412 0.0203 0.0133 -0.0557 0.7062 0.9418
3.0000 0.6011 0.0200 0.0131 -0.0612 0.6897 0.9560
3.2500 0.6595 0.0199 0.0128 -0.0668 0.6717 0.9701
3.5000 0.7214 0.0197 0.0125 -0.0732 0.6519 0.9811
3.7500 0.7791 0.0195 0.0123 -0.0790 0.6311 0.9941
4.0000 0.8122 0.0195 0.0121 -0.0806 0.6125 1.0000
4.2500 0.8268 0.0194 0.0119 -0.0786 0.5974 1.0000
4.5000 0.8341 0.0195 0.0120 -0.0754 0.5811 1.0000
4.7500 0.8433 0.0197 0.0121 -0.0723 0.5653 1.0000
5.0000 0.8584 0.0199 0.0121 -0.0700 0.5499 1.0000
