-5.0000 -0.6129 0.0270 0.0183 -0.0056 0.9257 0.4041
-4.7500 -0.5699 0.0268 0.0182 -0.0085 0.9187 0.4203
-4.5000 -0.5410 0.0267 0.0182 -0.0089 0.9083 0.4340
-4.2500 -0.5010 0.0264 0.0180 -0.0111 0.9003 0.4501
-4.0000 -0.4672 0.0262 0.0178 -0.0122 0.8913 0.4655
-3.7500 -0.4329 0.0259 0.0176 -0.0134 0.8817 0.4815
-3.5000 -0.3829 0.0256 0.0173 -0.0171 0.8771 0.4999
-3.2500 -0.3641 0.0255 0.0173 -0.0154 0.8635 0.5142
-3.0000 -0.3157 0.0251 0.0169 -0.0188 0.8583 0.5333
-2.7500 -0.2826 0.0249 0.0168 -0.0193 0.8491 0.5497
-2.5000 -0.2495 0.0247 0.0167 -0.0199 0.8400 0.5662
-2.2500 -0.2025 0.0242 0.0162 -0.0225 0.8357 0.5859
-2.0000 -0.1835 0.0242 0.0163 -0.0205 0.8218 0.6003
-1.7500 -0.1395 0.0237 0.0159 -0.0225 0.8164 0.6184
-1.5000 -0.1165 0.0236 0.0159 -0.0212 0.8043 0.6338
-1.2500 -0.0785 0.0232 0.0156 -0.0220 0.7969 0.6521
-1.0000 -0.0467 0.0230 0.0154 -0.0219 0.7877 0.6700
-0.7500 -0.0176 0.0228 0.0153 -0.0212 0.7770 0.6879
-0.5000 0.0257 0.0223 0.0149 -0.0226 0.7713 0.7069
-0.2500 0.0436 0.0225 0.0151 -0.0203 0.7569 0.7235
0.0000 0.0852 0.0221 0.0147 -0.0213 0.7500 0.7418
0.2500 0.1053 0.0223 0.0149 -0.0193 0.7361 0.7585
0.5000 0.1450 0.0220 0.0146 -0.0201 0.7284 0.7758
0.7500 0.1648 0.0222 0.0149 -0.0181 0.7147 0.7926
1.0000 0.2063 0.0221 0.0147 -0.0191 0.7066 0.8083
1.2500 0.2331 0.0225 0.0152 -0.0181 0.6930 0.8222
1.5000 0.2715 0.0225 0.0151 -0.0189 0.6832 0.8370
1.7500 0.3009 0.0226 0.0152 -0.0184 0.6704 0.8527
2.0000 0.3394 0.0229 0.0155 -0.0194 0.6571 0.8646
2.2500 0.3862 0.0231 0.0155 -0.0219 0.6454 0.8755
2.5000 0.4224 0.0232 0.0157 -0.0228 0.6318 0.8892
2.7500 0.4647 0.0235 0.0159 -0.0250 0.6172 0.9007
3.0000 0.5171 0.0236 0.0159 -0.0291 0.6027 0.9092
3.2500 0.5611 0.0237 0.0159 -0.0317 0.5900 0.9216
3.5000 0.6151 0.0238 0.0159 -0.0363 0.5751 0.9305
3.7500 0.6573 0.0239 0.0160 -0.0391 0.5602 0.9420
4.0000 0.6947 0.0241 0.0161 -0.0411 0.5457 0.9547
4.2500 0.7446 0.0241 0.0161 -0.0456 0.5307 0.9636
4.5000 0.7898 0.0242 0.0161 -0.0492 0.5165 0.9746
4.7500 0.8392 0.0241 0.0160 -0.0536 0.5017 0.9853
5.0000 0.8895 0.0240 0.0157 -0.0582 0.4864 0.9946
