-5.0000 0.0577 0.0185 0.0108 -0.1441 0.8793 0.0944
-4.7500 0.0917 0.0180 0.0103 -0.1452 0.8752 0.1037
-4.5000 0.1287 0.0175 0.0098 -0.1469 0.8726 0.1146
-4.2500 0.1666 0.0172 0.0095 -0.1487 0.8704 0.1297
-4.0000 0.1862 0.0172 0.0096 -0.1471 0.8609 0.1424
-3.7500 0.2206 0.0169 0.0093 -0.1483 0.8569 0.1588
-3.5000 0.2572 0.0165 0.0088 -0.1497 0.8539 0.1743
-3.2500 0.2807 0.0163 0.0087 -0.1488 0.8458 0.1869
-3.0000 0.3118 0.0160 0.0084 -0.1493 0.8403 0.2018
-2.7500 0.3469 0.0155 0.0080 -0.1504 0.8365 0.2191
-2.5000 0.3725 0.0154 0.0078 -0.1498 0.8285 0.2355
-2.2500 0.4025 0.0150 0.0075 -0.1500 0.8217 0.2546
-2.0000 0.4376 0.0146 0.0071 -0.1511 0.8172 0.2766
-1.7500 0.4608 0.0146 0.0071 -0.1501 0.8078 0.2960
-1.5000 0.4920 0.0143 0.0069 -0.1505 0.8014 0.3204
-1.2500 0.5235 0.0140 0.0067 -0.1510 0.7954 0.3477
-1.0000 0.5478 0.0139 0.0067 -0.1503 0.7861 0.3734
-0.7500 0.5795 0.0137 0.0065 -0.1508 0.7799 0.4052
-0.5000 0.6056 0.0135 0.0065 -0.1504 0.7717 0.4395
-0.2500 0.6328 0.0133 0.0064 -0.1501 0.7636 0.4839
0.0000 0.6633 0.0130 0.0063 -0.1505 0.7578 0.5590
0.2500 0.6830 0.0127 0.0065 -0.1486 0.7485 0.6788
0.5000 0.7170 0.0121 0.0064 -0.1488 0.7416 1.0000
0.7500 0.7464 0.0122 0.0063 -0.1490 0.7343 1.0000
1.0000 0.7719 0.0123 0.0063 -0.1484 0.7246 1.0000
1.2500 0.8037 0.0123 0.0062 -0.1490 0.7174 1.0000
1.5000 0.8271 0.0125 0.0063 -0.1481 0.7078 1.0000
1.7500 0.8562 0.0126 0.0063 -0.1483 0.7006 1.0000
2.0000 0.8834 0.0128 0.0064 -0.1481 0.6930 1.0000
2.2500 0.9095 0.0129 0.0065 -0.1477 0.6842 1.0000
2.5000 0.9392 0.0130 0.0065 -0.1479 0.6767 1.0000
2.7500 0.9627 0.0132 0.0067 -0.1471 0.6671 1.0000
3.0000 0.9923 0.0134 0.0068 -0.1473 0.6601 1.0000
3.2500 1.0164 0.0136 0.0070 -0.1466 0.6520 1.0000
3.5000 1.0434 0.0138 0.0071 -0.1464 0.6444 1.0000
3.7500 1.0706 0.0140 0.0073 -0.1463 0.6369 1.0000
4.0000 1.0950 0.0142 0.0075 -0.1456 0.6279 1.0000
4.2500 1.1238 0.0144 0.0076 -0.1457 0.6203 1.0000
4.5000 1.1461 0.0146 0.0078 -0.1446 0.6111 1.0000
4.7500 1.1748 0.0148 0.0080 -0.1448 0.6040 1.0000
5.0000 1.1969 0.0150 0.0083 -0.1437 0.5950 1.0000
