-5.0000 -0.0728 0.0201 0.0133 -0.1291 0.8285 0.2657
-4.7500 -0.0349 0.0197 0.0129 -0.1308 0.8276 0.2742
-4.5000 0.0045 0.0192 0.0124 -0.1328 0.8269 0.2829
-4.2500 0.0466 0.0186 0.0118 -0.1353 0.8263 0.2917
-4.0000 0.0918 0.0180 0.0112 -0.1383 0.8258 0.3016
-3.7500 0.1383 0.0174 0.0106 -0.1417 0.8251 0.3112
-3.5000 0.1869 0.0169 0.0101 -0.1455 0.8245 0.3216
-3.2500 0.2357 0.0163 0.0097 -0.1495 0.8236 0.3318
-3.0000 0.2443 0.0163 0.0097 -0.1456 0.8158 0.3387
-2.7500 0.2528 0.0164 0.0097 -0.1416 0.8080 0.3457
-2.5000 0.2986 0.0159 0.0093 -0.1449 0.8067 0.3575
-2.2500 0.3468 0.0155 0.0089 -0.1488 0.8055 0.3685
-2.0000 0.3957 0.0151 0.0085 -0.1528 0.8040 0.3795
-1.7500 0.3788 0.0154 0.0089 -0.1438 0.7916 0.3839
-1.5000 0.4223 0.0150 0.0084 -0.1466 0.7886 0.3952
-1.2500 0.4713 0.0145 0.0080 -0.1506 0.7860 0.4065
-1.0000 0.5219 0.0141 0.0076 -0.1549 0.7831 0.4185
-0.7500 0.5142 0.0143 0.0078 -0.1476 0.7714 0.4245
-0.5000 0.5553 0.0140 0.0075 -0.1500 0.7664 0.4365
-0.2500 0.6055 0.0136 0.0072 -0.1543 0.7626 0.4487
0.0000 0.6018 0.0138 0.0073 -0.1478 0.7508 0.4560
0.2500 0.6401 0.0135 0.0071 -0.1497 0.7443 0.4670
0.5000 0.6576 0.0135 0.0071 -0.1474 0.7338 0.4765
0.7500 0.6858 0.0134 0.0069 -0.1473 0.7241 0.4871
1.0000 0.7075 0.0134 0.0070 -0.1459 0.7132 0.4973
1.2500 0.7360 0.0133 0.0069 -0.1459 0.7030 0.5084
1.5000 0.7571 0.0134 0.0070 -0.1445 0.6916 0.5182
1.7500 0.7854 0.0134 0.0069 -0.1444 0.6804 0.5297
2.0000 0.8028 0.0136 0.0072 -0.1423 0.6671 0.5398
2.2500 0.8278 0.0137 0.0072 -0.1417 0.6547 0.5519
2.5000 0.8501 0.0138 0.0073 -0.1405 0.6417 0.5624
2.7500 0.8710 0.0140 0.0075 -0.1392 0.6294 0.5733
3.0000 0.8931 0.0143 0.0077 -0.1381 0.6179 0.5844
3.2500 0.9153 0.0145 0.0079 -0.1370 0.6064 0.5954
3.5000 0.9402 0.0147 0.0081 -0.1364 0.5958 0.6069
3.7500 0.9581 0.0150 0.0084 -0.1346 0.5842 0.6176
4.0000 0.9803 0.0153 0.0086 -0.1336 0.5735 0.6285
4.2500 0.9988 0.0156 0.0089 -0.1319 0.5620 0.6394
4.5000 1.0177 0.0159 0.0092 -0.1304 0.5512 0.6505
4.7500 1.0360 0.0163 0.0096 -0.1287 0.5401 0.6621
5.0000 1.0540 0.0166 0.0099 -0.1271 0.5299 0.6729
