-5.0000 -0.1073 0.0128 0.0057 -0.0875 0.7281 0.2708
-4.7500 -0.0812 0.0127 0.0056 -0.0870 0.7194 0.2786
-4.5000 -0.0569 0.0126 0.0055 -0.0862 0.7102 0.2860
-4.2500 -0.0317 0.0125 0.0054 -0.0856 0.7007 0.2938
-4.0000 -0.0065 0.0125 0.0053 -0.0850 0.6919 0.3012
-3.7500 0.0183 0.0124 0.0052 -0.0843 0.6827 0.3093
-3.5000 0.0434 0.0123 0.0051 -0.0836 0.6739 0.3172
-3.2500 0.0685 0.0123 0.0051 -0.0830 0.6649 0.3256
-3.0000 0.0928 0.0122 0.0050 -0.0822 0.6547 0.3337
-2.7500 0.1174 0.0122 0.0050 -0.0814 0.6457 0.3426
-2.5000 0.1422 0.0122 0.0049 -0.0807 0.6370 0.3515
-2.2500 0.1670 0.0121 0.0049 -0.0801 0.6283 0.3613
-2.0000 0.1915 0.0121 0.0048 -0.0793 0.6199 0.3705
-1.7500 0.2164 0.0121 0.0048 -0.0787 0.6120 0.3806
-1.5000 0.2409 0.0120 0.0048 -0.0779 0.6037 0.3927
-1.2500 0.2654 0.0120 0.0048 -0.0772 0.5963 0.4054
-1.0000 0.2893 0.0120 0.0048 -0.0764 0.5886 0.4193
-0.7500 0.3140 0.0120 0.0048 -0.0757 0.5815 0.4344
-0.5000 0.3384 0.0119 0.0048 -0.0750 0.5746 0.4509
-0.2500 0.3621 0.0119 0.0049 -0.0742 0.5672 0.4690
0.0000 0.3860 0.0119 0.0049 -0.0733 0.5602 0.4900
0.2500 0.4099 0.0119 0.0049 -0.0725 0.5531 0.5111
0.5000 0.4332 0.0119 0.0050 -0.0716 0.5460 0.5331
0.7500 0.4576 0.0119 0.0050 -0.0708 0.5395 0.5548
1.0000 0.4821 0.0120 0.0052 -0.0701 0.5338 0.5773
1.2500 0.5057 0.0120 0.0053 -0.0692 0.5281 0.5987
1.5000 0.5297 0.0120 0.0053 -0.0684 0.5222 0.6192
1.7500 0.5546 0.0121 0.0054 -0.0678 0.5160 0.6391
2.0000 0.5775 0.0121 0.0055 -0.0668 0.5105 0.6588
2.2500 0.5999 0.0122 0.0057 -0.0657 0.5046 0.6808
2.5000 0.6224 0.0122 0.0058 -0.0645 0.4988 0.7033
2.7500 0.6470 0.0123 0.0059 -0.0639 0.4930 0.7249
3.0000 0.6674 0.0124 0.0060 -0.0623 0.4883 0.7476
3.2500 0.6876 0.0124 0.0062 -0.0607 0.4828 0.7691
3.5000 0.7086 0.0125 0.0063 -0.0593 0.4772 0.7913
3.7500 0.7326 0.0127 0.0065 -0.0585 0.4713 0.8134
4.0000 0.7533 0.0128 0.0067 -0.0570 0.4667 0.8355
4.2500 0.7737 0.0130 0.0070 -0.0554 0.4616 0.8591
4.5000 0.7936 0.0131 0.0072 -0.0538 0.4562 0.8829
4.7500 0.8145 0.0134 0.0074 -0.0523 0.4504 0.9068
5.0000 0.8351 0.0136 0.0077 -0.0507 0.4452 0.9304
