-5.0000 -0.3783 0.0133 0.0063 -0.0353 0.9424 0.1896
-4.7500 -0.3443 0.0128 0.0059 -0.0365 0.9359 0.2132
-4.5000 -0.3102 0.0122 0.0055 -0.0377 0.9294 0.2369
-4.2500 -0.2857 0.0117 0.0052 -0.0370 0.9193 0.2724
-4.0000 -0.2590 0.0111 0.0049 -0.0367 0.9102 0.3313
-3.7500 -0.2340 0.0106 0.0047 -0.0360 0.8999 0.3910
-3.5000 -0.2080 0.0103 0.0045 -0.0353 0.8898 0.4417
-3.2500 -0.1831 0.0100 0.0043 -0.0344 0.8778 0.4792
-3.0000 -0.1571 0.0098 0.0042 -0.0337 0.8659 0.5105
-2.7500 -0.1311 0.0096 0.0040 -0.0329 0.8531 0.5381
-2.5000 -0.1051 0.0095 0.0039 -0.0321 0.8392 0.5637
-2.2500 -0.0791 0.0093 0.0038 -0.0314 0.8252 0.5894
-2.0000 -0.0532 0.0092 0.0037 -0.0306 0.8110 0.6146
-1.7500 -0.0273 0.0091 0.0036 -0.0298 0.7962 0.6397
-1.5000 -0.0013 0.0090 0.0036 -0.0291 0.7817 0.6643
-1.2500 0.0246 0.0090 0.0035 -0.0283 0.7652 0.6873
-1.0000 0.0506 0.0089 0.0035 -0.0275 0.7489 0.7090
-0.7500 0.0761 0.0089 0.0035 -0.0267 0.7307 0.7324
-0.5000 0.1015 0.0089 0.0035 -0.0258 0.7132 0.7580
-0.2500 0.1269 0.0089 0.0035 -0.0248 0.6955 0.7831
0.0000 0.1525 0.0089 0.0035 -0.0239 0.6782 0.8050
0.2500 0.1781 0.0090 0.0036 -0.0230 0.6607 0.8263
0.5000 0.2032 0.0091 0.0037 -0.0219 0.6423 0.8495
0.7500 0.2283 0.0092 0.0037 -0.0208 0.6247 0.8717
1.0000 0.2539 0.0094 0.0039 -0.0199 0.6068 0.8906
1.2500 0.2809 0.0096 0.0040 -0.0192 0.5885 0.9057
1.5000 0.3075 0.0097 0.0041 -0.0186 0.5706 0.9202
1.7500 0.3367 0.0100 0.0043 -0.0185 0.5511 0.9319
2.0000 0.3704 0.0103 0.0044 -0.0195 0.5307 0.9405
2.2500 0.4040 0.0105 0.0045 -0.0205 0.5103 0.9490
2.5000 0.4385 0.0107 0.0047 -0.0217 0.4923 0.9578
2.7500 0.4801 0.0110 0.0048 -0.0246 0.4745 0.9628
3.0000 0.5223 0.0112 0.0050 -0.0276 0.4569 0.9676
3.2500 0.5601 0.0115 0.0051 -0.0297 0.4413 0.9748
3.5000 0.5993 0.0117 0.0053 -0.0322 0.4274 0.9806
3.7500 0.6423 0.0119 0.0054 -0.0355 0.4125 0.9848
4.0000 0.6828 0.0121 0.0055 -0.0384 0.3984 0.9897
4.2500 0.7223 0.0123 0.0056 -0.0410 0.3852 0.9950
4.5000 0.7617 0.0125 0.0059 -0.0436 0.3735 0.9994
4.7500 0.7849 0.0127 0.0060 -0.0430 0.3647 1.0000
5.0000 0.8050 0.0128 0.0061 -0.0418 0.3552 1.0000
