-5.0000 -0.2438 0.0287 0.0204 -0.0509 0.7746 0.4035
-4.7500 -0.1982 0.0276 0.0195 -0.0526 0.7712 0.4460
-4.5000 -0.1811 0.0275 0.0195 -0.0500 0.7605 0.4751
-4.2500 -0.1346 0.0267 0.0187 -0.0518 0.7571 0.5100
-4.0000 -0.1150 0.0267 0.0189 -0.0496 0.7465 0.5304
-3.7500 -0.0925 0.0267 0.0188 -0.0479 0.7368 0.5509
-3.5000 -0.0449 0.0261 0.0183 -0.0500 0.7328 0.5740
-3.2500 -0.0235 0.0261 0.0182 -0.0482 0.7227 0.5916
-3.0000 0.0022 0.0260 0.0182 -0.0470 0.7130 0.6072
-2.7500 0.0325 0.0259 0.0181 -0.0466 0.7042 0.6223
-2.5000 0.0730 0.0254 0.0175 -0.0478 0.6974 0.6383
-2.2500 0.0970 0.0254 0.0176 -0.0464 0.6867 0.6512
-2.0000 0.1228 0.0254 0.0176 -0.0452 0.6764 0.6648
-1.7500 0.1637 0.0250 0.0171 -0.0465 0.6692 0.6807
-1.5000 0.1843 0.0251 0.0172 -0.0447 0.6580 0.6946
-1.2500 0.2075 0.0252 0.0173 -0.0432 0.6473 0.7079
-1.0000 0.2389 0.0251 0.0172 -0.0430 0.6379 0.7216
-0.7500 0.2751 0.0251 0.0170 -0.0433 0.6288 0.7365
-0.5000 0.2981 0.0253 0.0172 -0.0416 0.6176 0.7505
-0.2500 0.3226 0.0254 0.0174 -0.0403 0.6070 0.7642
0.0000 0.3458 0.0255 0.0175 -0.0389 0.5967 0.7781
0.2500 0.3708 0.0255 0.0174 -0.0379 0.5873 0.7927
0.5000 0.4118 0.0256 0.0174 -0.0393 0.5785 0.8036
0.7500 0.4310 0.0259 0.0177 -0.0374 0.5679 0.8162
1.0000 0.4527 0.0262 0.0179 -0.0360 0.5580 0.8297
1.2500 0.4838 0.0263 0.0180 -0.0362 0.5493 0.8430
1.5000 0.5143 0.0265 0.0181 -0.0363 0.5403 0.8563
1.7500 0.5441 0.0269 0.0185 -0.0364 0.5304 0.8673
2.0000 0.5801 0.0274 0.0189 -0.0376 0.5216 0.8782
2.2500 0.6271 0.0277 0.0191 -0.0409 0.5139 0.8886
2.5000 0.6622 0.0282 0.0195 -0.0423 0.5052 0.9003
2.7500 0.6991 0.0288 0.0200 -0.0442 0.4969 0.9116
3.0000 0.7505 0.0291 0.0202 -0.0486 0.4898 0.9219
3.2500 0.7960 0.0297 0.0209 -0.0525 0.4815 0.9309
3.5000 0.8435 0.0302 0.0214 -0.0567 0.4745 0.9400
3.7500 0.8913 0.0306 0.0216 -0.0609 0.4680 0.9502
4.0000 0.9277 0.0312 0.0222 -0.0635 0.4613 0.9622
4.2500 0.9872 0.0314 0.0223 -0.0699 0.4551 0.9691
4.5000 1.0226 0.0321 0.0231 -0.0726 0.4490 0.9811
4.7500 1.0832 0.0322 0.0231 -0.0794 0.4434 0.9886
5.0000 1.1237 0.0330 0.0239 -0.0833 0.4370 0.9994
