-5.0000 -0.2692 0.0135 0.0067 -0.0667 0.8527 0.3185
-4.7500 -0.2424 0.0133 0.0065 -0.0663 0.8450 0.3291
-4.5000 -0.2157 0.0131 0.0063 -0.0659 0.8369 0.3399
-4.2500 -0.1901 0.0130 0.0062 -0.0654 0.8285 0.3504
-4.0000 -0.1616 0.0128 0.0060 -0.0653 0.8216 0.3616
-3.7500 -0.1368 0.0126 0.0058 -0.0646 0.8120 0.3730
-3.5000 -0.1100 0.0125 0.0057 -0.0642 0.8036 0.3842
-3.2500 -0.0828 0.0123 0.0055 -0.0639 0.7950 0.3953
-3.0000 -0.0568 0.0122 0.0054 -0.0634 0.7854 0.4061
-2.7500 -0.0300 0.0121 0.0053 -0.0630 0.7764 0.4171
-2.5000 -0.0027 0.0120 0.0052 -0.0627 0.7675 0.4286
-2.2500 0.0243 0.0119 0.0051 -0.0624 0.7583 0.4400
-2.0000 0.0500 0.0118 0.0050 -0.0618 0.7477 0.4518
-1.7500 0.0761 0.0117 0.0050 -0.0613 0.7373 0.4648
-1.5000 0.1020 0.0117 0.0049 -0.0607 0.7269 0.4782
-1.2500 0.1283 0.0116 0.0049 -0.0602 0.7168 0.4917
-1.0000 0.1551 0.0116 0.0048 -0.0598 0.7070 0.5049
-0.7500 0.1816 0.0115 0.0048 -0.0594 0.6971 0.5180
-0.5000 0.2070 0.0115 0.0048 -0.0588 0.6862 0.5317
-0.2500 0.2328 0.0115 0.0048 -0.0582 0.6754 0.5467
0.0000 0.2585 0.0115 0.0048 -0.0576 0.6647 0.5625
0.2500 0.2842 0.0115 0.0048 -0.0570 0.6541 0.5775
0.5000 0.3098 0.0115 0.0048 -0.0564 0.6436 0.5935
0.7500 0.3354 0.0115 0.0048 -0.0557 0.6332 0.6092
1.0000 0.3607 0.0115 0.0049 -0.0551 0.6226 0.6260
1.2500 0.3859 0.0115 0.0049 -0.0544 0.6120 0.6427
1.5000 0.4106 0.0115 0.0050 -0.0536 0.6008 0.6605
1.7500 0.4350 0.0115 0.0050 -0.0527 0.5896 0.6783
2.0000 0.4594 0.0116 0.0051 -0.0519 0.5785 0.6974
2.2500 0.4839 0.0116 0.0052 -0.0510 0.5682 0.7166
2.5000 0.5082 0.0117 0.0053 -0.0501 0.5577 0.7364
2.7500 0.5318 0.0118 0.0054 -0.0491 0.5462 0.7565
3.0000 0.5553 0.0118 0.0055 -0.0480 0.5354 0.7778
3.2500 0.5783 0.0119 0.0056 -0.0468 0.5245 0.7994
3.5000 0.6012 0.0120 0.0058 -0.0456 0.5138 0.8222
3.7500 0.6236 0.0122 0.0060 -0.0442 0.5036 0.8439
4.0000 0.6460 0.0123 0.0061 -0.0429 0.4933 0.8656
4.2500 0.6684 0.0125 0.0063 -0.0415 0.4834 0.8866
4.5000 0.6907 0.0127 0.0065 -0.0401 0.4729 0.9078
4.7500 0.7159 0.0129 0.0069 -0.0393 0.4620 0.9264
5.0000 0.7456 0.0132 0.0071 -0.0395 0.4503 0.9419
