-5.0000 -0.1730 0.0132 0.0063 -0.0881 0.8895 0.2143
-4.7500 -0.1454 0.0129 0.0061 -0.0879 0.8822 0.2280
-4.5000 -0.1147 0.0126 0.0058 -0.0882 0.8769 0.2426
-4.2500 -0.0892 0.0123 0.0056 -0.0876 0.8686 0.2565
-4.0000 -0.0612 0.0121 0.0054 -0.0874 0.8611 0.2714
-3.7500 -0.0309 0.0118 0.0051 -0.0877 0.8551 0.2875
-3.5000 -0.0060 0.0117 0.0050 -0.0870 0.8451 0.3027
-3.2500 0.0231 0.0115 0.0048 -0.0870 0.8377 0.3203
-3.0000 0.0495 0.0113 0.0047 -0.0865 0.8282 0.3382
-2.7500 0.0774 0.0111 0.0046 -0.0863 0.8194 0.3563
-2.5000 0.1049 0.0110 0.0044 -0.0861 0.8106 0.3744
-2.2500 0.1318 0.0109 0.0043 -0.0857 0.8006 0.3937
-2.0000 0.1596 0.0107 0.0042 -0.0855 0.7915 0.4142
-1.7500 0.1862 0.0106 0.0041 -0.0850 0.7807 0.4353
-1.5000 0.2135 0.0105 0.0040 -0.0847 0.7705 0.4588
-1.2500 0.2401 0.0103 0.0040 -0.0842 0.7595 0.4858
-1.0000 0.2664 0.0102 0.0040 -0.0838 0.7487 0.5153
-0.7500 0.2930 0.0101 0.0039 -0.0833 0.7382 0.5494
-0.5000 0.3188 0.0100 0.0039 -0.0827 0.7277 0.5852
-0.2500 0.3453 0.0099 0.0039 -0.0822 0.7176 0.6211
0.0000 0.3708 0.0099 0.0040 -0.0815 0.7071 0.6576
0.2500 0.3969 0.0098 0.0040 -0.0808 0.6972 0.6952
0.5000 0.4218 0.0098 0.0040 -0.0800 0.6866 0.7336
0.7500 0.4472 0.0097 0.0041 -0.0790 0.6760 0.7737
1.0000 0.4709 0.0097 0.0042 -0.0778 0.6638 0.8148
1.2500 0.4956 0.0097 0.0043 -0.0765 0.6531 0.8566
1.5000 0.5214 0.0098 0.0044 -0.0756 0.6423 0.8959
1.7500 0.5526 0.0100 0.0045 -0.0758 0.6327 0.9272
2.0000 0.5873 0.0101 0.0046 -0.0769 0.6217 0.9506
2.2500 0.6263 0.0103 0.0047 -0.0790 0.6107 0.9680
2.5000 0.6708 0.0105 0.0048 -0.0824 0.5995 0.9780
2.7500 0.7135 0.0106 0.0049 -0.0855 0.5866 0.9886
3.0000 0.7593 0.0107 0.0050 -0.0893 0.5734 0.9961
3.2500 0.7925 0.0109 0.0050 -0.0906 0.5622 1.0000
3.5000 0.8114 0.0110 0.0051 -0.0890 0.5519 1.0000
3.7500 0.8314 0.0111 0.0052 -0.0874 0.5428 1.0000
4.0000 0.8511 0.0113 0.0053 -0.0859 0.5326 1.0000
4.2500 0.8712 0.0114 0.0054 -0.0843 0.5228 1.0000
4.5000 0.8912 0.0116 0.0055 -0.0828 0.5122 1.0000
4.7500 0.9109 0.0118 0.0057 -0.0811 0.5008 1.0000
5.0000 0.9306 0.0120 0.0058 -0.0795 0.4893 1.0000
