-5.0000 -0.0365 0.0134 0.0062 -0.0990 0.8669 0.0660
-4.7500 -0.0074 0.0131 0.0058 -0.0990 0.8593 0.0705
-4.5000 0.0185 0.0129 0.0056 -0.0984 0.8483 0.0750
-4.2500 0.0460 0.0126 0.0053 -0.0981 0.8384 0.0801
-4.0000 0.0737 0.0124 0.0050 -0.0978 0.8279 0.0859
-3.7500 0.1003 0.0122 0.0049 -0.0973 0.8154 0.0924
-3.5000 0.1277 0.0121 0.0047 -0.0969 0.8037 0.0999
-3.2500 0.1554 0.0119 0.0045 -0.0967 0.7926 0.1077
-3.0000 0.1820 0.0118 0.0043 -0.0962 0.7794 0.1161
-2.7500 0.2089 0.0117 0.0043 -0.0959 0.7659 0.1289
-2.5000 0.2359 0.0116 0.0042 -0.0956 0.7523 0.1455
-2.2500 0.2630 0.0116 0.0041 -0.0952 0.7380 0.1626
-2.0000 0.2892 0.0115 0.0040 -0.0947 0.7224 0.1770
-1.7500 0.3154 0.0114 0.0039 -0.0942 0.7064 0.1927
-1.5000 0.3413 0.0112 0.0038 -0.0937 0.6901 0.2102
-1.2500 0.3671 0.0111 0.0037 -0.0932 0.6733 0.2318
-1.0000 0.3925 0.0110 0.0035 -0.0926 0.6561 0.2618
-0.7500 0.4156 0.0105 0.0034 -0.0919 0.6385 0.3776
-0.5000 0.4335 0.0097 0.0036 -0.0899 0.6219 0.6583
-0.2500 0.4525 0.0094 0.0037 -0.0875 0.6050 0.7960
0.0000 0.4762 0.0094 0.0038 -0.0857 0.5878 0.8970
0.2500 0.5163 0.0096 0.0039 -0.0877 0.5687 0.9551
0.5000 0.5642 0.0098 0.0040 -0.0918 0.5493 0.9856
0.7500 0.6160 0.0101 0.0040 -0.0969 0.5311 1.0000
1.0000 0.6370 0.0103 0.0040 -0.0956 0.5170 1.0000
1.2500 0.6585 0.0104 0.0041 -0.0944 0.5048 1.0000
1.5000 0.6801 0.0107 0.0042 -0.0932 0.4944 1.0000
1.7500 0.7027 0.0108 0.0043 -0.0921 0.4845 1.0000
2.0000 0.7253 0.0111 0.0044 -0.0911 0.4764 1.0000
2.2500 0.7489 0.0112 0.0045 -0.0903 0.4680 1.0000
2.5000 0.7729 0.0115 0.0046 -0.0896 0.4612 1.0000
2.7500 0.7969 0.0117 0.0048 -0.0888 0.4543 1.0000
3.0000 0.8211 0.0119 0.0049 -0.0881 0.4477 1.0000
3.2500 0.8460 0.0121 0.0051 -0.0875 0.4420 1.0000
3.5000 0.8712 0.0123 0.0053 -0.0870 0.4365 1.0000
3.7500 0.8964 0.0125 0.0054 -0.0866 0.4312 1.0000
4.0000 0.9220 0.0128 0.0056 -0.0862 0.4262 1.0000
4.2500 0.9475 0.0130 0.0059 -0.0858 0.4216 1.0000
4.5000 0.9728 0.0132 0.0061 -0.0854 0.4168 1.0000
4.7500 0.9982 0.0135 0.0063 -0.0850 0.4121 1.0000
5.0000 1.0247 0.0138 0.0065 -0.0848 0.4076 1.0000
