-5.0000 -0.0247 0.0140 0.0066 -0.0966 0.8044 0.1323
-4.7500 0.0013 0.0138 0.0063 -0.0961 0.7937 0.1382
-4.5000 0.0289 0.0136 0.0061 -0.0957 0.7833 0.1450
-4.2500 0.0541 0.0134 0.0059 -0.0951 0.7717 0.1518
-4.0000 0.0818 0.0133 0.0057 -0.0948 0.7612 0.1597
-3.7500 0.1071 0.0130 0.0055 -0.0941 0.7493 0.1679
-3.5000 0.1334 0.0129 0.0053 -0.0936 0.7378 0.1769
-3.2500 0.1595 0.0128 0.0052 -0.0931 0.7254 0.1870
-3.0000 0.1856 0.0126 0.0050 -0.0926 0.7131 0.1970
-2.7500 0.2114 0.0124 0.0048 -0.0920 0.7001 0.2082
-2.5000 0.2371 0.0123 0.0047 -0.0914 0.6865 0.2208
-2.2500 0.2625 0.0122 0.0046 -0.0907 0.6725 0.2354
-2.0000 0.2873 0.0121 0.0044 -0.0900 0.6583 0.2549
-1.7500 0.3121 0.0119 0.0043 -0.0893 0.6441 0.2744
-1.5000 0.3340 0.0115 0.0043 -0.0882 0.6305 0.3668
-1.2500 0.3560 0.0111 0.0042 -0.0872 0.6170 0.4592
-1.0000 0.3771 0.0108 0.0042 -0.0858 0.6032 0.5730
-0.7500 0.3996 0.0107 0.0043 -0.0845 0.5900 0.6438
-0.5000 0.4227 0.0107 0.0044 -0.0832 0.5760 0.6959
-0.2500 0.4458 0.0107 0.0044 -0.0819 0.5622 0.7418
0.0000 0.4687 0.0108 0.0046 -0.0805 0.5493 0.7859
0.2500 0.4911 0.0108 0.0047 -0.0790 0.5371 0.8287
0.5000 0.5139 0.0110 0.0048 -0.0774 0.5253 0.8663
0.7500 0.5384 0.0111 0.0050 -0.0763 0.5136 0.9002
1.0000 0.5676 0.0114 0.0051 -0.0762 0.5031 0.9260
1.2500 0.6010 0.0116 0.0053 -0.0770 0.4928 0.9470
1.5000 0.6398 0.0119 0.0055 -0.0792 0.4833 0.9641
1.7500 0.6849 0.0122 0.0057 -0.0827 0.4738 0.9764
2.0000 0.7319 0.0125 0.0059 -0.0867 0.4646 0.9875
2.2500 0.7834 0.0127 0.0060 -0.0917 0.4558 0.9945
2.5000 0.8268 0.0130 0.0062 -0.0952 0.4489 1.0000
2.7500 0.8429 0.0131 0.0063 -0.0931 0.4435 1.0000
3.0000 0.8597 0.0132 0.0064 -0.0911 0.4381 1.0000
3.2500 0.8779 0.0134 0.0065 -0.0894 0.4330 1.0000
3.5000 0.8972 0.0136 0.0066 -0.0879 0.4284 1.0000
3.7500 0.9160 0.0138 0.0068 -0.0862 0.4238 1.0000
4.0000 0.9357 0.0139 0.0069 -0.0847 0.4194 1.0000
4.2500 0.9566 0.0142 0.0071 -0.0834 0.4153 1.0000
4.5000 0.9804 0.0145 0.0073 -0.0828 0.4111 1.0000
4.7500 1.0015 0.0147 0.0075 -0.0815 0.4075 1.0000
5.0000 1.0226 0.0149 0.0077 -0.0803 0.4035 1.0000
