-5.0000 0.1218 0.0141 0.0068 -0.1472 0.8076 0.1867
-4.7500 0.1491 0.0139 0.0066 -0.1471 0.8011 0.1944
-4.5000 0.1755 0.0137 0.0064 -0.1467 0.7937 0.2026
-4.2500 0.2065 0.0135 0.0062 -0.1471 0.7880 0.2119
-4.0000 0.2318 0.0134 0.0061 -0.1466 0.7805 0.2205
-3.7500 0.2598 0.0132 0.0059 -0.1464 0.7733 0.2303
-3.5000 0.2905 0.0131 0.0058 -0.1469 0.7674 0.2407
-3.2500 0.3148 0.0130 0.0057 -0.1461 0.7591 0.2505
-3.0000 0.3443 0.0129 0.0056 -0.1463 0.7524 0.2619
-2.7500 0.3710 0.0128 0.0055 -0.1460 0.7448 0.2730
-2.5000 0.3982 0.0127 0.0054 -0.1457 0.7372 0.2843
-2.2500 0.4274 0.0126 0.0053 -0.1459 0.7306 0.2962
-2.0000 0.4526 0.0126 0.0053 -0.1453 0.7223 0.3085
-1.7500 0.4824 0.0126 0.0052 -0.1455 0.7158 0.3228
-1.5000 0.5073 0.0126 0.0053 -0.1449 0.7080 0.3359
-1.2500 0.5349 0.0125 0.0052 -0.1447 0.7009 0.3496
-1.0000 0.5629 0.0125 0.0052 -0.1447 0.6939 0.3635
-0.7500 0.5881 0.0125 0.0052 -0.1441 0.6857 0.3777
-0.5000 0.6175 0.0125 0.0052 -0.1443 0.6789 0.3938
-0.2500 0.6418 0.0125 0.0053 -0.1436 0.6710 0.4107
0.0000 0.6681 0.0124 0.0053 -0.1432 0.6638 0.4301
0.2500 0.6973 0.0125 0.0053 -0.1435 0.6576 0.4526
0.5000 0.7210 0.0124 0.0054 -0.1426 0.6503 0.4747
0.7500 0.7476 0.0124 0.0055 -0.1424 0.6438 0.5024
1.0000 0.7756 0.0124 0.0056 -0.1424 0.6375 0.5372
1.2500 0.7985 0.0124 0.0057 -0.1414 0.6300 0.5796
1.5000 0.8240 0.0123 0.0058 -0.1408 0.6232 0.6352
1.7500 0.8483 0.0123 0.0059 -0.1400 0.6167 0.7038
2.0000 0.8674 0.0122 0.0061 -0.1379 0.6098 0.7863
2.2500 0.8886 0.0121 0.0062 -0.1358 0.6035 0.9023
2.5000 0.9348 0.0122 0.0063 -0.1396 0.5965 1.0000
2.7500 0.9571 0.0123 0.0064 -0.1385 0.5898 1.0000
3.0000 0.9836 0.0125 0.0065 -0.1383 0.5838 1.0000
3.2500 1.0074 0.0127 0.0066 -0.1376 0.5775 1.0000
3.5000 1.0292 0.0129 0.0068 -0.1365 0.5705 1.0000
3.7500 1.0559 0.0131 0.0069 -0.1363 0.5643 1.0000
4.0000 1.0777 0.0133 0.0071 -0.1352 0.5578 1.0000
4.2500 1.0992 0.0135 0.0073 -0.1340 0.5511 1.0000
4.5000 1.1258 0.0137 0.0074 -0.1338 0.5453 1.0000
4.7500 1.1471 0.0139 0.0076 -0.1327 0.5392 1.0000
5.0000 1.1676 0.0141 0.0078 -0.1313 0.5326 1.0000
