-5.0000 -0.1823 0.0121 0.0052 -0.0665 0.7780 0.2179
-4.7500 -0.1568 0.0120 0.0050 -0.0659 0.7667 0.2279
-4.5000 -0.1313 0.0118 0.0049 -0.0654 0.7560 0.2386
-4.2500 -0.1062 0.0116 0.0047 -0.0647 0.7446 0.2494
-4.0000 -0.0808 0.0115 0.0046 -0.0641 0.7332 0.2610
-3.7500 -0.0555 0.0114 0.0044 -0.0634 0.7216 0.2746
-3.5000 -0.0309 0.0112 0.0043 -0.0627 0.7096 0.2915
-3.2500 -0.0069 0.0110 0.0041 -0.0619 0.6979 0.3123
-3.0000 0.0163 0.0107 0.0040 -0.0609 0.6849 0.3449
-2.7500 0.0395 0.0105 0.0039 -0.0599 0.6723 0.3888
-2.5000 0.0626 0.0103 0.0038 -0.0589 0.6595 0.4314
-2.2500 0.0867 0.0102 0.0038 -0.0580 0.6469 0.4672
-2.0000 0.1113 0.0102 0.0038 -0.0572 0.6349 0.4966
-1.7500 0.1359 0.0101 0.0038 -0.0564 0.6223 0.5236
-1.5000 0.1607 0.0101 0.0038 -0.0556 0.6098 0.5473
-1.2500 0.1856 0.0101 0.0038 -0.0549 0.5974 0.5681
-1.0000 0.2105 0.0102 0.0038 -0.0541 0.5852 0.5879
-0.7500 0.2356 0.0102 0.0038 -0.0534 0.5725 0.6070
-0.5000 0.2607 0.0102 0.0039 -0.0527 0.5608 0.6268
-0.2500 0.2856 0.0103 0.0039 -0.0519 0.5492 0.6454
0.0000 0.3104 0.0103 0.0040 -0.0512 0.5368 0.6630
0.2500 0.3351 0.0103 0.0040 -0.0504 0.5244 0.6806
0.5000 0.3599 0.0104 0.0041 -0.0496 0.5135 0.6993
0.7500 0.3843 0.0105 0.0041 -0.0488 0.5029 0.7184
1.0000 0.4094 0.0105 0.0042 -0.0480 0.4932 0.7372
1.2500 0.4338 0.0106 0.0043 -0.0472 0.4840 0.7565
1.5000 0.4589 0.0107 0.0045 -0.0465 0.4755 0.7766
1.7500 0.4832 0.0108 0.0046 -0.0456 0.4672 0.7973
2.0000 0.5079 0.0109 0.0047 -0.0448 0.4599 0.8175
2.2500 0.5326 0.0110 0.0049 -0.0439 0.4526 0.8377
2.5000 0.5564 0.0112 0.0050 -0.0429 0.4459 0.8572
2.7500 0.5806 0.0113 0.0052 -0.0419 0.4399 0.8783
3.0000 0.6044 0.0115 0.0054 -0.0408 0.4334 0.8985
3.2500 0.6278 0.0117 0.0056 -0.0396 0.4269 0.9171
3.5000 0.6528 0.0119 0.0058 -0.0388 0.4207 0.9337
3.7500 0.6837 0.0121 0.0060 -0.0392 0.4143 0.9456
4.0000 0.7149 0.0124 0.0062 -0.0399 0.4081 0.9560
4.2500 0.7509 0.0127 0.0065 -0.0416 0.4025 0.9637
4.5000 0.7859 0.0130 0.0067 -0.0432 0.3976 0.9717
4.7500 0.8293 0.0132 0.0070 -0.0465 0.3917 0.9750
5.0000 0.8707 0.0136 0.0073 -0.0496 0.3851 0.9791
