-5.0000 -0.2809 0.0289 0.0195 -0.0610 0.8747 0.2327
-4.7500 -0.2585 0.0283 0.0191 -0.0600 0.8620 0.2424
-4.5000 -0.2094 0.0273 0.0181 -0.0634 0.8572 0.2585
-4.2500 -0.1743 0.0265 0.0174 -0.0645 0.8488 0.2749
-4.0000 -0.1391 0.0257 0.0167 -0.0655 0.8403 0.2913
-3.7500 -0.0924 0.0246 0.0158 -0.0682 0.8363 0.3151
-3.5000 -0.0721 0.0242 0.0155 -0.0666 0.8233 0.3357
-3.2500 -0.0308 0.0231 0.0146 -0.0683 0.8180 0.3706
-3.0000 -0.0088 0.0226 0.0144 -0.0669 0.8060 0.4104
-2.7500 0.0261 0.0216 0.0138 -0.0671 0.7992 0.4843
-2.5000 0.0468 0.0212 0.0138 -0.0649 0.7874 0.5625
-2.2500 0.0790 0.0206 0.0135 -0.0641 0.7795 0.6361
-2.0000 0.1018 0.0205 0.0135 -0.0619 0.7676 0.6845
-1.7500 0.1358 0.0202 0.0132 -0.0612 0.7591 0.7260
-1.5000 0.1593 0.0202 0.0133 -0.0592 0.7466 0.7591
-1.2500 0.1933 0.0200 0.0131 -0.0585 0.7374 0.7910
-1.0000 0.2173 0.0202 0.0132 -0.0565 0.7239 0.8180
-0.7500 0.2555 0.0201 0.0130 -0.0566 0.7148 0.8451
-0.5000 0.2845 0.0203 0.0132 -0.0556 0.6998 0.8666
-0.2500 0.3266 0.0205 0.0132 -0.0568 0.6875 0.8862
0.0000 0.3738 0.0206 0.0132 -0.0592 0.6745 0.9041
0.2500 0.4189 0.0209 0.0134 -0.0619 0.6599 0.9207
0.5000 0.4754 0.0211 0.0134 -0.0667 0.6481 0.9357
0.7500 0.5370 0.0213 0.0135 -0.0728 0.6338 0.9502
1.0000 0.5995 0.0215 0.0135 -0.0794 0.6198 0.9659
1.2500 0.6642 0.0214 0.0132 -0.0864 0.6080 0.9802
1.5000 0.7164 0.0214 0.0132 -0.0919 0.5943 0.9933
1.7500 0.7572 0.0214 0.0130 -0.0951 0.5846 1.0000
2.0000 0.7708 0.0216 0.0132 -0.0935 0.5752 1.0000
2.2500 0.7909 0.0216 0.0131 -0.0927 0.5680 1.0000
2.5000 0.8025 0.0220 0.0135 -0.0906 0.5596 1.0000
2.7500 0.8169 0.0222 0.0137 -0.0888 0.5516 1.0000
3.0000 0.8389 0.0223 0.0136 -0.0881 0.5453 1.0000
3.2500 0.8474 0.0228 0.0142 -0.0853 0.5378 1.0000
3.5000 0.8616 0.0231 0.0145 -0.0832 0.5307 1.0000
3.7500 0.8846 0.0233 0.0145 -0.0824 0.5248 1.0000
4.0000 0.8963 0.0239 0.0151 -0.0799 0.5183 1.0000
4.2500 0.9071 0.0244 0.0157 -0.0772 0.5114 1.0000
4.5000 0.9282 0.0247 0.0159 -0.0761 0.5055 1.0000
4.7500 0.9518 0.0251 0.0162 -0.0754 0.5002 1.0000
5.0000 0.9570 0.0259 0.0171 -0.0718 0.4938 1.0000
