-5.0000 -0.2835 0.0295 0.0204 -0.0536 0.7938 0.3438
-4.7500 -0.2344 0.0284 0.0195 -0.0566 0.7907 0.3614
-4.5000 -0.2076 0.0280 0.0191 -0.0560 0.7817 0.3781
-4.2500 -0.1808 0.0275 0.0187 -0.0554 0.7728 0.3949
-4.0000 -0.1325 0.0264 0.0178 -0.0580 0.7695 0.4178
-3.7500 -0.1242 0.0265 0.0180 -0.0545 0.7556 0.4345
-3.5000 -0.0810 0.0256 0.0173 -0.0562 0.7509 0.4633
-3.2500 -0.0657 0.0256 0.0173 -0.0537 0.7394 0.4877
-3.0000 -0.0299 0.0250 0.0169 -0.0541 0.7328 0.5199
-2.7500 0.0152 0.0244 0.0163 -0.0560 0.7286 0.5536
-2.5000 0.0250 0.0247 0.0167 -0.0524 0.7149 0.5746
-2.2500 0.0691 0.0241 0.0162 -0.0540 0.7097 0.6035
-2.0000 0.0810 0.0244 0.0165 -0.0508 0.6969 0.6239
-1.7500 0.1264 0.0240 0.0161 -0.0526 0.6909 0.6471
-1.5000 0.1420 0.0242 0.0164 -0.0498 0.6783 0.6658
-1.2500 0.1767 0.0240 0.0162 -0.0499 0.6699 0.6861
-1.0000 0.2020 0.0241 0.0162 -0.0487 0.6594 0.7045
-0.7500 0.2263 0.0242 0.0163 -0.0474 0.6496 0.7222
-0.5000 0.2550 0.0242 0.0163 -0.0467 0.6404 0.7398
-0.2500 0.2767 0.0245 0.0165 -0.0450 0.6309 0.7570
0.0000 0.3052 0.0246 0.0167 -0.0443 0.6217 0.7727
0.2500 0.3376 0.0248 0.0168 -0.0442 0.6135 0.7872
0.5000 0.3558 0.0251 0.0172 -0.0420 0.6034 0.8020
0.7500 0.3972 0.0252 0.0171 -0.0435 0.5968 0.8173
1.0000 0.4073 0.0258 0.0178 -0.0402 0.5873 0.8329
1.2500 0.4373 0.0261 0.0180 -0.0399 0.5797 0.8487
1.5000 0.4937 0.0265 0.0183 -0.0438 0.5735 0.8615
1.7500 0.5112 0.0274 0.0193 -0.0419 0.5640 0.8760
2.0000 0.5581 0.0277 0.0195 -0.0448 0.5566 0.8894
2.2500 0.6087 0.0281 0.0198 -0.0486 0.5500 0.9009
2.5000 0.6442 0.0289 0.0206 -0.0506 0.5414 0.9107
2.7500 0.6849 0.0290 0.0207 -0.0531 0.5349 0.9241
3.0000 0.7505 0.0294 0.0209 -0.0603 0.5277 0.9294
3.2500 0.7752 0.0300 0.0216 -0.0606 0.5196 0.9438
3.5000 0.8331 0.0301 0.0216 -0.0665 0.5129 0.9509
3.7500 0.8876 0.0303 0.0217 -0.0719 0.5074 0.9604
4.0000 0.9198 0.0312 0.0227 -0.0742 0.5001 0.9726
4.2500 0.9688 0.0314 0.0229 -0.0789 0.4938 0.9830
4.5000 1.0295 0.0312 0.0225 -0.0854 0.4885 0.9905
4.7500 1.0591 0.0322 0.0236 -0.0876 0.4813 1.0000
5.0000 1.0546 0.0327 0.0242 -0.0832 0.4763 1.0000
