-5.0000 -0.4519 0.0130 0.0065 -0.0274 0.9062 0.3597
-4.7500 -0.4249 0.0127 0.0063 -0.0270 0.8976 0.3718
-4.5000 -0.3978 0.0125 0.0060 -0.0266 0.8890 0.3838
-4.2500 -0.3730 0.0123 0.0058 -0.0257 0.8783 0.3957
-4.0000 -0.3477 0.0121 0.0056 -0.0250 0.8677 0.4082
-3.7500 -0.3218 0.0119 0.0055 -0.0244 0.8571 0.4213
-3.5000 -0.2955 0.0117 0.0053 -0.0238 0.8465 0.4352
-3.2500 -0.2708 0.0115 0.0052 -0.0229 0.8334 0.4487
-3.0000 -0.2452 0.0114 0.0050 -0.0222 0.8208 0.4622
-2.7500 -0.2191 0.0112 0.0049 -0.0217 0.8090 0.4748
-2.5000 -0.1928 0.0111 0.0048 -0.0211 0.7973 0.4883
-2.2500 -0.1668 0.0110 0.0047 -0.0205 0.7846 0.5019
-2.0000 -0.1410 0.0109 0.0046 -0.0199 0.7710 0.5157
-1.7500 -0.1153 0.0108 0.0045 -0.0192 0.7569 0.5295
-1.5000 -0.0895 0.0108 0.0044 -0.0185 0.7431 0.5448
-1.2500 -0.0635 0.0107 0.0043 -0.0179 0.7305 0.5596
-1.0000 -0.0379 0.0107 0.0043 -0.0173 0.7164 0.5745
-0.7500 -0.0122 0.0106 0.0043 -0.0166 0.7023 0.5895
-0.5000 0.0134 0.0106 0.0042 -0.0159 0.6884 0.6044
-0.2500 0.0390 0.0106 0.0042 -0.0152 0.6745 0.6206
0.0000 0.0646 0.0106 0.0042 -0.0146 0.6605 0.6362
0.2500 0.0902 0.0106 0.0043 -0.0139 0.6467 0.6517
0.5000 0.1158 0.0106 0.0043 -0.0132 0.6328 0.6677
0.7500 0.1414 0.0106 0.0043 -0.0125 0.6192 0.6837
1.0000 0.1670 0.0106 0.0043 -0.0118 0.6055 0.6995
1.2500 0.1924 0.0106 0.0044 -0.0111 0.5916 0.7152
1.5000 0.2179 0.0107 0.0044 -0.0104 0.5778 0.7308
1.7500 0.2432 0.0107 0.0045 -0.0097 0.5648 0.7478
2.0000 0.2685 0.0108 0.0045 -0.0089 0.5514 0.7645
2.2500 0.2937 0.0109 0.0046 -0.0081 0.5377 0.7809
2.5000 0.3187 0.0110 0.0047 -0.0073 0.5241 0.7982
2.7500 0.3438 0.0111 0.0049 -0.0065 0.5116 0.8146
3.0000 0.3690 0.0112 0.0050 -0.0057 0.4993 0.8303
3.2500 0.3937 0.0114 0.0052 -0.0048 0.4869 0.8462
3.5000 0.4186 0.0115 0.0053 -0.0039 0.4732 0.8606
3.7500 0.4428 0.0117 0.0055 -0.0029 0.4610 0.8751
4.0000 0.4679 0.0119 0.0056 -0.0020 0.4478 0.8877
4.2500 0.4930 0.0121 0.0059 -0.0012 0.4338 0.9001
4.5000 0.5176 0.0123 0.0061 -0.0003 0.4209 0.9127
4.7500 0.5468 0.0126 0.0064 -0.0003 0.4076 0.9217
5.0000 0.5752 0.0129 0.0066 -0.0002 0.3949 0.9315
