-5.0000 -0.3509 0.0124 0.0052 -0.0355 0.9725 0.0235
-4.7500 -0.3152 0.0122 0.0050 -0.0371 0.9678 0.0261
-4.5000 -0.2798 0.0119 0.0047 -0.0386 0.9621 0.0293
-4.2500 -0.2426 0.0115 0.0044 -0.0405 0.9576 0.0346
-4.0000 -0.2099 0.0113 0.0042 -0.0413 0.9503 0.0376
-3.7500 -0.1783 0.0110 0.0039 -0.0418 0.9417 0.0422
-3.5000 -0.1495 0.0107 0.0037 -0.0417 0.9310 0.0499
-3.2500 -0.1203 0.0105 0.0034 -0.0417 0.9207 0.0598
-3.0000 -0.0940 0.0102 0.0033 -0.0411 0.9078 0.0784
-2.7500 -0.0674 0.0100 0.0031 -0.0407 0.8950 0.0920
-2.5000 -0.0404 0.0098 0.0029 -0.0402 0.8821 0.1060
-2.2500 -0.0137 0.0096 0.0028 -0.0397 0.8676 0.1257
-2.0000 0.0125 0.0094 0.0026 -0.0392 0.8512 0.1537
-1.7500 0.0349 0.0086 0.0024 -0.0384 0.8337 0.3126
-1.5000 0.0576 0.0079 0.0023 -0.0375 0.8161 0.4674
-1.2500 0.0814 0.0076 0.0022 -0.0365 0.7982 0.5663
-1.0000 0.1009 0.0070 0.0023 -0.0344 0.7798 0.7221
-0.7500 0.1227 0.0068 0.0024 -0.0324 0.7606 0.8104
-0.5000 0.1477 0.0068 0.0024 -0.0313 0.7402 0.8469
-0.2500 0.1727 0.0069 0.0024 -0.0301 0.7196 0.8826
0.0000 0.1988 0.0070 0.0025 -0.0292 0.6974 0.9123
0.2500 0.2263 0.0071 0.0025 -0.0285 0.6743 0.9364
0.5000 0.2574 0.0073 0.0026 -0.0288 0.6491 0.9549
0.7500 0.2950 0.0075 0.0027 -0.0305 0.6229 0.9675
1.0000 0.3346 0.0077 0.0027 -0.0329 0.5951 0.9759
1.2500 0.3760 0.0079 0.0028 -0.0358 0.5653 0.9820
1.5000 0.4156 0.0082 0.0028 -0.0383 0.5352 0.9896
1.7500 0.4573 0.0084 0.0029 -0.0413 0.5018 0.9942
2.0000 0.4968 0.0086 0.0029 -0.0440 0.4694 0.9990
2.2500 0.5240 0.0088 0.0029 -0.0441 0.4420 1.0000
2.5000 0.5467 0.0089 0.0030 -0.0432 0.4182 1.0000
2.7500 0.5696 0.0091 0.0031 -0.0424 0.3951 1.0000
3.0000 0.5921 0.0094 0.0032 -0.0414 0.3763 1.0000
3.2500 0.6147 0.0096 0.0033 -0.0405 0.3594 1.0000
3.5000 0.6376 0.0098 0.0034 -0.0396 0.3444 1.0000
3.7500 0.6607 0.0100 0.0036 -0.0387 0.3323 1.0000
4.0000 0.6832 0.0102 0.0037 -0.0377 0.3214 1.0000
4.2500 0.7069 0.0104 0.0039 -0.0369 0.3129 1.0000
4.5000 0.7301 0.0106 0.0041 -0.0360 0.3051 1.0000
4.7500 0.7533 0.0109 0.0043 -0.0352 0.2975 1.0000
5.0000 0.7761 0.0111 0.0044 -0.0343 0.2814 1.0000
