-5.0000 -0.3272 0.0277 0.0187 -0.0516 0.8658 0.2972
-4.7500 -0.3043 0.0273 0.0182 -0.0506 0.8537 0.3113
-4.5000 -0.2513 0.0262 0.0174 -0.0547 0.8503 0.3330
-4.2500 -0.2273 0.0257 0.0170 -0.0537 0.8383 0.3513
-4.0000 -0.1797 0.0247 0.0162 -0.0565 0.8344 0.3795
-3.7500 -0.1586 0.0243 0.0160 -0.0549 0.8218 0.4040
-3.5000 -0.1149 0.0234 0.0152 -0.0569 0.8176 0.4449
-3.2500 -0.0976 0.0231 0.0152 -0.0545 0.8044 0.4799
-3.0000 -0.0570 0.0224 0.0147 -0.0556 0.8000 0.5305
-2.7500 -0.0411 0.0223 0.0148 -0.0528 0.7862 0.5682
-2.5000 -0.0004 0.0218 0.0144 -0.0537 0.7813 0.6116
-2.2500 0.0161 0.0219 0.0145 -0.0509 0.7673 0.6424
-2.0000 0.0577 0.0214 0.0141 -0.0517 0.7618 0.6747
-1.7500 0.0741 0.0216 0.0143 -0.0490 0.7472 0.7003
-1.5000 0.1110 0.0214 0.0141 -0.0490 0.7391 0.7247
-1.2500 0.1339 0.0214 0.0142 -0.0471 0.7258 0.7475
-1.0000 0.1630 0.0214 0.0141 -0.0461 0.7150 0.7698
-0.7500 0.1925 0.0214 0.0141 -0.0452 0.7032 0.7888
-0.5000 0.2220 0.0215 0.0142 -0.0443 0.6915 0.8078
-0.2500 0.2578 0.0215 0.0140 -0.0445 0.6811 0.8256
0.0000 0.2842 0.0218 0.0143 -0.0434 0.6684 0.8431
0.2500 0.3255 0.0218 0.0143 -0.0446 0.6588 0.8600
0.5000 0.3524 0.0222 0.0146 -0.0438 0.6454 0.8773
0.7500 0.4078 0.0226 0.0149 -0.0477 0.6340 0.8894
1.0000 0.4582 0.0229 0.0151 -0.0510 0.6224 0.9037
1.2500 0.5036 0.0233 0.0154 -0.0541 0.6103 0.9184
1.5000 0.5646 0.0235 0.0154 -0.0600 0.5993 0.9289
1.7500 0.6135 0.0236 0.0154 -0.0640 0.5883 0.9403
2.0000 0.6524 0.0238 0.0156 -0.0666 0.5776 0.9534
2.2500 0.7073 0.0238 0.0154 -0.0720 0.5683 0.9622
2.5000 0.7514 0.0240 0.0156 -0.0758 0.5580 0.9741
2.7500 0.8017 0.0242 0.0157 -0.0807 0.5496 0.9851
3.0000 0.8511 0.0243 0.0157 -0.0857 0.5402 0.9950
3.2500 0.8854 0.0244 0.0158 -0.0878 0.5327 1.0000
3.5000 0.8973 0.0246 0.0160 -0.0859 0.5252 1.0000
3.7500 0.9183 0.0247 0.0159 -0.0852 0.5194 1.0000
4.0000 0.9241 0.0251 0.0165 -0.0822 0.5121 1.0000
4.2500 0.9382 0.0254 0.0167 -0.0803 0.5056 1.0000
4.5000 0.9593 0.0256 0.0168 -0.0794 0.5001 1.0000
4.7500 0.9606 0.0262 0.0176 -0.0755 0.4929 1.0000
5.0000 0.9761 0.0265 0.0178 -0.0736 0.4867 1.0000
