-5.0000 0.0826 0.0118 0.0051 -0.1514 0.8889 0.0586
-4.7500 0.1112 0.0116 0.0048 -0.1515 0.8841 0.0693
-4.5000 0.1414 0.0113 0.0046 -0.1520 0.8803 0.0834
-4.2500 0.1725 0.0111 0.0044 -0.1526 0.8769 0.0942
-4.0000 0.1985 0.0109 0.0043 -0.1522 0.8709 0.1048
-3.7500 0.2266 0.0107 0.0041 -0.1522 0.8653 0.1170
-3.5000 0.2566 0.0105 0.0039 -0.1525 0.8607 0.1326
-3.2500 0.2865 0.0103 0.0038 -0.1529 0.8563 0.1497
-3.0000 0.3126 0.0102 0.0037 -0.1526 0.8495 0.1697
-2.7500 0.3415 0.0100 0.0036 -0.1527 0.8439 0.1911
-2.5000 0.3717 0.0098 0.0035 -0.1532 0.8392 0.2268
-2.2500 0.3985 0.0097 0.0035 -0.1530 0.8329 0.2665
-2.0000 0.4265 0.0096 0.0035 -0.1530 0.8267 0.2879
-1.7500 0.4563 0.0095 0.0034 -0.1532 0.8212 0.3103
-1.5000 0.4838 0.0094 0.0033 -0.1531 0.8145 0.3326
-1.2500 0.5114 0.0093 0.0033 -0.1530 0.8075 0.3558
-1.0000 0.5408 0.0092 0.0032 -0.1532 0.8017 0.3815
-0.7500 0.5678 0.0092 0.0032 -0.1529 0.7944 0.4080
-0.5000 0.5956 0.0091 0.0032 -0.1528 0.7868 0.4361
-0.2500 0.6245 0.0090 0.0032 -0.1529 0.7802 0.4652
0.0000 0.6510 0.0089 0.0032 -0.1526 0.7721 0.4968
0.2500 0.6794 0.0089 0.0032 -0.1526 0.7649 0.5351
0.5000 0.7056 0.0088 0.0033 -0.1522 0.7563 0.5776
0.7500 0.7326 0.0087 0.0033 -0.1519 0.7481 0.6313
1.0000 0.7581 0.0086 0.0034 -0.1513 0.7400 0.7021
1.2500 0.7785 0.0082 0.0034 -0.1493 0.7317 0.8396
1.5000 0.8113 0.0081 0.0034 -0.1500 0.7231 1.0000
1.7500 0.8382 0.0082 0.0034 -0.1497 0.7135 1.0000
2.0000 0.8653 0.0083 0.0035 -0.1495 0.7047 1.0000
2.2500 0.8921 0.0084 0.0035 -0.1492 0.6954 1.0000
2.5000 0.9187 0.0085 0.0036 -0.1489 0.6861 1.0000
2.7500 0.9451 0.0086 0.0037 -0.1485 0.6761 1.0000
3.0000 0.9709 0.0088 0.0038 -0.1481 0.6656 1.0000
3.2500 0.9968 0.0089 0.0039 -0.1476 0.6547 1.0000
3.5000 1.0216 0.0091 0.0040 -0.1469 0.6419 1.0000
3.7500 1.0469 0.0092 0.0041 -0.1464 0.6307 1.0000
4.0000 1.0721 0.0094 0.0042 -0.1458 0.6199 1.0000
4.2500 1.0963 0.0096 0.0044 -0.1450 0.6067 1.0000
4.5000 1.1199 0.0098 0.0045 -0.1442 0.5924 1.0000
4.7500 1.1432 0.0100 0.0047 -0.1432 0.5782 1.0000
5.0000 1.1633 0.0103 0.0049 -0.1416 0.5552 1.0000
