-5.0000 -0.3500 0.0113 0.0049 -0.0447 0.9309 0.2100
-4.7500 -0.3248 0.0110 0.0047 -0.0440 0.9208 0.2282
-4.5000 -0.2996 0.0107 0.0045 -0.0433 0.9107 0.2464
-4.2500 -0.2718 0.0104 0.0042 -0.0431 0.9021 0.2666
-4.0000 -0.2464 0.0102 0.0040 -0.0424 0.8907 0.2858
-3.7500 -0.2192 0.0099 0.0039 -0.0421 0.8812 0.3078
-3.5000 -0.1936 0.0097 0.0037 -0.0415 0.8694 0.3311
-3.2500 -0.1680 0.0094 0.0035 -0.0409 0.8575 0.3588
-3.0000 -0.1424 0.0092 0.0033 -0.0402 0.8449 0.3885
-2.7500 -0.1168 0.0090 0.0032 -0.0396 0.8315 0.4254
-2.5000 -0.0911 0.0088 0.0031 -0.0390 0.8183 0.4627
-2.2500 -0.0656 0.0086 0.0030 -0.0383 0.8050 0.4990
-2.0000 -0.0398 0.0085 0.0029 -0.0377 0.7911 0.5324
-1.7500 -0.0138 0.0083 0.0029 -0.0371 0.7767 0.5612
-1.5000 0.0121 0.0083 0.0028 -0.0365 0.7616 0.5882
-1.2500 0.0381 0.0082 0.0028 -0.0358 0.7467 0.6149
-1.0000 0.0638 0.0081 0.0028 -0.0351 0.7302 0.6421
-0.7500 0.0896 0.0081 0.0027 -0.0345 0.7141 0.6701
-0.5000 0.1154 0.0081 0.0027 -0.0338 0.6982 0.6972
-0.2500 0.1413 0.0081 0.0028 -0.0331 0.6820 0.7224
0.0000 0.1672 0.0081 0.0028 -0.0324 0.6660 0.7458
0.2500 0.1930 0.0081 0.0028 -0.0317 0.6496 0.7702
0.5000 0.2184 0.0081 0.0029 -0.0309 0.6330 0.7948
0.7500 0.2441 0.0082 0.0029 -0.0302 0.6163 0.8175
1.0000 0.2696 0.0083 0.0030 -0.0294 0.5999 0.8400
1.2500 0.2952 0.0083 0.0031 -0.0286 0.5834 0.8610
1.5000 0.3209 0.0085 0.0032 -0.0277 0.5678 0.8811
1.7500 0.3467 0.0086 0.0033 -0.0270 0.5542 0.8992
2.0000 0.3736 0.0088 0.0034 -0.0265 0.5407 0.9150
2.2500 0.4013 0.0089 0.0035 -0.0261 0.5280 0.9299
2.5000 0.4312 0.0091 0.0037 -0.0262 0.5144 0.9428
2.7500 0.4635 0.0094 0.0038 -0.0269 0.5005 0.9534
3.0000 0.4966 0.0095 0.0040 -0.0279 0.4879 0.9624
3.2500 0.5364 0.0097 0.0041 -0.0304 0.4749 0.9674
3.5000 0.5782 0.0100 0.0043 -0.0333 0.4610 0.9725
3.7500 0.6143 0.0102 0.0044 -0.0350 0.4494 0.9803
4.0000 0.6583 0.0104 0.0046 -0.0385 0.4367 0.9835
4.2500 0.6994 0.0105 0.0047 -0.0414 0.4245 0.9873
4.5000 0.7383 0.0107 0.0049 -0.0439 0.4092 0.9917
4.7500 0.7762 0.0109 0.0050 -0.0461 0.3926 0.9960
5.0000 0.8134 0.0111 0.0051 -0.0483 0.3775 0.9994
