-5.0000 -0.3348 0.0120 0.0054 -0.0432 0.7950 0.3105
-4.7500 -0.3101 0.0118 0.0052 -0.0425 0.7838 0.3204
-4.5000 -0.2853 0.0117 0.0051 -0.0418 0.7727 0.3309
-4.2500 -0.2604 0.0115 0.0049 -0.0411 0.7614 0.3425
-4.0000 -0.2358 0.0114 0.0048 -0.0404 0.7499 0.3542
-3.7500 -0.2110 0.0113 0.0046 -0.0397 0.7384 0.3667
-3.5000 -0.1862 0.0112 0.0045 -0.0390 0.7268 0.3794
-3.2500 -0.1616 0.0110 0.0044 -0.0382 0.7148 0.3931
-3.0000 -0.1374 0.0109 0.0043 -0.0374 0.7024 0.4089
-2.7500 -0.1129 0.0108 0.0043 -0.0366 0.6896 0.4261
-2.5000 -0.0885 0.0108 0.0042 -0.0358 0.6783 0.4421
-2.2500 -0.0637 0.0107 0.0042 -0.0351 0.6660 0.4582
-2.0000 -0.0389 0.0106 0.0042 -0.0343 0.6541 0.4739
-1.7500 -0.0141 0.0106 0.0041 -0.0336 0.6422 0.4896
-1.5000 0.0106 0.0106 0.0040 -0.0329 0.6300 0.5050
-1.2500 0.0356 0.0106 0.0040 -0.0322 0.6189 0.5202
-1.0000 0.0605 0.0106 0.0040 -0.0315 0.6069 0.5352
-0.7500 0.0856 0.0106 0.0040 -0.0308 0.5957 0.5498
-0.5000 0.1106 0.0106 0.0040 -0.0301 0.5847 0.5644
-0.2500 0.1358 0.0106 0.0040 -0.0294 0.5741 0.5798
0.0000 0.1608 0.0106 0.0040 -0.0288 0.5635 0.5947
0.2500 0.1860 0.0106 0.0041 -0.0281 0.5533 0.6105
0.5000 0.2112 0.0106 0.0041 -0.0275 0.5438 0.6250
0.7500 0.2365 0.0107 0.0042 -0.0268 0.5346 0.6400
1.0000 0.2617 0.0107 0.0043 -0.0262 0.5252 0.6554
1.2500 0.2870 0.0108 0.0043 -0.0255 0.5165 0.6716
1.5000 0.3122 0.0108 0.0044 -0.0249 0.5083 0.6863
1.7500 0.3376 0.0109 0.0044 -0.0243 0.4996 0.7006
2.0000 0.3629 0.0109 0.0045 -0.0237 0.4912 0.7161
2.2500 0.3881 0.0110 0.0046 -0.0230 0.4834 0.7320
2.5000 0.4131 0.0111 0.0047 -0.0223 0.4755 0.7475
2.7500 0.4381 0.0111 0.0048 -0.0217 0.4671 0.7627
3.0000 0.4628 0.0112 0.0049 -0.0209 0.4591 0.7784
3.2500 0.4874 0.0113 0.0050 -0.0201 0.4512 0.7946
3.5000 0.5119 0.0114 0.0052 -0.0193 0.4437 0.8115
3.7500 0.5360 0.0116 0.0053 -0.0185 0.4366 0.8265
4.0000 0.5601 0.0117 0.0055 -0.0176 0.4282 0.8413
4.2500 0.5840 0.0118 0.0056 -0.0167 0.4208 0.8556
4.5000 0.6075 0.0120 0.0058 -0.0157 0.4141 0.8701
4.7500 0.6310 0.0121 0.0060 -0.0146 0.4070 0.8848
5.0000 0.6537 0.0123 0.0062 -0.0134 0.4006 0.8992
