-5.0000 -0.5926 0.0155 0.0084 -0.0027 0.9749 0.3343
-4.7500 -0.5493 0.0154 0.0082 -0.0060 0.9712 0.3585
-4.5000 -0.5186 0.0151 0.0080 -0.0068 0.9622 0.3796
-4.2500 -0.4773 0.0148 0.0079 -0.0096 0.9567 0.4034
-4.0000 -0.4317 0.0146 0.0077 -0.0132 0.9531 0.4287
-3.7500 -0.4022 0.0143 0.0075 -0.0134 0.9428 0.4492
-3.5000 -0.3603 0.0140 0.0074 -0.0162 0.9380 0.4718
-3.2500 -0.3160 0.0137 0.0072 -0.0194 0.9347 0.4948
-3.0000 -0.2883 0.0135 0.0070 -0.0191 0.9244 0.5148
-2.7500 -0.2506 0.0133 0.0068 -0.0209 0.9187 0.5382
-2.5000 -0.2158 0.0130 0.0066 -0.0219 0.9120 0.5588
-2.2500 -0.1862 0.0127 0.0065 -0.0218 0.9016 0.5786
-2.0000 -0.1520 0.0124 0.0063 -0.0224 0.8941 0.5999
-1.7500 -0.1249 0.0122 0.0061 -0.0217 0.8820 0.6199
-1.5000 -0.0957 0.0120 0.0059 -0.0214 0.8716 0.6395
-1.2500 -0.0670 0.0118 0.0058 -0.0210 0.8602 0.6591
-1.0000 -0.0407 0.0116 0.0057 -0.0200 0.8464 0.6796
-0.7500 -0.0135 0.0114 0.0055 -0.0192 0.8328 0.7005
-0.5000 0.0139 0.0113 0.0054 -0.0184 0.8190 0.7209
-0.2500 0.0408 0.0112 0.0053 -0.0176 0.8041 0.7401
0.0000 0.0669 0.0111 0.0053 -0.0166 0.7877 0.7590
0.2500 0.0929 0.0111 0.0053 -0.0156 0.7712 0.7786
0.5000 0.1191 0.0111 0.0053 -0.0146 0.7546 0.7979
0.7500 0.1450 0.0111 0.0053 -0.0136 0.7370 0.8173
1.0000 0.1712 0.0112 0.0054 -0.0126 0.7189 0.8356
1.2500 0.1979 0.0112 0.0054 -0.0116 0.7008 0.8527
1.5000 0.2247 0.0114 0.0055 -0.0107 0.6826 0.8696
1.7500 0.2523 0.0115 0.0056 -0.0100 0.6649 0.8856
2.0000 0.2803 0.0117 0.0058 -0.0094 0.6465 0.9008
2.2500 0.3085 0.0120 0.0059 -0.0089 0.6282 0.9158
2.5000 0.3438 0.0122 0.0061 -0.0100 0.6089 0.9261
2.7500 0.3791 0.0124 0.0063 -0.0110 0.5897 0.9363
3.0000 0.4205 0.0127 0.0065 -0.0134 0.5681 0.9435
3.2500 0.4563 0.0129 0.0066 -0.0148 0.5448 0.9539
3.5000 0.5014 0.0132 0.0067 -0.0183 0.5199 0.9587
3.7500 0.5403 0.0134 0.0069 -0.0205 0.4982 0.9667
4.0000 0.5796 0.0136 0.0070 -0.0229 0.4754 0.9738
4.2500 0.6221 0.0138 0.0071 -0.0261 0.4511 0.9798
4.5000 0.6607 0.0141 0.0073 -0.0285 0.4276 0.9881
4.7500 0.7049 0.0143 0.0074 -0.0321 0.4033 0.9936
5.0000 0.7490 0.0145 0.0075 -0.0357 0.3778 1.0000
