-5.0000 -0.2829 0.0113 0.0047 -0.0639 0.9265 0.1764
-4.7500 -0.2578 0.0111 0.0046 -0.0632 0.9177 0.1961
-4.5000 -0.2294 0.0107 0.0043 -0.0632 0.9113 0.2228
-4.2500 -0.2040 0.0104 0.0042 -0.0626 0.9023 0.2510
-4.0000 -0.1763 0.0101 0.0040 -0.0624 0.8953 0.2772
-3.7500 -0.1505 0.0099 0.0039 -0.0619 0.8852 0.2971
-3.5000 -0.1226 0.0097 0.0037 -0.0616 0.8769 0.3156
-3.2500 -0.0963 0.0095 0.0035 -0.0611 0.8660 0.3344
-3.0000 -0.0687 0.0094 0.0034 -0.0609 0.8566 0.3548
-2.7500 -0.0418 0.0092 0.0033 -0.0605 0.8460 0.3772
-2.5000 -0.0147 0.0091 0.0032 -0.0602 0.8358 0.3992
-2.2500 0.0122 0.0089 0.0031 -0.0598 0.8242 0.4221
-2.0000 0.0389 0.0088 0.0030 -0.0594 0.8117 0.4486
-1.7500 0.0660 0.0087 0.0029 -0.0590 0.8005 0.4765
-1.5000 0.0924 0.0085 0.0029 -0.0586 0.7876 0.5035
-1.2500 0.1193 0.0084 0.0028 -0.0582 0.7762 0.5335
-1.0000 0.1459 0.0083 0.0028 -0.0577 0.7639 0.5649
-0.7500 0.1724 0.0082 0.0027 -0.0573 0.7518 0.5974
-0.5000 0.1989 0.0082 0.0027 -0.0568 0.7392 0.6304
-0.2500 0.2251 0.0081 0.0027 -0.0562 0.7262 0.6644
0.0000 0.2510 0.0080 0.0028 -0.0555 0.7135 0.7000
0.2500 0.2765 0.0080 0.0028 -0.0548 0.6992 0.7362
0.5000 0.3022 0.0080 0.0028 -0.0540 0.6861 0.7702
0.7500 0.3277 0.0080 0.0029 -0.0532 0.6726 0.8012
1.0000 0.3532 0.0080 0.0030 -0.0523 0.6592 0.8322
1.2500 0.3785 0.0080 0.0030 -0.0514 0.6452 0.8627
1.5000 0.4036 0.0081 0.0031 -0.0503 0.6311 0.8923
1.7500 0.4302 0.0082 0.0032 -0.0496 0.6171 0.9184
2.0000 0.4597 0.0083 0.0033 -0.0496 0.6045 0.9373
2.2500 0.4906 0.0085 0.0034 -0.0500 0.5911 0.9532
2.5000 0.5264 0.0087 0.0036 -0.0514 0.5758 0.9650
2.7500 0.5647 0.0089 0.0037 -0.0535 0.5610 0.9742
3.0000 0.6069 0.0090 0.0038 -0.0565 0.5458 0.9808
3.2500 0.6445 0.0092 0.0039 -0.0586 0.5305 0.9885
3.5000 0.6874 0.0094 0.0040 -0.0618 0.5142 0.9928
3.7500 0.7285 0.0095 0.0041 -0.0647 0.4975 0.9979
4.0000 0.7582 0.0097 0.0042 -0.0653 0.4813 1.0000
4.2500 0.7782 0.0098 0.0043 -0.0638 0.4663 1.0000
4.5000 0.7980 0.0100 0.0044 -0.0623 0.4503 1.0000
4.7500 0.8173 0.0102 0.0045 -0.0606 0.4330 1.0000
5.0000 0.8366 0.0104 0.0046 -0.0590 0.4158 1.0000
