-5.0000 -0.2911 0.0142 0.0076 -0.0716 0.9152 0.2972
-4.7500 -0.2622 0.0139 0.0074 -0.0717 0.9101 0.3117
-4.5000 -0.2333 0.0136 0.0071 -0.0718 0.9049 0.3263
-4.2500 -0.1983 0.0133 0.0068 -0.0731 0.9022 0.3425
-4.0000 -0.1713 0.0131 0.0067 -0.0728 0.8965 0.3566
-3.7500 -0.1411 0.0128 0.0064 -0.0730 0.8915 0.3710
-3.5000 -0.1064 0.0125 0.0061 -0.0741 0.8882 0.3872
-3.2500 -0.0815 0.0123 0.0060 -0.0733 0.8799 0.4023
-3.0000 -0.0484 0.0120 0.0057 -0.0740 0.8751 0.4174
-2.7500 -0.0222 0.0118 0.0055 -0.0734 0.8668 0.4313
-2.5000 0.0104 0.0115 0.0053 -0.0740 0.8614 0.4472
-2.2500 0.0360 0.0113 0.0052 -0.0733 0.8526 0.4620
-2.0000 0.0654 0.0111 0.0050 -0.0733 0.8456 0.4771
-1.7500 0.0941 0.0110 0.0049 -0.0732 0.8379 0.4922
-1.5000 0.1214 0.0109 0.0048 -0.0728 0.8290 0.5064
-1.2500 0.1497 0.0107 0.0047 -0.0726 0.8202 0.5211
-1.0000 0.1778 0.0106 0.0046 -0.0724 0.8106 0.5361
-0.7500 0.2059 0.0105 0.0045 -0.0721 0.8001 0.5527
-0.5000 0.2329 0.0104 0.0044 -0.0716 0.7882 0.5687
-0.2500 0.2600 0.0103 0.0044 -0.0712 0.7753 0.5853
0.0000 0.2865 0.0103 0.0043 -0.0706 0.7615 0.6001
0.2500 0.3135 0.0102 0.0043 -0.0701 0.7478 0.6148
0.5000 0.3406 0.0102 0.0043 -0.0697 0.7339 0.6299
0.7500 0.3674 0.0102 0.0043 -0.0692 0.7192 0.6448
1.0000 0.3931 0.0102 0.0043 -0.0685 0.7030 0.6596
1.2500 0.4187 0.0102 0.0043 -0.0678 0.6861 0.6753
1.5000 0.4437 0.0103 0.0043 -0.0669 0.6682 0.6909
1.7500 0.4685 0.0103 0.0043 -0.0661 0.6500 0.7070
2.0000 0.4930 0.0104 0.0044 -0.0651 0.6317 0.7236
2.2500 0.5171 0.0105 0.0044 -0.0641 0.6139 0.7403
2.5000 0.5412 0.0106 0.0045 -0.0632 0.5974 0.7579
2.7500 0.5653 0.0107 0.0046 -0.0622 0.5816 0.7759
3.0000 0.5887 0.0108 0.0048 -0.0611 0.5653 0.7950
3.2500 0.6115 0.0109 0.0049 -0.0598 0.5490 0.8153
3.5000 0.6339 0.0110 0.0050 -0.0585 0.5335 0.8378
3.7500 0.6558 0.0112 0.0052 -0.0570 0.5187 0.8625
4.0000 0.6773 0.0113 0.0054 -0.0553 0.5034 0.8900
4.2500 0.7005 0.0115 0.0055 -0.0540 0.4879 0.9194
4.5000 0.7308 0.0118 0.0058 -0.0544 0.4709 0.9460
4.7500 0.7682 0.0121 0.0061 -0.0564 0.4546 0.9674
5.0000 0.8095 0.0124 0.0063 -0.0593 0.4380 0.9831
