-5.0000 -0.4833 0.0129 0.0061 -0.0193 0.9702 0.2104
-4.7500 -0.4459 0.0126 0.0058 -0.0214 0.9654 0.2347
-4.5000 -0.4057 0.0122 0.0056 -0.0241 0.9618 0.2622
-4.2500 -0.3690 0.0118 0.0054 -0.0260 0.9567 0.2927
-4.0000 -0.3323 0.0114 0.0051 -0.0279 0.9517 0.3233
-3.7500 -0.2958 0.0110 0.0049 -0.0297 0.9462 0.3578
-3.5000 -0.2632 0.0106 0.0046 -0.0305 0.9387 0.3914
-3.2500 -0.2308 0.0103 0.0044 -0.0313 0.9317 0.4304
-3.0000 -0.2035 0.0099 0.0042 -0.0309 0.9216 0.4690
-2.7500 -0.1763 0.0096 0.0040 -0.0304 0.9117 0.5064
-2.5000 -0.1492 0.0094 0.0039 -0.0299 0.9016 0.5400
-2.2500 -0.1226 0.0092 0.0038 -0.0293 0.8906 0.5722
-2.0000 -0.0964 0.0090 0.0037 -0.0286 0.8788 0.6031
-1.7500 -0.0703 0.0088 0.0036 -0.0278 0.8661 0.6329
-1.5000 -0.0443 0.0086 0.0035 -0.0270 0.8525 0.6628
-1.2500 -0.0187 0.0085 0.0034 -0.0261 0.8379 0.6927
-1.0000 0.0070 0.0084 0.0034 -0.0251 0.8215 0.7227
-0.7500 0.0326 0.0083 0.0033 -0.0241 0.8039 0.7496
-0.5000 0.0582 0.0083 0.0033 -0.0232 0.7858 0.7770
-0.2500 0.0839 0.0083 0.0033 -0.0222 0.7681 0.8020
0.0000 0.1096 0.0083 0.0033 -0.0212 0.7500 0.8266
0.2500 0.1354 0.0084 0.0033 -0.0203 0.7319 0.8481
0.5000 0.1615 0.0084 0.0034 -0.0194 0.7125 0.8677
0.7500 0.1877 0.0085 0.0035 -0.0185 0.6938 0.8857
1.0000 0.2149 0.0087 0.0036 -0.0179 0.6760 0.9018
1.2500 0.2423 0.0088 0.0036 -0.0173 0.6578 0.9186
1.5000 0.2727 0.0091 0.0038 -0.0173 0.6389 0.9330
1.7500 0.3056 0.0093 0.0039 -0.0180 0.6198 0.9452
2.0000 0.3411 0.0095 0.0040 -0.0193 0.5999 0.9546
2.2500 0.3756 0.0097 0.0041 -0.0205 0.5798 0.9641
2.5000 0.4199 0.0099 0.0042 -0.0238 0.5564 0.9683
2.7500 0.4616 0.0101 0.0043 -0.0267 0.5355 0.9749
3.0000 0.5012 0.0103 0.0044 -0.0291 0.5152 0.9823
3.2500 0.5452 0.0104 0.0045 -0.0326 0.4961 0.9870
3.5000 0.5862 0.0106 0.0046 -0.0355 0.4772 0.9925
3.7500 0.6261 0.0108 0.0047 -0.0382 0.4580 0.9979
4.0000 0.6571 0.0109 0.0048 -0.0391 0.4412 1.0000
4.2500 0.6791 0.0110 0.0049 -0.0382 0.4259 1.0000
4.5000 0.7006 0.0112 0.0049 -0.0371 0.4090 1.0000
4.7500 0.7213 0.0113 0.0050 -0.0359 0.3915 1.0000
5.0000 0.7422 0.0115 0.0052 -0.0347 0.3725 1.0000
