-5.0000 0.0637 0.0145 0.0081 -0.1509 0.8302 0.2752
-4.7500 0.1061 0.0141 0.0077 -0.1537 0.8282 0.2831
-4.5000 0.1502 0.0138 0.0073 -0.1569 0.8261 0.2915
-4.2500 0.1646 0.0137 0.0073 -0.1542 0.8202 0.2975
-4.0000 0.1868 0.0136 0.0072 -0.1529 0.8152 0.3048
-3.7500 0.2221 0.0133 0.0070 -0.1544 0.8120 0.3127
-3.5000 0.2619 0.0131 0.0067 -0.1567 0.8093 0.3209
-3.2500 0.2976 0.0129 0.0065 -0.1582 0.8058 0.3286
-3.0000 0.3074 0.0129 0.0066 -0.1544 0.7983 0.3345
-2.7500 0.3410 0.0127 0.0063 -0.1554 0.7939 0.3425
-2.5000 0.3795 0.0124 0.0061 -0.1575 0.7904 0.3507
-2.2500 0.3973 0.0124 0.0061 -0.1554 0.7839 0.3576
-2.0000 0.4210 0.0123 0.0060 -0.1544 0.7775 0.3647
-1.7500 0.4583 0.0121 0.0058 -0.1562 0.7728 0.3742
-1.5000 0.4736 0.0121 0.0058 -0.1535 0.7649 0.3815
-1.2500 0.4951 0.0120 0.0057 -0.1521 0.7571 0.3900
-1.0000 0.5253 0.0119 0.0056 -0.1524 0.7501 0.3987
-0.7500 0.5380 0.0118 0.0056 -0.1492 0.7405 0.4064
-0.5000 0.5723 0.0118 0.0055 -0.1504 0.7334 0.4162
-0.2500 0.5841 0.0118 0.0056 -0.1471 0.7227 0.4246
0.0000 0.6091 0.0118 0.0055 -0.1464 0.7132 0.4328
0.2500 0.6318 0.0119 0.0055 -0.1453 0.7020 0.4415
0.5000 0.6504 0.0120 0.0057 -0.1434 0.6896 0.4490
0.7500 0.6717 0.0121 0.0057 -0.1421 0.6777 0.4577
1.0000 0.6946 0.0122 0.0058 -0.1410 0.6659 0.4659
1.2500 0.7143 0.0123 0.0060 -0.1394 0.6535 0.4746
1.5000 0.7357 0.0125 0.0061 -0.1382 0.6417 0.4845
1.7500 0.7585 0.0127 0.0062 -0.1372 0.6302 0.4940
2.0000 0.7776 0.0129 0.0065 -0.1356 0.6183 0.5036
2.2500 0.7991 0.0132 0.0067 -0.1344 0.6075 0.5126
2.5000 0.8203 0.0134 0.0069 -0.1332 0.5965 0.5218
2.7500 0.8404 0.0137 0.0071 -0.1319 0.5856 0.5313
3.0000 0.8607 0.0140 0.0074 -0.1305 0.5742 0.5408
3.2500 0.8791 0.0143 0.0077 -0.1289 0.5633 0.5509
3.5000 0.8980 0.0146 0.0080 -0.1273 0.5528 0.5614
3.7500 0.9168 0.0149 0.0083 -0.1258 0.5423 0.5718
4.0000 0.9364 0.0152 0.0086 -0.1245 0.5329 0.5820
4.2500 0.9560 0.0156 0.0090 -0.1231 0.5235 0.5923
4.5000 0.9753 0.0159 0.0093 -0.1218 0.5147 0.6017
4.7500 0.9948 0.0163 0.0097 -0.1205 0.5058 0.6113
5.0000 1.0136 0.0167 0.0101 -0.1191 0.4968 0.6207
