-5.0000 -0.3269 0.0136 0.0066 -0.0476 0.8153 0.3360
-4.7500 -0.3027 0.0134 0.0065 -0.0468 0.8046 0.3457
-4.5000 -0.2777 0.0133 0.0063 -0.0461 0.7938 0.3557
-4.2500 -0.2526 0.0131 0.0062 -0.0454 0.7830 0.3656
-4.0000 -0.2277 0.0130 0.0060 -0.0447 0.7721 0.3753
-3.7500 -0.2026 0.0128 0.0058 -0.0440 0.7610 0.3858
-3.5000 -0.1776 0.0127 0.0057 -0.0433 0.7499 0.3970
-3.2500 -0.1529 0.0126 0.0056 -0.0426 0.7386 0.4087
-3.0000 -0.1279 0.0125 0.0055 -0.0419 0.7277 0.4206
-2.7500 -0.1030 0.0124 0.0054 -0.0412 0.7165 0.4333
-2.5000 -0.0783 0.0123 0.0053 -0.0404 0.7051 0.4459
-2.2500 -0.0532 0.0122 0.0052 -0.0397 0.6944 0.4592
-2.0000 -0.0279 0.0122 0.0052 -0.0391 0.6841 0.4730
-1.7500 -0.0032 0.0121 0.0052 -0.0384 0.6730 0.4874
-1.5000 0.0216 0.0120 0.0051 -0.0376 0.6619 0.5018
-1.2500 0.0465 0.0120 0.0050 -0.0369 0.6510 0.5166
-1.0000 0.0714 0.0120 0.0050 -0.0362 0.6405 0.5309
-0.7500 0.0965 0.0120 0.0050 -0.0355 0.6303 0.5460
-0.5000 0.1217 0.0120 0.0050 -0.0348 0.6206 0.5619
-0.2500 0.1468 0.0119 0.0050 -0.0341 0.6107 0.5765
0.0000 0.1719 0.0120 0.0050 -0.0334 0.6012 0.5929
0.2500 0.1964 0.0120 0.0051 -0.0326 0.5909 0.6091
0.5000 0.2212 0.0120 0.0051 -0.0319 0.5812 0.6256
0.7500 0.2464 0.0120 0.0052 -0.0312 0.5724 0.6418
1.0000 0.2721 0.0120 0.0052 -0.0306 0.5642 0.6582
1.2500 0.2966 0.0121 0.0053 -0.0298 0.5545 0.6741
1.5000 0.3215 0.0121 0.0054 -0.0291 0.5454 0.6903
1.7500 0.3468 0.0122 0.0054 -0.0284 0.5372 0.7066
2.0000 0.3714 0.0122 0.0055 -0.0276 0.5283 0.7235
2.2500 0.3964 0.0123 0.0056 -0.0269 0.5200 0.7389
2.5000 0.4216 0.0124 0.0057 -0.0262 0.5121 0.7543
2.7500 0.4462 0.0125 0.0058 -0.0254 0.5036 0.7704
3.0000 0.4706 0.0125 0.0060 -0.0245 0.4951 0.7853
3.2500 0.4951 0.0126 0.0061 -0.0237 0.4871 0.8009
3.5000 0.5200 0.0128 0.0062 -0.0230 0.4797 0.8159
3.7500 0.5436 0.0129 0.0064 -0.0219 0.4714 0.8314
4.0000 0.5672 0.0131 0.0066 -0.0209 0.4633 0.8475
4.2500 0.5904 0.0133 0.0067 -0.0197 0.4553 0.8638
4.5000 0.6125 0.0134 0.0070 -0.0183 0.4463 0.8785
4.7500 0.6355 0.0136 0.0072 -0.0171 0.4383 0.8924
5.0000 0.6582 0.0139 0.0074 -0.0159 0.4305 0.9063
