-5.0000 -0.4537 0.0114 0.0051 -0.0302 0.9655 0.2146
-4.7500 -0.4178 0.0111 0.0048 -0.0321 0.9620 0.2386
-4.5000 -0.3797 0.0107 0.0046 -0.0343 0.9593 0.2645
-4.2500 -0.3406 0.0104 0.0044 -0.0367 0.9568 0.2906
-4.0000 -0.3022 0.0101 0.0042 -0.0390 0.9543 0.3164
-3.7500 -0.2753 0.0099 0.0040 -0.0387 0.9465 0.3391
-3.5000 -0.2420 0.0096 0.0039 -0.0397 0.9419 0.3652
-3.2500 -0.2087 0.0093 0.0037 -0.0407 0.9376 0.3933
-3.0000 -0.1809 0.0090 0.0036 -0.0405 0.9299 0.4204
-2.7500 -0.1530 0.0088 0.0034 -0.0403 0.9222 0.4474
-2.5000 -0.1252 0.0086 0.0032 -0.0400 0.9140 0.4743
-2.2500 -0.0984 0.0084 0.0031 -0.0395 0.9047 0.4999
-2.0000 -0.0716 0.0082 0.0030 -0.0390 0.8951 0.5252
-1.7500 -0.0447 0.0081 0.0029 -0.0385 0.8848 0.5500
-1.5000 -0.0180 0.0079 0.0028 -0.0380 0.8742 0.5750
-1.2500 0.0088 0.0078 0.0027 -0.0374 0.8626 0.5980
-1.0000 0.0356 0.0077 0.0027 -0.0369 0.8510 0.6211
-0.7500 0.0620 0.0076 0.0026 -0.0363 0.8372 0.6463
-0.5000 0.0882 0.0075 0.0026 -0.0356 0.8222 0.6718
-0.2500 0.1146 0.0074 0.0025 -0.0350 0.8073 0.6971
0.0000 0.1406 0.0073 0.0025 -0.0343 0.7918 0.7232
0.2500 0.1663 0.0073 0.0025 -0.0335 0.7746 0.7513
0.5000 0.1920 0.0072 0.0025 -0.0326 0.7571 0.7791
0.7500 0.2179 0.0072 0.0026 -0.0318 0.7403 0.8054
1.0000 0.2435 0.0072 0.0026 -0.0310 0.7212 0.8316
1.2500 0.2690 0.0073 0.0026 -0.0300 0.7009 0.8569
1.5000 0.2944 0.0074 0.0027 -0.0291 0.6787 0.8806
1.7500 0.3206 0.0075 0.0028 -0.0283 0.6556 0.9027
2.0000 0.3480 0.0076 0.0029 -0.0278 0.6319 0.9229
2.2500 0.3778 0.0078 0.0029 -0.0279 0.6059 0.9401
2.5000 0.4084 0.0080 0.0031 -0.0282 0.5804 0.9550
2.7500 0.4460 0.0083 0.0032 -0.0301 0.5547 0.9640
3.0000 0.4806 0.0085 0.0033 -0.0314 0.5314 0.9745
3.2500 0.5216 0.0088 0.0035 -0.0342 0.5028 0.9807
3.5000 0.5637 0.0090 0.0036 -0.0373 0.4712 0.9867
3.7500 0.6030 0.0093 0.0037 -0.0399 0.4395 0.9929
4.0000 0.6410 0.0095 0.0039 -0.0422 0.4078 0.9982
4.2500 0.6694 0.0098 0.0040 -0.0426 0.3818 1.0000
4.5000 0.6902 0.0100 0.0041 -0.0413 0.3589 1.0000
4.7500 0.7105 0.0102 0.0042 -0.0399 0.3351 1.0000
5.0000 0.7304 0.0105 0.0044 -0.0385 0.3126 1.0000
