-5.0000 -0.3723 0.0122 0.0057 -0.0428 0.8221 0.3415
-4.7500 -0.3468 0.0120 0.0056 -0.0423 0.8134 0.3504
-4.5000 -0.3225 0.0119 0.0054 -0.0415 0.8031 0.3597
-4.2500 -0.2976 0.0117 0.0053 -0.0408 0.7932 0.3691
-4.0000 -0.2725 0.0116 0.0052 -0.0402 0.7827 0.3787
-3.7500 -0.2473 0.0115 0.0050 -0.0396 0.7720 0.3884
-3.5000 -0.2221 0.0114 0.0049 -0.0389 0.7609 0.3980
-3.2500 -0.1969 0.0113 0.0048 -0.0383 0.7492 0.4079
-3.0000 -0.1714 0.0113 0.0047 -0.0377 0.7379 0.4178
-2.7500 -0.1462 0.0112 0.0046 -0.0370 0.7266 0.4271
-2.5000 -0.1209 0.0111 0.0046 -0.0364 0.7153 0.4360
-2.2500 -0.0956 0.0111 0.0045 -0.0358 0.7037 0.4458
-2.0000 -0.0704 0.0110 0.0044 -0.0351 0.6916 0.4557
-1.7500 -0.0451 0.0110 0.0044 -0.0345 0.6797 0.4658
-1.5000 -0.0198 0.0109 0.0043 -0.0339 0.6684 0.4759
-1.2500 0.0055 0.0109 0.0043 -0.0332 0.6572 0.4865
-1.0000 0.0306 0.0109 0.0043 -0.0326 0.6453 0.4966
-0.7500 0.0558 0.0109 0.0043 -0.0319 0.6338 0.5069
-0.5000 0.0808 0.0109 0.0042 -0.0312 0.6222 0.5170
-0.2500 0.1059 0.0109 0.0042 -0.0306 0.6111 0.5275
0.0000 0.1310 0.0109 0.0043 -0.0299 0.5996 0.5382
0.2500 0.1558 0.0109 0.0043 -0.0292 0.5881 0.5497
0.5000 0.1806 0.0109 0.0043 -0.0285 0.5771 0.5612
0.7500 0.2050 0.0109 0.0043 -0.0277 0.5649 0.5729
1.0000 0.2293 0.0110 0.0043 -0.0269 0.5534 0.5851
1.2500 0.2538 0.0111 0.0043 -0.0261 0.5423 0.5976
1.5000 0.2783 0.0111 0.0044 -0.0253 0.5313 0.6100
1.7500 0.3029 0.0111 0.0045 -0.0246 0.5207 0.6225
2.0000 0.3274 0.0112 0.0046 -0.0238 0.5103 0.6347
2.2500 0.3518 0.0112 0.0046 -0.0231 0.5006 0.6468
2.5000 0.3760 0.0113 0.0047 -0.0223 0.4906 0.6597
2.7500 0.3998 0.0114 0.0048 -0.0214 0.4802 0.6730
3.0000 0.4235 0.0115 0.0049 -0.0205 0.4701 0.6870
3.2500 0.4472 0.0115 0.0050 -0.0196 0.4600 0.7010
3.5000 0.4708 0.0116 0.0051 -0.0187 0.4504 0.7158
3.7500 0.4938 0.0117 0.0052 -0.0177 0.4410 0.7298
4.0000 0.5165 0.0118 0.0053 -0.0166 0.4318 0.7448
4.2500 0.5396 0.0119 0.0055 -0.0156 0.4221 0.7592
4.5000 0.5622 0.0121 0.0056 -0.0145 0.4130 0.7746
4.7500 0.5844 0.0122 0.0059 -0.0133 0.4045 0.7901
5.0000 0.6056 0.0123 0.0060 -0.0120 0.3960 0.8063
