-5.0000 0.0757 0.0137 0.0060 -0.0949 0.6735 0.1474
-4.7500 0.0998 0.0136 0.0059 -0.0940 0.6629 0.1520
-4.5000 0.1238 0.0135 0.0057 -0.0930 0.6526 0.1569
-4.2500 0.1468 0.0134 0.0056 -0.0919 0.6416 0.1623
-4.0000 0.1705 0.0133 0.0055 -0.0909 0.6310 0.1682
-3.7500 0.1939 0.0132 0.0054 -0.0899 0.6209 0.1748
-3.5000 0.2174 0.0131 0.0053 -0.0888 0.6102 0.1819
-3.2500 0.2410 0.0131 0.0052 -0.0878 0.5996 0.1905
-3.0000 0.2641 0.0130 0.0051 -0.0867 0.5889 0.1999
-2.7500 0.2865 0.0129 0.0050 -0.0856 0.5782 0.2100
-2.5000 0.3087 0.0128 0.0049 -0.0843 0.5678 0.2219
-2.2500 0.3301 0.0126 0.0048 -0.0830 0.5570 0.2394
-2.0000 0.3478 0.0121 0.0047 -0.0813 0.5467 0.3272
-1.7500 0.3656 0.0118 0.0047 -0.0795 0.5363 0.4440
-1.5000 0.3867 0.0117 0.0048 -0.0780 0.5257 0.4946
-1.2500 0.4082 0.0117 0.0048 -0.0767 0.5149 0.5316
-1.0000 0.4299 0.0117 0.0049 -0.0753 0.5040 0.5609
-0.7500 0.4514 0.0118 0.0050 -0.0740 0.4928 0.5827
-0.5000 0.4728 0.0119 0.0051 -0.0726 0.4816 0.6044
-0.2500 0.4926 0.0120 0.0052 -0.0709 0.4708 0.6239
0.0000 0.5115 0.0121 0.0053 -0.0690 0.4599 0.6435
0.2500 0.5305 0.0122 0.0054 -0.0672 0.4489 0.6650
0.5000 0.5505 0.0123 0.0056 -0.0656 0.4380 0.6875
0.7500 0.5712 0.0125 0.0057 -0.0642 0.4276 0.7096
1.0000 0.5920 0.0127 0.0060 -0.0628 0.4179 0.7332
1.2500 0.6121 0.0129 0.0062 -0.0613 0.4093 0.7600
1.5000 0.6325 0.0131 0.0064 -0.0598 0.4014 0.7887
1.7500 0.6530 0.0133 0.0067 -0.0583 0.3944 0.8166
2.0000 0.6731 0.0135 0.0069 -0.0568 0.3874 0.8450
2.2500 0.6921 0.0137 0.0072 -0.0549 0.3817 0.8744
2.5000 0.7111 0.0140 0.0075 -0.0530 0.3762 0.9049
2.7500 0.7315 0.0143 0.0078 -0.0515 0.3716 0.9332
3.0000 0.7606 0.0146 0.0081 -0.0518 0.3664 0.9575
3.2500 0.7959 0.0150 0.0084 -0.0536 0.3617 0.9767
3.5000 0.8379 0.0154 0.0088 -0.0568 0.3574 0.9870
3.7500 0.8807 0.0158 0.0091 -0.0603 0.3532 0.9947
4.0000 0.9155 0.0162 0.0095 -0.0622 0.3496 1.0001
4.2500 0.9243 0.0164 0.0096 -0.0590 0.3470 1.0001
4.5000 0.9372 0.0166 0.0097 -0.0566 0.3443 1.0001
4.7500 0.9530 0.0168 0.0100 -0.0547 0.3412 1.0001
5.0000 0.9709 0.0171 0.0103 -0.0533 0.3382 1.0001
