-5.0000 -0.6232 0.0250 0.0164 -0.0016 0.9570 0.3843
-4.7500 -0.5880 0.0248 0.0163 -0.0033 0.9471 0.4023
-4.5000 -0.5441 0.0246 0.0161 -0.0066 0.9387 0.4231
-4.2500 -0.5111 0.0243 0.0159 -0.0077 0.9273 0.4415
-4.0000 -0.4647 0.0241 0.0158 -0.0111 0.9203 0.4629
-3.7500 -0.4360 0.0239 0.0157 -0.0113 0.9083 0.4816
-3.5000 -0.3883 0.0237 0.0156 -0.0148 0.9026 0.5037
-3.2500 -0.3618 0.0236 0.0155 -0.0145 0.8904 0.5231
-3.0000 -0.3115 0.0232 0.0153 -0.0182 0.8855 0.5460
-2.7500 -0.2841 0.0231 0.0152 -0.0178 0.8728 0.5656
-2.5000 -0.2329 0.0226 0.0149 -0.0214 0.8682 0.5893
-2.2500 -0.2074 0.0225 0.0148 -0.0205 0.8554 0.6098
-2.0000 -0.1742 0.0223 0.0147 -0.0208 0.8461 0.6316
-1.7500 -0.1380 0.0220 0.0146 -0.0215 0.8376 0.6541
-1.5000 -0.1082 0.0219 0.0145 -0.0210 0.8269 0.6753
-1.2500 -0.0687 0.0215 0.0142 -0.0219 0.8192 0.6974
-1.0000 -0.0429 0.0214 0.0141 -0.0207 0.8065 0.7177
-0.7500 -0.0019 0.0210 0.0138 -0.0216 0.7995 0.7388
-0.5000 0.0208 0.0211 0.0139 -0.0199 0.7856 0.7591
-0.2500 0.0547 0.0209 0.0138 -0.0196 0.7757 0.7790
0.0000 0.0868 0.0210 0.0138 -0.0190 0.7638 0.7970
0.2500 0.1182 0.0211 0.0140 -0.0185 0.7518 0.8132
0.5000 0.1576 0.0211 0.0140 -0.0192 0.7414 0.8280
0.7500 0.1885 0.0214 0.0142 -0.0188 0.7277 0.8431
1.0000 0.2321 0.0214 0.0141 -0.0203 0.7179 0.8573
1.2500 0.2626 0.0216 0.0144 -0.0202 0.7028 0.8723
1.5000 0.3000 0.0218 0.0145 -0.0210 0.6901 0.8870
1.7500 0.3562 0.0219 0.0145 -0.0252 0.6759 0.8945
2.0000 0.3948 0.0221 0.0147 -0.0268 0.6604 0.9077
2.2500 0.4474 0.0222 0.0147 -0.0310 0.6460 0.9173
2.5000 0.4961 0.0222 0.0146 -0.0345 0.6326 0.9280
2.7500 0.5359 0.0224 0.0148 -0.0368 0.6174 0.9412
3.0000 0.5847 0.0225 0.0147 -0.0408 0.6023 0.9521
3.2500 0.6332 0.0224 0.0146 -0.0447 0.5870 0.9628
3.5000 0.6780 0.0223 0.0144 -0.0480 0.5720 0.9745
3.7500 0.7277 0.0222 0.0142 -0.0525 0.5561 0.9844
4.0000 0.7751 0.0221 0.0140 -0.0567 0.5394 0.9942
4.2500 0.8120 0.0220 0.0139 -0.0590 0.5240 1.0000
4.5000 0.8280 0.0221 0.0139 -0.0574 0.5107 1.0000
4.7500 0.8432 0.0222 0.0140 -0.0557 0.4974 1.0000
5.0000 0.8591 0.0223 0.0141 -0.0540 0.4850 1.0000
