-5.0000 -0.1462 0.0336 0.0249 -0.0954 0.8669 0.1476
-4.7500 -0.0973 0.0323 0.0235 -0.0991 0.8637 0.1561
-4.5000 -0.0765 0.0315 0.0226 -0.0979 0.8515 0.1630
-4.2500 -0.0274 0.0303 0.0213 -0.1013 0.8481 0.1741
-4.0000 -0.0033 0.0299 0.0208 -0.1005 0.8367 0.1832
-3.7500 0.0439 0.0287 0.0196 -0.1035 0.8327 0.1962
-3.5000 0.0918 0.0276 0.0184 -0.1064 0.8299 0.2110
-3.2500 0.1126 0.0272 0.0180 -0.1050 0.8171 0.2209
-3.0000 0.1590 0.0261 0.0169 -0.1075 0.8135 0.2380
-2.7500 0.1813 0.0256 0.0165 -0.1063 0.8009 0.2509
-2.5000 0.2253 0.0246 0.0155 -0.1084 0.7965 0.2715
-2.2500 0.2487 0.0242 0.0152 -0.1074 0.7845 0.2885
-2.0000 0.2896 0.0232 0.0142 -0.1090 0.7789 0.3137
-1.7500 0.3141 0.0228 0.0138 -0.1081 0.7673 0.3363
-1.5000 0.3510 0.0217 0.0130 -0.1090 0.7602 0.3703
-1.2500 0.3755 0.0212 0.0128 -0.1081 0.7486 0.4143
-1.0000 0.4077 0.0201 0.0123 -0.1080 0.7405 0.5341
-0.7500 0.4223 0.0194 0.0125 -0.1036 0.7294 0.7691
-0.5000 0.4983 0.0190 0.0121 -0.1100 0.7211 0.9617
-0.2500 0.5712 0.0189 0.0118 -0.1186 0.7095 1.0000
0.0000 0.5969 0.0188 0.0115 -0.1181 0.7003 1.0000
0.2500 0.6126 0.0191 0.0117 -0.1161 0.6891 1.0000
0.5000 0.6395 0.0192 0.0115 -0.1158 0.6804 1.0000
0.7500 0.6572 0.0195 0.0118 -0.1141 0.6704 1.0000
1.0000 0.6821 0.0197 0.0118 -0.1135 0.6619 1.0000
1.2500 0.7060 0.0199 0.0119 -0.1128 0.6536 1.0000
1.5000 0.7259 0.0203 0.0121 -0.1113 0.6440 1.0000
1.7500 0.7601 0.0203 0.0120 -0.1122 0.6374 1.0000
2.0000 0.7719 0.0209 0.0126 -0.1096 0.6274 1.0000
2.2500 0.7989 0.0212 0.0127 -0.1093 0.6202 1.0000
2.5000 0.8282 0.0215 0.0129 -0.1096 0.6141 1.0000
2.7500 0.8427 0.0221 0.0136 -0.1075 0.6055 1.0000
3.0000 0.8705 0.0224 0.0137 -0.1074 0.5988 1.0000
3.2500 0.9026 0.0226 0.0138 -0.1080 0.5932 1.0000
3.5000 0.9138 0.0234 0.0147 -0.1055 0.5849 1.0000
3.7500 0.9389 0.0238 0.0151 -0.1050 0.5784 1.0000
4.0000 0.9727 0.0240 0.0152 -0.1059 0.5735 1.0000
4.2500 0.9860 0.0249 0.0162 -0.1039 0.5667 1.0000
4.5000 1.0053 0.0255 0.0168 -0.1026 0.5599 1.0000
4.7500 1.0354 0.0258 0.0170 -0.1029 0.5544 1.0000
5.0000 1.0649 0.0263 0.0174 -0.1033 0.5493 1.0000
