-5.0000 -0.0910 0.0133 0.0060 -0.0900 0.8911 0.0627
-4.7500 -0.0632 0.0130 0.0057 -0.0897 0.8824 0.0685
-4.5000 -0.0347 0.0127 0.0054 -0.0896 0.8745 0.0743
-4.2500 -0.0083 0.0125 0.0052 -0.0890 0.8638 0.0805
-4.0000 0.0201 0.0122 0.0049 -0.0889 0.8547 0.0876
-3.7500 0.0465 0.0120 0.0047 -0.0884 0.8424 0.0952
-3.5000 0.0740 0.0118 0.0045 -0.0880 0.8311 0.1039
-3.2500 0.1014 0.0116 0.0043 -0.0877 0.8189 0.1137
-3.0000 0.1282 0.0115 0.0042 -0.0873 0.8059 0.1244
-2.7500 0.1559 0.0114 0.0040 -0.0870 0.7938 0.1381
-2.5000 0.1826 0.0112 0.0040 -0.0866 0.7796 0.1593
-2.2500 0.2094 0.0111 0.0039 -0.0863 0.7657 0.1820
-2.0000 0.2364 0.0110 0.0038 -0.0859 0.7519 0.2030
-1.7500 0.2626 0.0108 0.0036 -0.0855 0.7363 0.2243
-1.5000 0.2886 0.0106 0.0035 -0.0850 0.7201 0.2523
-1.2500 0.3138 0.0103 0.0033 -0.0845 0.7040 0.3035
-1.0000 0.3339 0.0095 0.0033 -0.0832 0.6881 0.5571
-0.7500 0.3549 0.0091 0.0034 -0.0815 0.6712 0.6982
-0.5000 0.3762 0.0089 0.0034 -0.0795 0.6550 0.7971
-0.2500 0.3988 0.0089 0.0036 -0.0775 0.6374 0.8780
0.0000 0.4303 0.0091 0.0036 -0.0775 0.6192 0.9360
0.2500 0.4729 0.0092 0.0037 -0.0802 0.5992 0.9690
0.5000 0.5198 0.0095 0.0037 -0.0841 0.5791 0.9874
0.7500 0.5700 0.0097 0.0038 -0.0889 0.5580 0.9982
1.0000 0.5963 0.0098 0.0038 -0.0887 0.5407 1.0000
1.2500 0.6177 0.0100 0.0038 -0.0875 0.5250 1.0000
1.5000 0.6395 0.0101 0.0039 -0.0863 0.5114 1.0000
1.7500 0.6612 0.0104 0.0039 -0.0852 0.4993 1.0000
2.0000 0.6839 0.0105 0.0040 -0.0842 0.4879 1.0000
2.2500 0.7066 0.0107 0.0041 -0.0832 0.4789 1.0000
2.5000 0.7300 0.0109 0.0043 -0.0823 0.4701 1.0000
2.7500 0.7534 0.0112 0.0044 -0.0814 0.4626 1.0000
3.0000 0.7777 0.0113 0.0045 -0.0807 0.4555 1.0000
3.2500 0.8021 0.0115 0.0047 -0.0800 0.4486 1.0000
3.5000 0.8266 0.0118 0.0049 -0.0794 0.4422 1.0000
3.7500 0.8516 0.0120 0.0050 -0.0789 0.4357 1.0000
4.0000 0.8765 0.0122 0.0052 -0.0783 0.4297 1.0000
4.2500 0.9019 0.0125 0.0054 -0.0779 0.4243 1.0000
4.5000 0.9274 0.0127 0.0056 -0.0775 0.4195 1.0000
4.7500 0.9528 0.0129 0.0058 -0.0771 0.4145 1.0000
5.0000 0.9784 0.0131 0.0061 -0.0767 0.4098 1.0000
