-5.0000 -0.0658 0.0143 0.0067 -0.0831 0.7331 0.2366
-4.7500 -0.0414 0.0142 0.0065 -0.0823 0.7228 0.2450
-4.5000 -0.0170 0.0140 0.0063 -0.0815 0.7129 0.2536
-4.2500 0.0069 0.0138 0.0062 -0.0806 0.7020 0.2631
-4.0000 0.0313 0.0136 0.0060 -0.0798 0.6921 0.2737
-3.7500 0.0540 0.0134 0.0058 -0.0787 0.6811 0.2850
-3.5000 0.0776 0.0133 0.0056 -0.0778 0.6711 0.2990
-3.2500 0.0998 0.0131 0.0055 -0.0766 0.6598 0.3163
-3.0000 0.1217 0.0129 0.0054 -0.0754 0.6493 0.3423
-2.7500 0.1437 0.0126 0.0053 -0.0742 0.6391 0.3813
-2.5000 0.1642 0.0124 0.0053 -0.0727 0.6278 0.4265
-2.2500 0.1866 0.0123 0.0053 -0.0715 0.6174 0.4668
-2.0000 0.2087 0.0123 0.0053 -0.0702 0.6059 0.4999
-1.7500 0.2321 0.0123 0.0053 -0.0691 0.5952 0.5270
-1.5000 0.2551 0.0123 0.0053 -0.0680 0.5834 0.5508
-1.2500 0.2786 0.0123 0.0053 -0.0670 0.5729 0.5718
-1.0000 0.3021 0.0124 0.0054 -0.0659 0.5623 0.5910
-0.7500 0.3257 0.0124 0.0054 -0.0649 0.5521 0.6096
-0.5000 0.3490 0.0125 0.0055 -0.0639 0.5415 0.6263
-0.2500 0.3726 0.0126 0.0056 -0.0629 0.5316 0.6428
0.0000 0.3960 0.0126 0.0056 -0.0619 0.5216 0.6591
0.2500 0.4198 0.0127 0.0057 -0.0610 0.5125 0.6755
0.5000 0.4435 0.0129 0.0058 -0.0600 0.5041 0.6931
0.7500 0.4672 0.0130 0.0059 -0.0591 0.4957 0.7107
1.0000 0.4903 0.0130 0.0061 -0.0580 0.4880 0.7297
1.2500 0.5135 0.0131 0.0062 -0.0569 0.4807 0.7496
1.5000 0.5378 0.0133 0.0064 -0.0561 0.4741 0.7698
1.7500 0.5606 0.0134 0.0066 -0.0550 0.4676 0.7889
2.0000 0.5838 0.0135 0.0067 -0.0539 0.4614 0.8075
2.2500 0.6086 0.0137 0.0069 -0.0532 0.4554 0.8265
2.5000 0.6309 0.0139 0.0071 -0.0519 0.4500 0.8467
2.7500 0.6517 0.0140 0.0073 -0.0503 0.4444 0.8693
3.0000 0.6736 0.0142 0.0075 -0.0488 0.4391 0.8897
3.2500 0.6992 0.0146 0.0078 -0.0481 0.4338 0.9098
3.5000 0.7252 0.0148 0.0081 -0.0475 0.4293 0.9283
3.7500 0.7541 0.0151 0.0084 -0.0476 0.4248 0.9448
4.0000 0.7887 0.0155 0.0087 -0.0490 0.4201 0.9581
4.2500 0.8312 0.0159 0.0091 -0.0520 0.4154 0.9669
4.5000 0.8769 0.0164 0.0094 -0.0558 0.4103 0.9730
4.7500 0.9201 0.0167 0.0098 -0.0593 0.4063 0.9777
5.0000 0.9606 0.0170 0.0101 -0.0622 0.4014 0.9843
