-5.0000 -0.2402 0.0114 0.0049 -0.0646 0.8756 0.1835
-4.7500 -0.2142 0.0112 0.0046 -0.0641 0.8655 0.1956
-4.5000 -0.1871 0.0110 0.0044 -0.0637 0.8559 0.2091
-4.2500 -0.1610 0.0108 0.0043 -0.0632 0.8448 0.2229
-4.0000 -0.1339 0.0106 0.0041 -0.0629 0.8346 0.2374
-3.7500 -0.1074 0.0104 0.0039 -0.0624 0.8230 0.2529
-3.5000 -0.0809 0.0102 0.0038 -0.0620 0.8111 0.2699
-3.2500 -0.0543 0.0101 0.0036 -0.0616 0.7996 0.2881
-3.0000 -0.0282 0.0099 0.0035 -0.0611 0.7863 0.3106
-2.7500 -0.0020 0.0097 0.0034 -0.0606 0.7729 0.3331
-2.5000 0.0235 0.0095 0.0032 -0.0600 0.7587 0.3656
-2.2500 0.0487 0.0093 0.0031 -0.0594 0.7450 0.4057
-2.0000 0.0740 0.0091 0.0030 -0.0587 0.7314 0.4511
-1.7500 0.0992 0.0090 0.0030 -0.0581 0.7178 0.4965
-1.5000 0.1246 0.0088 0.0030 -0.0575 0.7040 0.5397
-1.2500 0.1501 0.0088 0.0030 -0.0568 0.6898 0.5770
-1.0000 0.1756 0.0087 0.0029 -0.0561 0.6763 0.6106
-0.7500 0.2012 0.0087 0.0030 -0.0555 0.6619 0.6429
-0.5000 0.2269 0.0086 0.0030 -0.0548 0.6472 0.6742
-0.2500 0.2523 0.0086 0.0030 -0.0541 0.6331 0.7039
0.0000 0.2779 0.0086 0.0030 -0.0534 0.6192 0.7313
0.2500 0.3035 0.0087 0.0031 -0.0526 0.6056 0.7593
0.5000 0.3288 0.0087 0.0032 -0.0518 0.5927 0.7864
0.7500 0.3541 0.0088 0.0032 -0.0510 0.5799 0.8149
1.0000 0.3794 0.0088 0.0033 -0.0501 0.5676 0.8412
1.2500 0.4047 0.0089 0.0034 -0.0493 0.5558 0.8661
1.5000 0.4302 0.0090 0.0035 -0.0484 0.5438 0.8883
1.7500 0.4565 0.0092 0.0037 -0.0477 0.5326 0.9106
2.0000 0.4841 0.0094 0.0038 -0.0473 0.5224 0.9290
2.2500 0.5150 0.0095 0.0040 -0.0477 0.5114 0.9426
2.5000 0.5469 0.0097 0.0041 -0.0484 0.5006 0.9560
2.7500 0.5843 0.0100 0.0042 -0.0502 0.4894 0.9656
3.0000 0.6225 0.0101 0.0044 -0.0523 0.4786 0.9736
3.2500 0.6662 0.0104 0.0046 -0.0557 0.4688 0.9783
3.5000 0.7080 0.0106 0.0047 -0.0586 0.4595 0.9847
3.7500 0.7492 0.0108 0.0049 -0.0615 0.4513 0.9902
4.0000 0.7917 0.0109 0.0050 -0.0647 0.4422 0.9941
4.2500 0.8318 0.0111 0.0051 -0.0675 0.4335 0.9982
4.5000 0.8613 0.0112 0.0052 -0.0680 0.4248 1.0000
4.7500 0.8799 0.0113 0.0053 -0.0663 0.4172 1.0000
5.0000 0.8989 0.0114 0.0054 -0.0647 0.4094 1.0000
