-5.0000 -0.3664 0.0108 0.0048 -0.0314 0.8489 0.3563
-4.7500 -0.3413 0.0106 0.0046 -0.0306 0.8365 0.3748
-4.5000 -0.3161 0.0104 0.0045 -0.0298 0.8233 0.3924
-4.2500 -0.2909 0.0103 0.0043 -0.0291 0.8093 0.4079
-4.0000 -0.2651 0.0102 0.0042 -0.0285 0.7959 0.4222
-3.7500 -0.2390 0.0101 0.0041 -0.0279 0.7829 0.4369
-3.5000 -0.2132 0.0100 0.0040 -0.0273 0.7695 0.4504
-3.2500 -0.1873 0.0099 0.0039 -0.0266 0.7548 0.4641
-3.0000 -0.1611 0.0099 0.0038 -0.0261 0.7402 0.4787
-2.7500 -0.1355 0.0098 0.0037 -0.0254 0.7259 0.4927
-2.5000 -0.1096 0.0097 0.0037 -0.0248 0.7119 0.5069
-2.2500 -0.0834 0.0097 0.0036 -0.0243 0.6987 0.5217
-2.0000 -0.0575 0.0096 0.0036 -0.0237 0.6850 0.5371
-1.7500 -0.0315 0.0096 0.0035 -0.0231 0.6714 0.5525
-1.5000 -0.0056 0.0096 0.0035 -0.0225 0.6572 0.5675
-1.2500 0.0205 0.0096 0.0035 -0.0220 0.6432 0.5823
-1.0000 0.0462 0.0096 0.0034 -0.0214 0.6289 0.5980
-0.7500 0.0720 0.0096 0.0034 -0.0208 0.6146 0.6138
-0.5000 0.0977 0.0096 0.0034 -0.0201 0.6004 0.6301
-0.2500 0.1233 0.0096 0.0035 -0.0195 0.5868 0.6477
0.0000 0.1487 0.0096 0.0035 -0.0188 0.5730 0.6648
0.2500 0.1747 0.0096 0.0035 -0.0182 0.5597 0.6817
0.5000 0.2003 0.0097 0.0036 -0.0176 0.5470 0.6973
0.7500 0.2260 0.0097 0.0036 -0.0170 0.5338 0.7128
1.0000 0.2520 0.0098 0.0037 -0.0164 0.5210 0.7279
1.2500 0.2773 0.0098 0.0037 -0.0157 0.5078 0.7434
1.5000 0.3031 0.0099 0.0038 -0.0151 0.4945 0.7595
1.7500 0.3285 0.0100 0.0039 -0.0144 0.4820 0.7759
2.0000 0.3535 0.0101 0.0040 -0.0137 0.4685 0.7925
2.2500 0.3790 0.0101 0.0041 -0.0130 0.4560 0.8086
2.5000 0.4034 0.0103 0.0042 -0.0122 0.4435 0.8243
2.7500 0.4286 0.0104 0.0043 -0.0114 0.4307 0.8406
3.0000 0.4532 0.0106 0.0045 -0.0106 0.4179 0.8560
3.2500 0.4775 0.0107 0.0046 -0.0097 0.4044 0.8702
3.5000 0.5017 0.0109 0.0048 -0.0088 0.3909 0.8844
3.7500 0.5260 0.0112 0.0050 -0.0078 0.3790 0.8974
4.0000 0.5502 0.0114 0.0052 -0.0069 0.3675 0.9103
4.2500 0.5746 0.0116 0.0054 -0.0061 0.3572 0.9230
4.5000 0.6003 0.0119 0.0057 -0.0055 0.3467 0.9339
4.7500 0.6294 0.0122 0.0059 -0.0056 0.3368 0.9429
5.0000 0.6562 0.0125 0.0062 -0.0054 0.3266 0.9531
