-5.0000 0.0800 0.0151 0.0072 -0.0989 0.7175 0.1343
-4.7500 0.1054 0.0150 0.0070 -0.0981 0.7069 0.1389
-4.5000 0.1292 0.0148 0.0067 -0.0971 0.6963 0.1434
-4.2500 0.1541 0.0146 0.0066 -0.0963 0.6855 0.1488
-4.0000 0.1782 0.0145 0.0064 -0.0954 0.6744 0.1541
-3.7500 0.2029 0.0144 0.0063 -0.0946 0.6628 0.1608
-3.5000 0.2270 0.0143 0.0061 -0.0937 0.6517 0.1676
-3.2500 0.2508 0.0142 0.0060 -0.0927 0.6401 0.1749
-3.0000 0.2747 0.0141 0.0059 -0.0917 0.6287 0.1824
-2.7500 0.2984 0.0140 0.0058 -0.0907 0.6170 0.1906
-2.5000 0.3214 0.0139 0.0056 -0.0897 0.6052 0.2001
-2.2500 0.3440 0.0137 0.0055 -0.0885 0.5934 0.2112
-2.0000 0.3663 0.0136 0.0054 -0.0874 0.5813 0.2249
-1.7500 0.3876 0.0134 0.0053 -0.0861 0.5695 0.2465
-1.5000 0.4030 0.0126 0.0052 -0.0841 0.5581 0.4127
-1.2500 0.4215 0.0124 0.0052 -0.0822 0.5460 0.5257
-1.0000 0.4426 0.0123 0.0053 -0.0807 0.5339 0.5783
-0.7500 0.4641 0.0124 0.0054 -0.0792 0.5213 0.6171
-0.5000 0.4854 0.0124 0.0055 -0.0777 0.5087 0.6514
-0.2500 0.5065 0.0125 0.0056 -0.0762 0.4963 0.6840
0.0000 0.5272 0.0126 0.0057 -0.0746 0.4843 0.7162
0.2500 0.5476 0.0127 0.0059 -0.0729 0.4725 0.7470
0.5000 0.5679 0.0129 0.0061 -0.0712 0.4608 0.7765
0.7500 0.5880 0.0130 0.0063 -0.0695 0.4494 0.8032
1.0000 0.6078 0.0132 0.0064 -0.0676 0.4397 0.8320
1.2500 0.6269 0.0134 0.0066 -0.0656 0.4306 0.8612
1.5000 0.6466 0.0136 0.0069 -0.0636 0.4224 0.8912
1.7500 0.6686 0.0139 0.0071 -0.0622 0.4144 0.9218
2.0000 0.7064 0.0143 0.0075 -0.0641 0.4060 0.9474
2.2500 0.7384 0.0147 0.0078 -0.0649 0.3993 0.9689
2.5000 0.7876 0.0151 0.0081 -0.0694 0.3919 0.9781
2.7500 0.8346 0.0156 0.0084 -0.0736 0.3857 0.9866
3.0000 0.8801 0.0159 0.0087 -0.0775 0.3796 0.9951
3.2500 0.9229 0.0164 0.0090 -0.0808 0.3750 1.0000
3.5000 0.9199 0.0164 0.0090 -0.0752 0.3719 1.0000
3.7500 0.9261 0.0165 0.0091 -0.0714 0.3687 1.0000
4.0000 0.9394 0.0167 0.0092 -0.0688 0.3656 1.0000
4.2500 0.9562 0.0169 0.0094 -0.0670 0.3625 1.0000
4.5000 0.9725 0.0171 0.0096 -0.0650 0.3592 1.0000
4.7500 0.9920 0.0174 0.0098 -0.0637 0.3562 1.0000
5.0000 1.0155 0.0177 0.0101 -0.0632 0.3536 1.0000
