-5.0000 -0.2570 0.0138 0.0066 -0.0562 0.9331 0.1079
-4.7500 -0.2265 0.0134 0.0063 -0.0565 0.9256 0.1180
-4.5000 -0.1964 0.0131 0.0060 -0.0566 0.9174 0.1285
-4.2500 -0.1701 0.0127 0.0056 -0.0560 0.9067 0.1390
-4.0000 -0.1424 0.0123 0.0053 -0.0557 0.8966 0.1507
-3.7500 -0.1158 0.0120 0.0049 -0.0551 0.8852 0.1640
-3.5000 -0.0901 0.0117 0.0047 -0.0545 0.8728 0.1801
-3.2500 -0.0640 0.0113 0.0044 -0.0539 0.8610 0.2004
-3.0000 -0.0382 0.0109 0.0041 -0.0533 0.8490 0.2288
-2.7500 -0.0153 0.0103 0.0038 -0.0524 0.8358 0.3040
-2.5000 0.0053 0.0096 0.0037 -0.0510 0.8222 0.4523
-2.2500 0.0288 0.0092 0.0036 -0.0499 0.8076 0.5326
-2.0000 0.0530 0.0090 0.0035 -0.0488 0.7926 0.5908
-1.7500 0.0777 0.0089 0.0034 -0.0477 0.7778 0.6395
-1.5000 0.1026 0.0087 0.0034 -0.0467 0.7624 0.6817
-1.2500 0.1277 0.0087 0.0034 -0.0457 0.7461 0.7180
-1.0000 0.1527 0.0086 0.0034 -0.0447 0.7299 0.7542
-0.7500 0.1776 0.0086 0.0034 -0.0436 0.7130 0.7892
-0.5000 0.2024 0.0086 0.0034 -0.0424 0.6952 0.8231
-0.2500 0.2276 0.0087 0.0035 -0.0412 0.6775 0.8532
0.0000 0.2532 0.0088 0.0035 -0.0402 0.6586 0.8783
0.2500 0.2807 0.0089 0.0036 -0.0396 0.6383 0.8988
0.5000 0.3094 0.0091 0.0037 -0.0393 0.6184 0.9193
0.7500 0.3388 0.0093 0.0038 -0.0391 0.5983 0.9402
1.0000 0.3817 0.0096 0.0039 -0.0419 0.5761 0.9514
1.2500 0.4221 0.0098 0.0040 -0.0442 0.5537 0.9644
1.5000 0.4640 0.0101 0.0042 -0.0470 0.5302 0.9740
1.7500 0.5084 0.0103 0.0042 -0.0506 0.5069 0.9799
2.0000 0.5498 0.0105 0.0043 -0.0536 0.4862 0.9867
2.2500 0.5897 0.0107 0.0044 -0.0563 0.4675 0.9936
2.5000 0.6295 0.0109 0.0045 -0.0590 0.4511 0.9991
2.7500 0.6549 0.0111 0.0045 -0.0588 0.4375 1.0000
3.0000 0.6759 0.0112 0.0046 -0.0576 0.4257 1.0000
3.2500 0.6968 0.0114 0.0047 -0.0565 0.4151 1.0000
3.5000 0.7176 0.0116 0.0048 -0.0553 0.4064 1.0000
3.7500 0.7389 0.0118 0.0049 -0.0541 0.3975 1.0000
4.0000 0.7603 0.0120 0.0050 -0.0529 0.3892 1.0000
4.2500 0.7812 0.0122 0.0052 -0.0517 0.3817 1.0000
4.5000 0.8030 0.0123 0.0053 -0.0505 0.3736 1.0000
4.7500 0.8243 0.0126 0.0055 -0.0493 0.3665 1.0000
5.0000 0.8460 0.0128 0.0057 -0.0482 0.3590 1.0000
