-5.0000 -0.0255 0.0132 0.0059 -0.1081 0.8707 0.0796
-4.7500 0.0018 0.0129 0.0057 -0.1078 0.8618 0.0860
-4.5000 0.0307 0.0126 0.0054 -0.1078 0.8541 0.0934
-4.2500 0.0570 0.0124 0.0052 -0.1073 0.8436 0.1008
-4.0000 0.0862 0.0122 0.0049 -0.1073 0.8355 0.1091
-3.7500 0.1122 0.0120 0.0048 -0.1068 0.8243 0.1179
-3.5000 0.1411 0.0119 0.0046 -0.1067 0.8154 0.1279
-3.2500 0.1675 0.0117 0.0045 -0.1063 0.8037 0.1421
-3.0000 0.1956 0.0116 0.0044 -0.1062 0.7936 0.1602
-2.7500 0.2225 0.0115 0.0043 -0.1059 0.7813 0.1776
-2.5000 0.2495 0.0114 0.0042 -0.1056 0.7692 0.1927
-2.2500 0.2770 0.0112 0.0040 -0.1053 0.7571 0.2091
-2.0000 0.3032 0.0111 0.0039 -0.1048 0.7429 0.2270
-1.7500 0.3299 0.0110 0.0038 -0.1044 0.7295 0.2482
-1.5000 0.3566 0.0109 0.0037 -0.1041 0.7163 0.2730
-1.2500 0.3826 0.0107 0.0036 -0.1036 0.7014 0.3024
-1.0000 0.4081 0.0105 0.0035 -0.1031 0.6870 0.3441
-0.7500 0.4316 0.0101 0.0035 -0.1024 0.6731 0.4780
-0.5000 0.4528 0.0096 0.0036 -0.1009 0.6593 0.6531
-0.2500 0.4733 0.0094 0.0037 -0.0989 0.6457 0.7779
0.0000 0.4956 0.0093 0.0038 -0.0968 0.6319 0.8842
0.2500 0.5366 0.0094 0.0039 -0.0990 0.6167 0.9566
0.5000 0.5820 0.0095 0.0039 -0.1027 0.6024 0.9783
0.7500 0.6274 0.0097 0.0039 -0.1063 0.5882 1.0000
1.0000 0.6498 0.0099 0.0040 -0.1053 0.5771 1.0000
1.2500 0.6726 0.0100 0.0040 -0.1043 0.5663 1.0000
1.5000 0.6958 0.0102 0.0041 -0.1033 0.5570 1.0000
1.7500 0.7194 0.0104 0.0042 -0.1025 0.5476 1.0000
2.0000 0.7433 0.0106 0.0043 -0.1017 0.5392 1.0000
2.2500 0.7674 0.0107 0.0044 -0.1009 0.5300 1.0000
2.5000 0.7921 0.0110 0.0045 -0.1003 0.5223 1.0000
2.7500 0.8168 0.0111 0.0046 -0.0997 0.5143 1.0000
3.0000 0.8421 0.0113 0.0047 -0.0992 0.5076 1.0000
3.2500 0.8678 0.0116 0.0049 -0.0988 0.5015 1.0000
3.5000 0.8932 0.0117 0.0051 -0.0983 0.4952 1.0000
3.7500 0.9188 0.0120 0.0052 -0.0979 0.4891 1.0000
4.0000 0.9446 0.0122 0.0054 -0.0976 0.4829 1.0000
4.2500 0.9695 0.0123 0.0056 -0.0970 0.4761 1.0000
4.5000 0.9950 0.0126 0.0058 -0.0966 0.4698 1.0000
4.7500 1.0204 0.0128 0.0060 -0.0962 0.4639 1.0000
5.0000 1.0455 0.0130 0.0062 -0.0957 0.4579 1.0000
