-5.0000 0.0683 0.0141 0.0072 -0.1468 0.8611 0.1746
-4.7500 0.1021 0.0138 0.0068 -0.1479 0.8581 0.1860
-4.5000 0.1297 0.0136 0.0067 -0.1478 0.8533 0.1969
-4.2500 0.1551 0.0135 0.0066 -0.1473 0.8472 0.2078
-4.0000 0.1862 0.0132 0.0063 -0.1478 0.8430 0.2203
-3.7500 0.2193 0.0129 0.0060 -0.1487 0.8396 0.2330
-3.5000 0.2449 0.0129 0.0060 -0.1482 0.8335 0.2454
-3.2500 0.2730 0.0127 0.0058 -0.1482 0.8274 0.2582
-3.0000 0.3052 0.0124 0.0056 -0.1489 0.8229 0.2729
-2.7500 0.3331 0.0123 0.0055 -0.1488 0.8170 0.2876
-2.5000 0.3606 0.0122 0.0054 -0.1486 0.8106 0.3032
-2.2500 0.3921 0.0120 0.0053 -0.1492 0.8059 0.3197
-2.0000 0.4191 0.0120 0.0052 -0.1489 0.7996 0.3349
-1.7500 0.4469 0.0118 0.0052 -0.1488 0.7929 0.3509
-1.5000 0.4785 0.0117 0.0050 -0.1494 0.7880 0.3684
-1.2500 0.5037 0.0117 0.0051 -0.1487 0.7808 0.3851
-1.0000 0.5326 0.0116 0.0050 -0.1488 0.7746 0.4034
-0.7500 0.5627 0.0115 0.0049 -0.1491 0.7686 0.4229
-0.5000 0.5880 0.0115 0.0049 -0.1485 0.7599 0.4423
-0.2500 0.6189 0.0114 0.0048 -0.1489 0.7533 0.4635
0.0000 0.6432 0.0114 0.0049 -0.1481 0.7448 0.4850
0.2500 0.6719 0.0113 0.0049 -0.1481 0.7380 0.5088
0.5000 0.6987 0.0113 0.0049 -0.1478 0.7306 0.5329
0.7500 0.7251 0.0112 0.0050 -0.1474 0.7227 0.5587
1.0000 0.7534 0.0112 0.0050 -0.1474 0.7159 0.5873
1.2500 0.7784 0.0112 0.0050 -0.1467 0.7079 0.6201
1.5000 0.8075 0.0111 0.0050 -0.1468 0.7014 0.6610
1.7500 0.8293 0.0110 0.0052 -0.1454 0.6923 0.7120
2.0000 0.8539 0.0109 0.0052 -0.1443 0.6844 0.7884
2.2500 0.8787 0.0106 0.0053 -0.1430 0.6742 0.9543
2.5000 0.9121 0.0107 0.0053 -0.1441 0.6657 1.0000
2.7500 0.9354 0.0108 0.0054 -0.1432 0.6562 1.0000
3.0000 0.9643 0.0110 0.0054 -0.1433 0.6483 1.0000
3.2500 0.9861 0.0111 0.0056 -0.1421 0.6385 1.0000
3.5000 1.0102 0.0112 0.0057 -0.1413 0.6282 1.0000
3.7500 1.0343 0.0114 0.0058 -0.1405 0.6180 1.0000
4.0000 1.0588 0.0116 0.0059 -0.1398 0.6074 1.0000
4.2500 1.0801 0.0118 0.0060 -0.1385 0.5955 1.0000
4.5000 1.1027 0.0120 0.0062 -0.1374 0.5847 1.0000
4.7500 1.1251 0.0122 0.0063 -0.1363 0.5738 1.0000
5.0000 1.1465 0.0124 0.0065 -0.1351 0.5630 1.0000
