-5.0000 0.0034 0.0472 0.0419 -0.0955 0.8506 0.2253
-4.7500 0.0290 0.0450 0.0395 -0.0954 0.8401 0.2381
-4.5000 0.0546 0.0428 0.0371 -0.0953 0.8296 0.2509
-4.2500 0.0802 0.0406 0.0347 -0.0952 0.8191 0.2637
-4.0000 0.1058 0.0384 0.0323 -0.0951 0.8086 0.2765
-3.7500 0.1365 0.0359 0.0296 -0.0957 0.7993 0.2777
-3.5000 0.2070 0.0326 0.0243 -0.0976 0.7937 0.1294
-3.2500 0.2376 0.0311 0.0224 -0.0968 0.7831 0.1263
-3.0000 0.2680 0.0297 0.0210 -0.0966 0.7723 0.1301
-2.7500 0.2984 0.0286 0.0196 -0.0963 0.7610 0.1367
-2.5000 0.3295 0.0274 0.0183 -0.0960 0.7492 0.1395
-2.2500 0.3606 0.0263 0.0170 -0.0955 0.7367 0.1401
-2.0000 0.3914 0.0254 0.0158 -0.0949 0.7235 0.1424
-1.7500 0.4223 0.0244 0.0147 -0.0945 0.7101 0.1459
-1.5000 0.4531 0.0236 0.0138 -0.0942 0.6964 0.1508
-1.2500 0.4780 0.0230 0.0131 -0.0930 0.6795 0.1585
-1.0000 0.5063 0.0222 0.0123 -0.0924 0.6638 0.1681
-0.7500 0.5316 0.0216 0.0117 -0.0912 0.6462 0.1745
-0.5000 0.5566 0.0210 0.0112 -0.0900 0.6282 0.1821
-0.2500 0.5795 0.0206 0.0107 -0.0885 0.6090 0.1914
0.0000 0.6034 0.0202 0.0102 -0.0873 0.5896 0.2060
0.2500 0.6264 0.0198 0.0099 -0.0861 0.5686 0.2322
0.5000 0.6386 0.0184 0.0101 -0.0828 0.5489 0.6891
0.7500 0.7221 0.0184 0.0103 -0.0912 0.5159 1.0000
1.0000 0.7414 0.0188 0.0103 -0.0894 0.4975 1.0000
1.2500 0.7590 0.0192 0.0105 -0.0874 0.4794 1.0000
1.5000 0.7792 0.0196 0.0106 -0.0859 0.4642 1.0000
1.7500 0.8003 0.0201 0.0108 -0.0846 0.4509 1.0000
2.0000 0.8213 0.0206 0.0111 -0.0833 0.4388 1.0000
2.2500 0.8434 0.0210 0.0113 -0.0822 0.4284 1.0000
2.5000 0.8664 0.0215 0.0117 -0.0814 0.4195 1.0000
2.7500 0.8918 0.0220 0.0120 -0.0810 0.4121 1.0000
3.0000 0.9151 0.0226 0.0124 -0.0802 0.4049 1.0000
3.2500 0.9398 0.0231 0.0128 -0.0798 0.3989 1.0000
3.5000 0.9646 0.0237 0.0133 -0.0793 0.3931 1.0000
3.7500 0.9890 0.0243 0.0138 -0.0788 0.3878 1.0000
4.0000 1.0131 0.0249 0.0143 -0.0783 0.3826 1.0000
4.2500 1.0399 0.0255 0.0148 -0.0783 0.3783 1.0000
4.5000 1.0614 0.0261 0.0155 -0.0774 0.3739 1.0000
4.7500 1.0880 0.0268 0.0160 -0.0774 0.3703 1.0000
5.0000 1.1137 0.0275 0.0167 -0.0773 0.3671 1.0000
