-5.0000 -0.4234 0.0165 0.0092 -0.0357 0.9102 0.3640
-4.7500 -0.3984 0.0162 0.0090 -0.0350 0.9007 0.3765
-4.5000 -0.3647 0.0158 0.0087 -0.0359 0.8948 0.3907
-4.2500 -0.3360 0.0156 0.0084 -0.0358 0.8866 0.4049
-4.0000 -0.3063 0.0152 0.0081 -0.0358 0.8783 0.4196
-3.7500 -0.2782 0.0149 0.0079 -0.0355 0.8693 0.4336
-3.5000 -0.2498 0.0146 0.0076 -0.0352 0.8600 0.4485
-3.2500 -0.2241 0.0144 0.0074 -0.0345 0.8494 0.4637
-3.0000 -0.1949 0.0141 0.0072 -0.0343 0.8405 0.4787
-2.7500 -0.1700 0.0140 0.0071 -0.0335 0.8292 0.4935
-2.5000 -0.1411 0.0137 0.0069 -0.0332 0.8200 0.5100
-2.2500 -0.1166 0.0136 0.0067 -0.0323 0.8071 0.5262
-2.0000 -0.0873 0.0134 0.0065 -0.0321 0.7973 0.5423
-1.7500 -0.0635 0.0133 0.0065 -0.0310 0.7833 0.5581
-1.5000 -0.0359 0.0131 0.0063 -0.0305 0.7724 0.5751
-1.2500 -0.0104 0.0130 0.0063 -0.0297 0.7594 0.5919
-1.0000 0.0159 0.0129 0.0062 -0.0291 0.7472 0.6092
-0.7500 0.0423 0.0129 0.0061 -0.0284 0.7346 0.6267
-0.5000 0.0675 0.0128 0.0061 -0.0275 0.7213 0.6450
-0.2500 0.0951 0.0128 0.0061 -0.0270 0.7099 0.6634
0.0000 0.1195 0.0127 0.0061 -0.0260 0.6959 0.6810
0.2500 0.1463 0.0127 0.0061 -0.0254 0.6843 0.6990
0.5000 0.1718 0.0127 0.0061 -0.0245 0.6714 0.7173
0.7500 0.1975 0.0127 0.0062 -0.0237 0.6590 0.7361
1.0000 0.2241 0.0128 0.0062 -0.0230 0.6471 0.7542
1.2500 0.2492 0.0128 0.0063 -0.0221 0.6344 0.7720
1.5000 0.2762 0.0129 0.0064 -0.0214 0.6235 0.7897
1.7500 0.3011 0.0130 0.0065 -0.0204 0.6107 0.8076
2.0000 0.3273 0.0132 0.0067 -0.0196 0.5992 0.8251
2.2500 0.3532 0.0133 0.0068 -0.0187 0.5864 0.8413
2.5000 0.3788 0.0135 0.0070 -0.0178 0.5731 0.8567
2.7500 0.4057 0.0137 0.0071 -0.0171 0.5612 0.8719
3.0000 0.4304 0.0138 0.0073 -0.0160 0.5476 0.8871
3.2500 0.4601 0.0141 0.0075 -0.0159 0.5346 0.8991
3.5000 0.4921 0.0144 0.0077 -0.0163 0.5218 0.9099
3.7500 0.5214 0.0146 0.0079 -0.0163 0.5084 0.9221
4.0000 0.5595 0.0149 0.0082 -0.0180 0.4956 0.9300
4.2500 0.5949 0.0152 0.0084 -0.0193 0.4833 0.9397
4.5000 0.6385 0.0155 0.0087 -0.0224 0.4679 0.9458
4.7500 0.6746 0.0158 0.0089 -0.0240 0.4538 0.9554
5.0000 0.7205 0.0161 0.0091 -0.0277 0.4392 0.9599
