-5.0000 -0.3972 0.0173 0.0098 -0.0379 0.8508 0.3826
-4.7500 -0.3648 0.0169 0.0095 -0.0384 0.8443 0.3922
-4.5000 -0.3447 0.0168 0.0093 -0.0367 0.8321 0.4024
-4.2500 -0.3154 0.0164 0.0090 -0.0367 0.8237 0.4127
-4.0000 -0.2920 0.0162 0.0088 -0.0357 0.8133 0.4236
-3.7500 -0.2651 0.0160 0.0086 -0.0352 0.8040 0.4343
-3.5000 -0.2394 0.0158 0.0084 -0.0346 0.7943 0.4449
-3.2500 -0.2138 0.0156 0.0082 -0.0339 0.7838 0.4562
-3.0000 -0.1878 0.0155 0.0081 -0.0333 0.7733 0.4667
-2.7500 -0.1619 0.0153 0.0079 -0.0326 0.7624 0.4785
-2.5000 -0.1366 0.0152 0.0078 -0.0319 0.7515 0.4898
-2.2500 -0.1099 0.0150 0.0076 -0.0314 0.7410 0.5007
-2.0000 -0.0848 0.0149 0.0076 -0.0307 0.7300 0.5124
-1.7500 -0.0586 0.0149 0.0074 -0.0301 0.7197 0.5252
-1.5000 -0.0338 0.0148 0.0074 -0.0293 0.7085 0.5371
-1.2500 -0.0066 0.0147 0.0073 -0.0289 0.6983 0.5494
-1.0000 0.0172 0.0146 0.0073 -0.0279 0.6863 0.5620
-0.7500 0.0441 0.0146 0.0072 -0.0275 0.6765 0.5756
-0.5000 0.0687 0.0146 0.0072 -0.0266 0.6651 0.5881
-0.2500 0.0949 0.0145 0.0072 -0.0260 0.6552 0.6018
0.0000 0.1200 0.0145 0.0072 -0.0253 0.6445 0.6160
0.2500 0.1449 0.0145 0.0072 -0.0245 0.6343 0.6304
0.5000 0.1717 0.0145 0.0072 -0.0240 0.6253 0.6449
0.7500 0.1956 0.0146 0.0073 -0.0231 0.6147 0.6595
1.0000 0.2218 0.0146 0.0073 -0.0225 0.6052 0.6735
1.2500 0.2476 0.0146 0.0073 -0.0218 0.5953 0.6879
1.5000 0.2721 0.0147 0.0074 -0.0209 0.5849 0.7025
1.7500 0.2973 0.0147 0.0075 -0.0201 0.5749 0.7176
2.0000 0.3232 0.0148 0.0076 -0.0194 0.5652 0.7328
2.2500 0.3471 0.0149 0.0077 -0.0184 0.5544 0.7479
2.5000 0.3707 0.0149 0.0078 -0.0173 0.5440 0.7631
2.7500 0.3959 0.0151 0.0079 -0.0165 0.5349 0.7781
3.0000 0.4211 0.0152 0.0081 -0.0157 0.5254 0.7925
3.2500 0.4452 0.0154 0.0083 -0.0146 0.5159 0.8074
3.5000 0.4718 0.0156 0.0085 -0.0140 0.5071 0.8219
3.7500 0.4934 0.0158 0.0087 -0.0125 0.4963 0.8365
4.0000 0.5171 0.0159 0.0089 -0.0114 0.4869 0.8515
4.2500 0.5415 0.0162 0.0091 -0.0103 0.4760 0.8628
4.5000 0.5658 0.0164 0.0094 -0.0093 0.4669 0.8761
4.7500 0.5902 0.0167 0.0096 -0.0083 0.4574 0.8888
5.0000 0.6193 0.0170 0.0099 -0.0083 0.4484 0.8991
