-5.0000 -0.2751 0.0122 0.0051 -0.0528 0.9575 0.0242
-4.7500 -0.2375 0.0118 0.0047 -0.0547 0.9531 0.0277
-4.5000 -0.2088 0.0115 0.0045 -0.0547 0.9445 0.0327
-4.2500 -0.1778 0.0112 0.0042 -0.0551 0.9370 0.0363
-4.0000 -0.1479 0.0110 0.0040 -0.0553 0.9294 0.0408
-3.7500 -0.1209 0.0108 0.0037 -0.0549 0.9190 0.0459
-3.5000 -0.0928 0.0105 0.0035 -0.0547 0.9096 0.0526
-3.2500 -0.0662 0.0103 0.0033 -0.0542 0.8979 0.0657
-3.0000 -0.0397 0.0100 0.0032 -0.0538 0.8860 0.0864
-2.7500 -0.0122 0.0099 0.0030 -0.0534 0.8746 0.0986
-2.5000 0.0145 0.0097 0.0029 -0.0530 0.8608 0.1118
-2.2500 0.0412 0.0095 0.0027 -0.0526 0.8462 0.1291
-2.0000 0.0678 0.0094 0.0026 -0.0521 0.8306 0.1540
-1.7500 0.0941 0.0092 0.0025 -0.0517 0.8140 0.1896
-1.5000 0.1191 0.0087 0.0023 -0.0511 0.7957 0.2697
-1.2500 0.1400 0.0078 0.0022 -0.0501 0.7780 0.5188
-1.0000 0.1582 0.0071 0.0023 -0.0478 0.7602 0.7279
-0.7500 0.1809 0.0069 0.0024 -0.0461 0.7419 0.8083
-0.5000 0.2048 0.0069 0.0024 -0.0447 0.7222 0.8605
-0.2500 0.2299 0.0070 0.0025 -0.0435 0.7023 0.9025
0.0000 0.2588 0.0071 0.0025 -0.0431 0.6810 0.9309
0.2500 0.2908 0.0073 0.0025 -0.0436 0.6575 0.9519
0.5000 0.3257 0.0074 0.0026 -0.0448 0.6322 0.9694
0.7500 0.3694 0.0076 0.0026 -0.0480 0.6047 0.9797
1.0000 0.4113 0.0078 0.0027 -0.0509 0.5779 0.9893
1.2500 0.4556 0.0080 0.0027 -0.0545 0.5497 0.9953
1.5000 0.4938 0.0082 0.0027 -0.0569 0.5230 1.0000
1.7500 0.5169 0.0084 0.0027 -0.0560 0.5002 1.0000
2.0000 0.5399 0.0085 0.0028 -0.0552 0.4779 1.0000
2.2500 0.5628 0.0087 0.0029 -0.0543 0.4569 1.0000
2.5000 0.5858 0.0089 0.0029 -0.0534 0.4389 1.0000
2.7500 0.6089 0.0091 0.0030 -0.0525 0.4226 1.0000
3.0000 0.6323 0.0093 0.0032 -0.0517 0.4093 1.0000
3.2500 0.6558 0.0095 0.0033 -0.0508 0.3961 1.0000
3.5000 0.6792 0.0097 0.0034 -0.0500 0.3864 1.0000
3.7500 0.7036 0.0098 0.0035 -0.0493 0.3778 1.0000
4.0000 0.7271 0.0101 0.0037 -0.0485 0.3699 1.0000
4.2500 0.7517 0.0102 0.0039 -0.0478 0.3631 1.0000
4.5000 0.7761 0.0104 0.0040 -0.0472 0.3561 1.0000
4.7500 0.7999 0.0107 0.0043 -0.0464 0.3487 1.0000
5.0000 0.8245 0.0108 0.0043 -0.0458 0.3330 1.0000
