-5.0000 -0.3408 0.0121 0.0056 -0.0350 0.7413 0.3741
-4.7500 -0.3170 0.0120 0.0054 -0.0341 0.7303 0.3851
-4.5000 -0.2940 0.0119 0.0053 -0.0331 0.7182 0.3961
-4.2500 -0.2707 0.0118 0.0052 -0.0321 0.7069 0.4065
-4.0000 -0.2464 0.0118 0.0051 -0.0312 0.6958 0.4173
-3.7500 -0.2231 0.0117 0.0051 -0.0302 0.6840 0.4276
-3.5000 -0.1983 0.0117 0.0050 -0.0295 0.6729 0.4376
-3.2500 -0.1746 0.0116 0.0049 -0.0286 0.6614 0.4473
-3.0000 -0.1499 0.0116 0.0049 -0.0278 0.6510 0.4570
-2.7500 -0.1256 0.0115 0.0048 -0.0270 0.6401 0.4677
-2.5000 -0.1012 0.0115 0.0048 -0.0262 0.6299 0.4778
-2.2500 -0.0768 0.0115 0.0047 -0.0254 0.6192 0.4879
-2.0000 -0.0524 0.0114 0.0047 -0.0246 0.6085 0.4980
-1.7500 -0.0275 0.0115 0.0047 -0.0239 0.5983 0.5073
-1.5000 -0.0028 0.0114 0.0047 -0.0231 0.5879 0.5166
-1.2500 0.0221 0.0115 0.0046 -0.0224 0.5779 0.5259
-1.0000 0.0466 0.0114 0.0046 -0.0216 0.5675 0.5356
-0.7500 0.0712 0.0115 0.0046 -0.0209 0.5576 0.5460
-0.5000 0.0951 0.0115 0.0046 -0.0200 0.5476 0.5566
-0.2500 0.1198 0.0115 0.0047 -0.0192 0.5370 0.5668
0.0000 0.1441 0.0115 0.0047 -0.0184 0.5274 0.5771
0.2500 0.1685 0.0115 0.0047 -0.0177 0.5178 0.5874
0.5000 0.1926 0.0116 0.0047 -0.0168 0.5079 0.5992
0.7500 0.2162 0.0116 0.0048 -0.0159 0.4985 0.6115
1.0000 0.2399 0.0117 0.0048 -0.0150 0.4881 0.6245
1.2500 0.2635 0.0117 0.0049 -0.0141 0.4785 0.6359
1.5000 0.2868 0.0118 0.0050 -0.0131 0.4688 0.6481
1.7500 0.3105 0.0118 0.0050 -0.0122 0.4596 0.6604
2.0000 0.3336 0.0119 0.0051 -0.0112 0.4508 0.6723
2.2500 0.3569 0.0120 0.0052 -0.0102 0.4424 0.6848
2.5000 0.3803 0.0121 0.0053 -0.0093 0.4339 0.6974
2.7500 0.4036 0.0121 0.0054 -0.0084 0.4260 0.7105
3.0000 0.4260 0.0123 0.0056 -0.0073 0.4177 0.7244
3.2500 0.4483 0.0124 0.0057 -0.0062 0.4101 0.7384
3.5000 0.4712 0.0125 0.0058 -0.0051 0.4022 0.7516
3.7500 0.4918 0.0126 0.0060 -0.0037 0.3949 0.7647
4.0000 0.5133 0.0127 0.0061 -0.0025 0.3881 0.7795
4.2500 0.5334 0.0129 0.0063 -0.0009 0.3815 0.7932
4.5000 0.5540 0.0131 0.0065 0.0005 0.3754 0.8068
4.7500 0.5758 0.0132 0.0067 0.0017 0.3695 0.8208
5.0000 0.5971 0.0134 0.0069 0.0029 0.3636 0.8347
