-5.0000 0.0149 0.0217 0.0139 -0.1363 0.8133 0.2401
-4.7500 0.0561 0.0211 0.0133 -0.1385 0.8115 0.2502
-4.5000 0.0978 0.0206 0.0129 -0.1410 0.8100 0.2597
-4.2500 0.1398 0.0201 0.0123 -0.1434 0.8086 0.2700
-4.0000 0.1592 0.0201 0.0123 -0.1418 0.8018 0.2781
-3.7500 0.1786 0.0201 0.0123 -0.1402 0.7951 0.2861
-3.5000 0.2195 0.0197 0.0119 -0.1424 0.7928 0.2975
-3.2500 0.2620 0.0191 0.0114 -0.1450 0.7907 0.3091
-3.0000 0.2854 0.0190 0.0113 -0.1441 0.7842 0.3189
-2.7500 0.3088 0.0190 0.0113 -0.1431 0.7777 0.3287
-2.5000 0.3479 0.0185 0.0108 -0.1450 0.7744 0.3405
-2.2500 0.3907 0.0181 0.0104 -0.1475 0.7718 0.3537
-2.0000 0.4084 0.0182 0.0106 -0.1456 0.7644 0.3626
-1.7500 0.4362 0.0181 0.0104 -0.1454 0.7583 0.3743
-1.5000 0.4762 0.0177 0.0100 -0.1475 0.7545 0.3883
-1.2500 0.5188 0.0174 0.0097 -0.1501 0.7512 0.4017
-1.0000 0.5266 0.0176 0.0100 -0.1462 0.7418 0.4099
-0.7500 0.5614 0.0174 0.0098 -0.1474 0.7371 0.4232
-0.5000 0.6023 0.0171 0.0095 -0.1497 0.7335 0.4387
-0.2500 0.6157 0.0173 0.0098 -0.1469 0.7254 0.4495
0.0000 0.6462 0.0172 0.0097 -0.1473 0.7196 0.4627
0.2500 0.6864 0.0169 0.0094 -0.1495 0.7151 0.4785
0.5000 0.7021 0.0171 0.0096 -0.1471 0.7067 0.4924
0.7500 0.7334 0.0169 0.0095 -0.1476 0.7005 0.5085
1.0000 0.7595 0.0169 0.0095 -0.1472 0.6940 0.5247
1.2500 0.7856 0.0169 0.0096 -0.1467 0.6874 0.5409
1.5000 0.8186 0.0168 0.0095 -0.1476 0.6817 0.5597
1.7500 0.8453 0.0168 0.0095 -0.1473 0.6754 0.5783
2.0000 0.8673 0.0168 0.0097 -0.1461 0.6678 0.5973
2.2500 0.9046 0.0166 0.0095 -0.1477 0.6624 0.6215
2.5000 0.9189 0.0168 0.0097 -0.1450 0.6536 0.6440
2.7500 0.9531 0.0166 0.0096 -0.1460 0.6472 0.6740
3.0000 0.9667 0.0167 0.0098 -0.1432 0.6381 0.7057
3.2500 0.9958 0.0165 0.0098 -0.1430 0.6311 0.7515
3.5000 1.0052 0.0165 0.0101 -0.1391 0.6225 0.8143
3.7500 1.0408 0.0163 0.0100 -0.1399 0.6151 0.9931
4.0000 1.0624 0.0165 0.0102 -0.1390 0.6075 1.0000
4.2500 1.0846 0.0167 0.0103 -0.1381 0.5998 1.0000
4.5000 1.1171 0.0169 0.0103 -0.1390 0.5932 1.0000
4.7500 1.1264 0.0172 0.0106 -0.1356 0.5844 1.0000
5.0000 1.1586 0.0173 0.0106 -0.1365 0.5774 1.0000
