-5.0000 -0.2959 0.0167 0.0091 -0.0626 0.9338 0.1932
-4.7500 -0.2521 0.0163 0.0087 -0.0658 0.9314 0.2138
-4.5000 -0.2276 0.0159 0.0084 -0.0651 0.9214 0.2308
-4.2500 -0.1907 0.0155 0.0081 -0.0668 0.9166 0.2517
-4.0000 -0.1515 0.0150 0.0077 -0.0689 0.9129 0.2753
-3.7500 -0.1248 0.0147 0.0074 -0.0685 0.9036 0.2959
-3.5000 -0.0921 0.0143 0.0071 -0.0693 0.8969 0.3196
-3.2500 -0.0561 0.0138 0.0067 -0.0705 0.8922 0.3468
-3.0000 -0.0325 0.0135 0.0065 -0.0694 0.8806 0.3728
-2.7500 -0.0001 0.0130 0.0062 -0.0700 0.8744 0.4057
-2.5000 0.0242 0.0127 0.0060 -0.0690 0.8631 0.4408
-2.2500 0.0546 0.0123 0.0057 -0.0690 0.8560 0.4837
-2.0000 0.0781 0.0120 0.0056 -0.0678 0.8434 0.5294
-1.7500 0.1047 0.0117 0.0055 -0.0671 0.8335 0.5828
-1.5000 0.1301 0.0114 0.0054 -0.0660 0.8219 0.6366
-1.2500 0.1550 0.0112 0.0054 -0.0648 0.8100 0.6840
-1.0000 0.1819 0.0110 0.0053 -0.0639 0.7994 0.7290
-0.7500 0.2057 0.0109 0.0053 -0.0624 0.7859 0.7712
-0.5000 0.2312 0.0109 0.0053 -0.0611 0.7738 0.8105
-0.2500 0.2581 0.0108 0.0053 -0.0600 0.7620 0.8463
0.0000 0.2842 0.0109 0.0053 -0.0589 0.7475 0.8780
0.2500 0.3151 0.0110 0.0054 -0.0587 0.7341 0.9054
0.5000 0.3489 0.0111 0.0054 -0.0591 0.7221 0.9301
0.7500 0.3865 0.0113 0.0055 -0.0606 0.7077 0.9491
1.0000 0.4322 0.0114 0.0056 -0.0640 0.6934 0.9611
1.2500 0.4790 0.0116 0.0056 -0.0676 0.6794 0.9730
1.5000 0.5287 0.0117 0.0056 -0.0719 0.6650 0.9845
1.7500 0.5789 0.0117 0.0056 -0.0766 0.6494 0.9946
2.0000 0.6166 0.0118 0.0055 -0.0789 0.6352 1.0000
2.2500 0.6381 0.0119 0.0055 -0.0778 0.6235 1.0000
2.5000 0.6596 0.0120 0.0055 -0.0767 0.6116 1.0000
2.7500 0.6803 0.0121 0.0056 -0.0755 0.5988 1.0000
3.0000 0.7015 0.0122 0.0056 -0.0743 0.5868 1.0000
3.2500 0.7236 0.0124 0.0057 -0.0732 0.5760 1.0000
3.5000 0.7446 0.0125 0.0058 -0.0719 0.5642 1.0000
3.7500 0.7664 0.0127 0.0060 -0.0707 0.5533 1.0000
4.0000 0.7887 0.0129 0.0061 -0.0696 0.5424 1.0000
4.2500 0.8094 0.0131 0.0063 -0.0682 0.5299 1.0000
4.5000 0.8310 0.0132 0.0064 -0.0670 0.5181 1.0000
4.7500 0.8527 0.0135 0.0065 -0.0657 0.5062 1.0000
5.0000 0.8737 0.0136 0.0067 -0.0643 0.4942 1.0000
