-5.0000 -0.3208 0.0125 0.0058 -0.0470 0.7625 0.3264
-4.7500 -0.2965 0.0124 0.0056 -0.0463 0.7523 0.3352
-4.5000 -0.2722 0.0123 0.0055 -0.0455 0.7413 0.3445
-4.2500 -0.2482 0.0122 0.0054 -0.0447 0.7305 0.3526
-4.0000 -0.2236 0.0121 0.0053 -0.0440 0.7192 0.3611
-3.7500 -0.1996 0.0120 0.0052 -0.0431 0.7080 0.3697
-3.5000 -0.1754 0.0119 0.0050 -0.0423 0.6965 0.3786
-3.2500 -0.1511 0.0118 0.0050 -0.0415 0.6852 0.3883
-3.0000 -0.1266 0.0118 0.0049 -0.0408 0.6749 0.3984
-2.7500 -0.1021 0.0117 0.0048 -0.0401 0.6646 0.4086
-2.5000 -0.0778 0.0117 0.0047 -0.0393 0.6543 0.4190
-2.2500 -0.0535 0.0116 0.0047 -0.0385 0.6443 0.4296
-2.0000 -0.0291 0.0115 0.0046 -0.0377 0.6344 0.4415
-1.7500 -0.0046 0.0115 0.0046 -0.0370 0.6250 0.4535
-1.5000 0.0197 0.0115 0.0046 -0.0362 0.6147 0.4651
-1.2500 0.0443 0.0114 0.0046 -0.0355 0.6054 0.4767
-1.0000 0.0691 0.0114 0.0045 -0.0348 0.5965 0.4895
-0.7500 0.0938 0.0114 0.0045 -0.0341 0.5878 0.5021
-0.5000 0.1185 0.0114 0.0045 -0.0334 0.5796 0.5147
-0.2500 0.1432 0.0114 0.0045 -0.0327 0.5709 0.5281
0.0000 0.1681 0.0114 0.0046 -0.0320 0.5626 0.5416
0.2500 0.1928 0.0114 0.0046 -0.0313 0.5546 0.5552
0.5000 0.2171 0.0114 0.0046 -0.0305 0.5461 0.5688
0.7500 0.2414 0.0114 0.0047 -0.0297 0.5372 0.5830
1.0000 0.2658 0.0114 0.0047 -0.0290 0.5290 0.5967
1.2500 0.2904 0.0115 0.0047 -0.0282 0.5216 0.6112
1.5000 0.3149 0.0115 0.0048 -0.0275 0.5135 0.6256
1.7500 0.3394 0.0115 0.0049 -0.0267 0.5060 0.6402
2.0000 0.3635 0.0116 0.0050 -0.0259 0.4984 0.6560
2.2500 0.3874 0.0116 0.0050 -0.0250 0.4902 0.6718
2.5000 0.4113 0.0117 0.0051 -0.0242 0.4828 0.6868
2.7500 0.4354 0.0118 0.0052 -0.0234 0.4761 0.7018
3.0000 0.4593 0.0118 0.0053 -0.0225 0.4686 0.7171
3.2500 0.4833 0.0119 0.0054 -0.0217 0.4617 0.7313
3.5000 0.5069 0.0120 0.0055 -0.0208 0.4547 0.7459
3.7500 0.5300 0.0121 0.0057 -0.0198 0.4469 0.7600
4.0000 0.5528 0.0122 0.0058 -0.0187 0.4398 0.7747
4.2500 0.5750 0.0123 0.0059 -0.0176 0.4324 0.7902
4.5000 0.5970 0.0124 0.0061 -0.0163 0.4252 0.8061
4.7500 0.6174 0.0126 0.0063 -0.0148 0.4182 0.8222
5.0000 0.6372 0.0127 0.0065 -0.0131 0.4105 0.8377
