-5.0000 -0.4979 0.0163 0.0091 -0.0204 0.9300 0.3798
-4.7500 -0.4683 0.0160 0.0089 -0.0206 0.9215 0.3950
-4.5000 -0.4313 0.0157 0.0086 -0.0223 0.9163 0.4111
-4.2500 -0.4023 0.0154 0.0084 -0.0223 0.9072 0.4251
-4.0000 -0.3672 0.0150 0.0080 -0.0234 0.9012 0.4404
-3.7500 -0.3405 0.0147 0.0078 -0.0228 0.8906 0.4552
-3.5000 -0.3098 0.0144 0.0075 -0.0230 0.8823 0.4714
-3.2500 -0.2822 0.0141 0.0073 -0.0225 0.8717 0.4864
-3.0000 -0.2562 0.0139 0.0071 -0.0217 0.8602 0.5013
-2.7500 -0.2285 0.0136 0.0069 -0.0212 0.8499 0.5169
-2.5000 -0.2004 0.0134 0.0067 -0.0208 0.8396 0.5330
-2.2500 -0.1756 0.0132 0.0066 -0.0199 0.8263 0.5494
-2.0000 -0.1496 0.0131 0.0064 -0.0191 0.8137 0.5660
-1.7500 -0.1218 0.0129 0.0063 -0.0186 0.8023 0.5826
-1.5000 -0.0964 0.0128 0.0062 -0.0177 0.7882 0.5983
-1.2500 -0.0703 0.0127 0.0061 -0.0170 0.7749 0.6143
-1.0000 -0.0433 0.0126 0.0060 -0.0164 0.7628 0.6315
-0.7500 -0.0169 0.0126 0.0060 -0.0157 0.7493 0.6480
-0.5000 0.0086 0.0125 0.0059 -0.0148 0.7343 0.6648
-0.2500 0.0344 0.0124 0.0059 -0.0140 0.7195 0.6821
0.0000 0.0604 0.0124 0.0059 -0.0132 0.7052 0.6994
0.2500 0.0865 0.0124 0.0059 -0.0124 0.6919 0.7173
0.5000 0.1132 0.0124 0.0059 -0.0118 0.6792 0.7344
0.7500 0.1393 0.0125 0.0060 -0.0110 0.6658 0.7516
1.0000 0.1653 0.0126 0.0061 -0.0102 0.6511 0.7672
1.2500 0.1911 0.0126 0.0061 -0.0093 0.6360 0.7832
1.5000 0.2167 0.0127 0.0062 -0.0084 0.6209 0.7996
1.7500 0.2427 0.0128 0.0063 -0.0075 0.6069 0.8156
2.0000 0.2690 0.0130 0.0065 -0.0067 0.5938 0.8310
2.2500 0.2955 0.0131 0.0066 -0.0060 0.5804 0.8455
2.5000 0.3216 0.0133 0.0067 -0.0051 0.5668 0.8599
2.7500 0.3479 0.0135 0.0069 -0.0043 0.5521 0.8735
3.0000 0.3772 0.0138 0.0072 -0.0041 0.5377 0.8843
3.2500 0.4030 0.0140 0.0073 -0.0033 0.5247 0.8974
3.5000 0.4370 0.0143 0.0076 -0.0041 0.5107 0.9052
3.7500 0.4636 0.0145 0.0078 -0.0036 0.4966 0.9175
4.0000 0.5022 0.0148 0.0081 -0.0054 0.4817 0.9240
4.2500 0.5316 0.0151 0.0083 -0.0055 0.4679 0.9358
4.5000 0.5765 0.0155 0.0086 -0.0087 0.4512 0.9403
4.7500 0.6180 0.0158 0.0088 -0.0114 0.4348 0.9468
5.0000 0.6533 0.0160 0.0091 -0.0130 0.4197 0.9552
