-5.0000 -0.5563 0.0116 0.0050 -0.0005 0.9856 0.1614
-4.7500 -0.5188 0.0111 0.0047 -0.0028 0.9816 0.1931
-4.5000 -0.4803 0.0107 0.0044 -0.0053 0.9781 0.2361
-4.2500 -0.4408 0.0102 0.0042 -0.0081 0.9751 0.2924
-4.0000 -0.4088 0.0098 0.0040 -0.0092 0.9694 0.3410
-3.7500 -0.3756 0.0094 0.0039 -0.0103 0.9628 0.3817
-3.5000 -0.3392 0.0091 0.0037 -0.0121 0.9570 0.4211
-3.2500 -0.3024 0.0088 0.0035 -0.0139 0.9511 0.4612
-3.0000 -0.2698 0.0085 0.0033 -0.0147 0.9433 0.4936
-2.7500 -0.2417 0.0083 0.0032 -0.0145 0.9327 0.5218
-2.5000 -0.2103 0.0080 0.0030 -0.0149 0.9242 0.5520
-2.2500 -0.1849 0.0078 0.0029 -0.0141 0.9105 0.5787
-2.0000 -0.1579 0.0076 0.0028 -0.0135 0.8972 0.6051
-1.7500 -0.1314 0.0075 0.0027 -0.0128 0.8824 0.6301
-1.5000 -0.1053 0.0073 0.0026 -0.0121 0.8665 0.6556
-1.2500 -0.0796 0.0072 0.0025 -0.0112 0.8500 0.6839
-1.0000 -0.0539 0.0071 0.0025 -0.0104 0.8331 0.7115
-0.7500 -0.0282 0.0071 0.0024 -0.0096 0.8149 0.7391
-0.5000 -0.0024 0.0070 0.0024 -0.0087 0.7956 0.7652
-0.2500 0.0233 0.0070 0.0024 -0.0079 0.7748 0.7891
0.0000 0.0492 0.0070 0.0024 -0.0070 0.7550 0.8122
0.2500 0.0750 0.0071 0.0024 -0.0062 0.7342 0.8342
0.5000 0.1008 0.0071 0.0025 -0.0053 0.7122 0.8549
0.7500 0.1266 0.0072 0.0026 -0.0045 0.6896 0.8741
1.0000 0.1526 0.0073 0.0026 -0.0037 0.6658 0.8910
1.2500 0.1789 0.0075 0.0027 -0.0030 0.6404 0.9063
1.5000 0.2050 0.0076 0.0028 -0.0022 0.6154 0.9216
1.7500 0.2327 0.0078 0.0029 -0.0018 0.5921 0.9342
2.0000 0.2619 0.0080 0.0030 -0.0018 0.5688 0.9448
2.2500 0.2955 0.0082 0.0031 -0.0028 0.5442 0.9519
2.5000 0.3263 0.0085 0.0032 -0.0033 0.5173 0.9610
2.7500 0.3652 0.0087 0.0033 -0.0055 0.4867 0.9655
3.0000 0.4035 0.0090 0.0035 -0.0078 0.4583 0.9704
3.2500 0.4373 0.0092 0.0036 -0.0090 0.4323 0.9772
3.5000 0.4761 0.0095 0.0037 -0.0115 0.4025 0.9810
3.7500 0.5160 0.0097 0.0039 -0.0142 0.3715 0.9845
4.0000 0.5558 0.0100 0.0040 -0.0169 0.3466 0.9889
4.2500 0.5947 0.0102 0.0041 -0.0194 0.3243 0.9937
4.5000 0.6321 0.0104 0.0043 -0.0217 0.3028 0.9978
4.7500 0.6653 0.0107 0.0044 -0.0230 0.2821 1.0000
5.0000 0.6872 0.0109 0.0046 -0.0221 0.2664 1.0000
