-5.0000 -0.4624 0.0112 0.0052 -0.0186 0.8680 0.3639
-4.7500 -0.4373 0.0110 0.0050 -0.0179 0.8565 0.3765
-4.5000 -0.4120 0.0109 0.0048 -0.0172 0.8451 0.3886
-4.2500 -0.3866 0.0107 0.0046 -0.0166 0.8324 0.4005
-4.0000 -0.3613 0.0106 0.0045 -0.0159 0.8197 0.4124
-3.7500 -0.3359 0.0105 0.0044 -0.0152 0.8061 0.4251
-3.5000 -0.3104 0.0103 0.0043 -0.0146 0.7925 0.4378
-3.2500 -0.2848 0.0102 0.0042 -0.0139 0.7788 0.4510
-3.0000 -0.2592 0.0101 0.0040 -0.0133 0.7647 0.4636
-2.7500 -0.2334 0.0101 0.0040 -0.0127 0.7513 0.4764
-2.5000 -0.2076 0.0100 0.0039 -0.0121 0.7372 0.4891
-2.2500 -0.1818 0.0100 0.0038 -0.0116 0.7229 0.5012
-2.0000 -0.1559 0.0099 0.0037 -0.0110 0.7093 0.5133
-1.7500 -0.1300 0.0098 0.0037 -0.0104 0.6951 0.5261
-1.5000 -0.1042 0.0098 0.0036 -0.0099 0.6818 0.5402
-1.2500 -0.0785 0.0098 0.0036 -0.0093 0.6680 0.5551
-1.0000 -0.0530 0.0098 0.0036 -0.0086 0.6540 0.5702
-0.7500 -0.0274 0.0097 0.0036 -0.0080 0.6397 0.5851
-0.5000 -0.0016 0.0097 0.0036 -0.0074 0.6259 0.5990
-0.2500 0.0242 0.0097 0.0036 -0.0069 0.6123 0.6123
0.0000 0.0500 0.0097 0.0036 -0.0063 0.5990 0.6262
0.2500 0.0757 0.0097 0.0036 -0.0057 0.5851 0.6407
0.5000 0.1013 0.0098 0.0036 -0.0051 0.5715 0.6548
0.7500 0.1270 0.0098 0.0036 -0.0045 0.5573 0.6686
1.0000 0.1528 0.0098 0.0037 -0.0039 0.5435 0.6832
1.2500 0.1783 0.0099 0.0037 -0.0033 0.5300 0.6976
1.5000 0.2038 0.0099 0.0037 -0.0027 0.5170 0.7130
1.7500 0.2294 0.0100 0.0038 -0.0021 0.5040 0.7281
2.0000 0.2550 0.0100 0.0039 -0.0014 0.4918 0.7432
2.2500 0.2807 0.0101 0.0040 -0.0009 0.4792 0.7576
2.5000 0.3062 0.0102 0.0040 -0.0003 0.4671 0.7721
2.7500 0.3317 0.0103 0.0042 0.0004 0.4551 0.7860
3.0000 0.3569 0.0104 0.0043 0.0011 0.4430 0.8010
3.2500 0.3821 0.0105 0.0044 0.0018 0.4309 0.8160
3.5000 0.4068 0.0107 0.0045 0.0026 0.4189 0.8319
3.7500 0.4318 0.0108 0.0047 0.0033 0.4063 0.8457
4.0000 0.4567 0.0110 0.0049 0.0041 0.3934 0.8586
4.2500 0.4811 0.0112 0.0050 0.0049 0.3813 0.8713
4.5000 0.5051 0.0114 0.0052 0.0058 0.3701 0.8838
4.7500 0.5294 0.0115 0.0054 0.0067 0.3592 0.8960
5.0000 0.5551 0.0118 0.0057 0.0073 0.3490 0.9057
