-5.0000 -0.4125 0.0377 0.0287 -0.0511 0.7944 0.3448
-4.7500 -0.3794 0.0372 0.0282 -0.0520 0.7890 0.3538
-4.5000 -0.3383 0.0367 0.0276 -0.0539 0.7860 0.3646
-4.2500 -0.3205 0.0368 0.0278 -0.0526 0.7781 0.3726
-4.0000 -0.3027 0.0369 0.0279 -0.0513 0.7701 0.3806
-3.7500 -0.2593 0.0363 0.0274 -0.0534 0.7674 0.3909
-3.5000 -0.2301 0.0360 0.0271 -0.0535 0.7612 0.4009
-3.2500 -0.2008 0.0358 0.0269 -0.0536 0.7551 0.4109
-3.0000 -0.1716 0.0355 0.0266 -0.0537 0.7489 0.4209
-2.7500 -0.1540 0.0358 0.0269 -0.0524 0.7407 0.4306
-2.5000 -0.1363 0.0360 0.0272 -0.0510 0.7325 0.4403
-2.2500 -0.1187 0.0363 0.0275 -0.0497 0.7242 0.4500
-2.0000 -0.1011 0.0366 0.0278 -0.0484 0.7160 0.4597
-1.7500 -0.0584 0.0357 0.0269 -0.0500 0.7129 0.4732
-1.5000 -0.0109 0.0346 0.0257 -0.0521 0.7112 0.4878
-1.2500 0.0389 0.0335 0.0247 -0.0545 0.7099 0.5035
-1.0000 0.0400 0.0348 0.0261 -0.0513 0.6986 0.5133
-0.7500 0.0411 0.0361 0.0274 -0.0482 0.6872 0.5231
-0.5000 0.0422 0.0374 0.0288 -0.0450 0.6759 0.5329
-0.2500 0.0812 0.0366 0.0281 -0.0458 0.6725 0.5488
0.0000 0.1281 0.0352 0.0268 -0.0474 0.6708 0.5667
0.2500 0.1787 0.0338 0.0254 -0.0495 0.6694 0.5859
0.5000 0.2341 0.0324 0.0240 -0.0526 0.6680 0.6078
0.7500 0.2553 0.0325 0.0243 -0.0513 0.6612 0.6257
1.0000 0.2765 0.0327 0.0245 -0.0501 0.6543 0.6437
1.2500 0.2977 0.0328 0.0248 -0.0488 0.6475 0.6616
1.5000 0.3551 0.0316 0.0236 -0.0522 0.6461 0.6893
1.7500 0.3165 0.0350 0.0272 -0.0445 0.6289 0.7018
2.0000 0.2780 0.0384 0.0307 -0.0368 0.6116 0.7143
2.2500 0.3180 0.0372 0.0296 -0.0369 0.6091 0.7440
2.5000 0.3627 0.0358 0.0283 -0.0374 0.6075 0.7763
2.7500 0.4092 0.0344 0.0270 -0.0379 0.6058 0.8096
3.0000 0.4639 0.0329 0.0255 -0.0395 0.6044 0.8441
3.2500 0.5403 0.0314 0.0240 -0.0449 0.6029 0.8763
3.5000 0.4759 0.0352 0.0280 -0.0327 0.5856 0.9119
3.7500 0.5785 0.0332 0.0259 -0.0424 0.5846 0.9360
4.0000 0.7069 0.0313 0.0238 -0.0575 0.5823 0.9464
4.2500 0.7129 0.0337 0.0263 -0.0566 0.5691 0.9708
4.5000 0.8305 0.0323 0.0247 -0.0710 0.5648 0.9748
4.7500 0.9113 0.0320 0.0244 -0.0805 0.5579 0.9857
5.0000 0.9676 0.0324 0.0248 -0.0869 0.5472 0.9989
