-5.0000 0.2037 0.0119 0.0053 -0.1770 0.8511 0.1035
-4.7500 0.2341 0.0117 0.0050 -0.1775 0.8468 0.1119
-4.5000 0.2657 0.0115 0.0048 -0.1782 0.8430 0.1210
-4.2500 0.2923 0.0114 0.0047 -0.1779 0.8378 0.1300
-4.0000 0.3201 0.0112 0.0046 -0.1778 0.8325 0.1401
-3.7500 0.3500 0.0111 0.0045 -0.1783 0.8279 0.1538
-3.5000 0.3818 0.0109 0.0043 -0.1790 0.8240 0.1743
-3.2500 0.4070 0.0109 0.0044 -0.1785 0.8180 0.1911
-3.0000 0.4357 0.0107 0.0043 -0.1786 0.8128 0.2059
-2.7500 0.4663 0.0106 0.0041 -0.1791 0.8083 0.2206
-2.5000 0.4939 0.0105 0.0040 -0.1790 0.8024 0.2349
-2.2500 0.5215 0.0104 0.0040 -0.1789 0.7966 0.2493
-2.0000 0.5517 0.0103 0.0039 -0.1793 0.7918 0.2658
-1.7500 0.5794 0.0103 0.0039 -0.1793 0.7863 0.2826
-1.5000 0.6071 0.0103 0.0039 -0.1792 0.7805 0.3008
-1.2500 0.6373 0.0102 0.0038 -0.1796 0.7755 0.3191
-1.0000 0.6636 0.0102 0.0039 -0.1792 0.7688 0.3370
-0.7500 0.6915 0.0101 0.0039 -0.1792 0.7626 0.3557
-0.5000 0.7204 0.0101 0.0038 -0.1793 0.7570 0.3751
-0.2500 0.7464 0.0101 0.0039 -0.1789 0.7497 0.3939
0.0000 0.7757 0.0100 0.0038 -0.1791 0.7436 0.4137
0.2500 0.8014 0.0100 0.0039 -0.1786 0.7362 0.4348
0.5000 0.8289 0.0100 0.0039 -0.1785 0.7295 0.4584
0.7500 0.8570 0.0100 0.0040 -0.1785 0.7234 0.4853
1.0000 0.8824 0.0100 0.0041 -0.1780 0.7161 0.5152
1.2500 0.9105 0.0100 0.0041 -0.1780 0.7096 0.5473
1.5000 0.9359 0.0100 0.0042 -0.1775 0.7022 0.5825
1.7500 0.9616 0.0100 0.0043 -0.1770 0.6947 0.6282
2.0000 0.9877 0.0099 0.0044 -0.1766 0.6876 0.7005
2.2500 1.0070 0.0094 0.0045 -0.1743 0.6792 1.0000
2.5000 1.0347 0.0095 0.0045 -0.1742 0.6716 1.0000
2.7500 1.0590 0.0097 0.0046 -0.1735 0.6633 1.0000
3.0000 1.0853 0.0098 0.0047 -0.1732 0.6555 1.0000
3.2500 1.1104 0.0100 0.0048 -0.1726 0.6472 1.0000
3.5000 1.1343 0.0101 0.0049 -0.1718 0.6373 1.0000
3.7500 1.1581 0.0103 0.0051 -0.1709 0.6279 1.0000
4.0000 1.1816 0.0104 0.0052 -0.1701 0.6182 1.0000
4.2500 1.2048 0.0106 0.0053 -0.1691 0.6088 1.0000
4.5000 1.2274 0.0108 0.0055 -0.1681 0.5988 1.0000
4.7500 1.2499 0.0110 0.0057 -0.1670 0.5895 1.0000
5.0000 1.2720 0.0112 0.0059 -0.1659 0.5801 1.0000
