-5.0000 -0.3781 0.0275 0.0183 -0.0497 0.9346 0.2088
-4.7500 -0.3447 0.0270 0.0178 -0.0510 0.9246 0.2215
-4.5000 -0.3036 0.0263 0.0172 -0.0535 0.9165 0.2375
-4.2500 -0.2638 0.0257 0.0167 -0.0558 0.9088 0.2550
-4.0000 -0.2296 0.0252 0.0162 -0.0570 0.8987 0.2733
-3.7500 -0.1810 0.0245 0.0156 -0.0607 0.8939 0.2990
-3.5000 -0.1568 0.0241 0.0153 -0.0601 0.8815 0.3197
-3.2500 -0.1105 0.0233 0.0147 -0.0633 0.8764 0.3517
-3.0000 -0.0822 0.0228 0.0144 -0.0632 0.8652 0.3817
-2.7500 -0.0393 0.0220 0.0139 -0.0655 0.8592 0.4271
-2.5000 -0.0104 0.0215 0.0137 -0.0653 0.8489 0.4780
-2.2500 0.0256 0.0207 0.0133 -0.0658 0.8416 0.5517
-2.0000 0.0514 0.0203 0.0132 -0.0644 0.8309 0.6271
-1.7500 0.0856 0.0197 0.0129 -0.0638 0.8239 0.7024
-1.5000 0.1096 0.0196 0.0129 -0.0615 0.8122 0.7588
-1.2500 0.1469 0.0193 0.0127 -0.0611 0.8059 0.8101
-1.0000 0.1731 0.0194 0.0128 -0.0593 0.7934 0.8508
-0.7500 0.2186 0.0192 0.0126 -0.0605 0.7860 0.8853
-0.5000 0.2648 0.0193 0.0125 -0.0625 0.7737 0.9131
-0.2500 0.3175 0.0193 0.0124 -0.0660 0.7615 0.9374
0.0000 0.3877 0.0191 0.0120 -0.0730 0.7519 0.9536
0.2500 0.4495 0.0191 0.0120 -0.0794 0.7375 0.9712
0.5000 0.5165 0.0189 0.0116 -0.0870 0.7240 0.9875
0.7500 0.5772 0.0186 0.0111 -0.0934 0.7114 1.0000
1.0000 0.5947 0.0186 0.0110 -0.0922 0.6981 1.0000
1.2500 0.6117 0.0186 0.0110 -0.0907 0.6852 1.0000
1.5000 0.6320 0.0186 0.0108 -0.0896 0.6746 1.0000
1.7500 0.6501 0.0187 0.0109 -0.0882 0.6631 1.0000
2.0000 0.6673 0.0189 0.0110 -0.0866 0.6521 1.0000
2.2500 0.6904 0.0190 0.0109 -0.0857 0.6432 1.0000
2.5000 0.7056 0.0193 0.0112 -0.0838 0.6319 1.0000
2.7500 0.7285 0.0194 0.0113 -0.0828 0.6229 1.0000
3.0000 0.7460 0.0197 0.0115 -0.0810 0.6123 1.0000
3.2500 0.7663 0.0200 0.0118 -0.0797 0.6031 1.0000
3.5000 0.7872 0.0203 0.0120 -0.0784 0.5938 1.0000
3.7500 0.8059 0.0207 0.0123 -0.0768 0.5847 1.0000
4.0000 0.8287 0.0209 0.0125 -0.0758 0.5760 1.0000
4.2500 0.8476 0.0214 0.0130 -0.0742 0.5671 1.0000
4.5000 0.8693 0.0217 0.0132 -0.0730 0.5581 1.0000
4.7500 0.8898 0.0221 0.0136 -0.0717 0.5494 1.0000
5.0000 0.9101 0.0224 0.0140 -0.0703 0.5401 1.0000
