-5.0000 0.0723 0.0123 0.0051 -0.1138 0.7678 0.0811
-4.7500 0.0994 0.0121 0.0049 -0.1135 0.7576 0.0852
-4.5000 0.1261 0.0120 0.0047 -0.1130 0.7460 0.0898
-4.2500 0.1533 0.0119 0.0046 -0.1127 0.7351 0.0949
-4.0000 0.1797 0.0118 0.0045 -0.1123 0.7229 0.0998
-3.7500 0.2066 0.0117 0.0043 -0.1119 0.7112 0.1050
-3.5000 0.2331 0.0116 0.0042 -0.1114 0.6985 0.1110
-3.2500 0.2597 0.0116 0.0042 -0.1110 0.6855 0.1185
-3.0000 0.2860 0.0116 0.0041 -0.1105 0.6722 0.1267
-2.7500 0.3121 0.0116 0.0041 -0.1100 0.6580 0.1352
-2.5000 0.3382 0.0115 0.0040 -0.1096 0.6437 0.1435
-2.2500 0.3640 0.0115 0.0040 -0.1090 0.6293 0.1516
-2.0000 0.3893 0.0115 0.0039 -0.1084 0.6150 0.1606
-1.7500 0.4150 0.0115 0.0039 -0.1078 0.6007 0.1710
-1.5000 0.4403 0.0115 0.0039 -0.1072 0.5863 0.1819
-1.2500 0.4652 0.0115 0.0039 -0.1065 0.5716 0.1933
-1.0000 0.4903 0.0116 0.0038 -0.1059 0.5567 0.2061
-0.7500 0.5153 0.0116 0.0038 -0.1053 0.5422 0.2202
-0.5000 0.5400 0.0116 0.0038 -0.1046 0.5284 0.2372
-0.2500 0.5642 0.0116 0.0039 -0.1039 0.5151 0.2596
0.0000 0.5884 0.0115 0.0039 -0.1033 0.5018 0.3057
0.2500 0.6078 0.0108 0.0040 -0.1020 0.4904 0.5966
0.5000 0.6280 0.0106 0.0042 -0.1004 0.4800 0.7226
0.7500 0.6482 0.0105 0.0043 -0.0984 0.4706 0.8270
1.0000 0.6714 0.0106 0.0046 -0.0967 0.4621 0.9232
1.2500 0.7191 0.0108 0.0047 -0.1007 0.4529 0.9785
1.5000 0.7677 0.0111 0.0049 -0.1052 0.4446 0.9980
1.7500 0.7933 0.0112 0.0050 -0.1048 0.4381 1.0000
2.0000 0.8134 0.0114 0.0051 -0.1033 0.4325 1.0000
2.2500 0.8344 0.0116 0.0052 -0.1020 0.4276 1.0000
2.5000 0.8573 0.0118 0.0053 -0.1010 0.4232 1.0000
2.7500 0.8802 0.0119 0.0054 -0.1001 0.4187 1.0000
3.0000 0.9033 0.0122 0.0056 -0.0992 0.4146 1.0000
3.2500 0.9274 0.0124 0.0058 -0.0986 0.4106 1.0000
3.5000 0.9516 0.0126 0.0059 -0.0979 0.4070 1.0000
3.7500 0.9760 0.0127 0.0061 -0.0973 0.4034 1.0000
4.0000 1.0003 0.0129 0.0063 -0.0967 0.3999 1.0000
4.2500 1.0249 0.0132 0.0064 -0.0961 0.3966 1.0000
4.5000 1.0508 0.0135 0.0067 -0.0959 0.3932 1.0000
4.7500 1.0751 0.0137 0.0069 -0.0953 0.3907 1.0000
5.0000 1.0993 0.0139 0.0071 -0.0948 0.3876 1.0000
