-5.0000 0.0603 0.0188 0.0119 -0.0954 0.7943 0.0596
-4.7500 0.0863 0.0183 0.0113 -0.0948 0.7818 0.0608
-4.5000 0.1124 0.0177 0.0106 -0.0941 0.7690 0.0622
-4.2500 0.1388 0.0173 0.0100 -0.0935 0.7562 0.0640
-4.0000 0.1653 0.0169 0.0095 -0.0929 0.7436 0.0666
-3.7500 0.1921 0.0166 0.0091 -0.0922 0.7307 0.0690
-3.5000 0.2173 0.0156 0.0080 -0.0915 0.7173 0.0720
-3.2500 0.2434 0.0153 0.0077 -0.0909 0.7035 0.0753
-3.0000 0.2696 0.0151 0.0074 -0.0902 0.6896 0.0786
-2.7500 0.2958 0.0150 0.0071 -0.0895 0.6749 0.0815
-2.5000 0.3208 0.0144 0.0065 -0.0888 0.6604 0.0845
-2.2500 0.3463 0.0143 0.0063 -0.0881 0.6456 0.0876
-2.0000 0.3717 0.0141 0.0061 -0.0873 0.6293 0.0912
-1.7500 0.3971 0.0141 0.0059 -0.0865 0.6128 0.0945
-1.5000 0.4210 0.0138 0.0056 -0.0856 0.5962 0.0989
-1.2500 0.4458 0.0138 0.0055 -0.0848 0.5780 0.1042
-1.0000 0.4699 0.0137 0.0053 -0.0839 0.5601 0.1086
-0.7500 0.4938 0.0137 0.0052 -0.0830 0.5408 0.1126
-0.5000 0.5178 0.0137 0.0051 -0.0820 0.5209 0.1173
-0.2500 0.5408 0.0136 0.0050 -0.0810 0.5012 0.1223
0.0000 0.5640 0.0137 0.0050 -0.0799 0.4798 0.1288
0.2500 0.5866 0.0137 0.0050 -0.0789 0.4573 0.1369
0.5000 0.6087 0.0138 0.0050 -0.0777 0.4338 0.1472
0.7500 0.6306 0.0139 0.0050 -0.0766 0.4119 0.1623
1.0000 0.6526 0.0140 0.0050 -0.0755 0.3899 0.1775
1.2500 0.6665 0.0128 0.0051 -0.0736 0.3750 0.6338
1.5000 0.6816 0.0125 0.0055 -0.0699 0.3614 0.9052
1.7500 0.7504 0.0130 0.0059 -0.0782 0.3441 0.9951
2.0000 0.7782 0.0134 0.0061 -0.0784 0.3351 1.0000
2.2500 0.7957 0.0136 0.0063 -0.0765 0.3286 1.0000
2.5000 0.8153 0.0139 0.0064 -0.0749 0.3227 1.0000
2.7500 0.8349 0.0142 0.0066 -0.0733 0.3177 1.0000
3.0000 0.8559 0.0144 0.0068 -0.0721 0.3133 1.0000
3.2500 0.8778 0.0147 0.0070 -0.0710 0.3091 1.0000
3.5000 0.8996 0.0150 0.0072 -0.0699 0.3056 1.0000
3.7500 0.9223 0.0153 0.0075 -0.0690 0.3024 1.0000
4.0000 0.9454 0.0156 0.0077 -0.0682 0.2992 1.0000
4.2500 0.9684 0.0159 0.0079 -0.0674 0.2962 1.0000
4.5000 0.9920 0.0163 0.0082 -0.0668 0.2933 1.0000
4.7500 1.0157 0.0166 0.0085 -0.0661 0.2907 1.0000
5.0000 1.0391 0.0169 0.0088 -0.0654 0.2881 1.0000
