-5.0000 0.0000 0.0231 0.0163 -0.1540 0.8300 0.2129
-4.7500 0.0350 0.0229 0.0161 -0.1552 0.8284 0.2225
-4.5000 0.0700 0.0227 0.0159 -0.1564 0.8268 0.2321
-4.2500 0.1050 0.0225 0.0157 -0.1576 0.8252 0.2417
-4.0000 0.1414 0.0221 0.0154 -0.1592 0.8240 0.2512
-3.7500 0.1779 0.0217 0.0150 -0.1607 0.8229 0.2614
-3.5000 0.2155 0.0213 0.0146 -0.1624 0.8220 0.2718
-3.2500 0.2545 0.0208 0.0141 -0.1643 0.8213 0.2828
-3.0000 0.2945 0.0202 0.0136 -0.1662 0.8208 0.2945
-2.7500 0.3355 0.0196 0.0130 -0.1684 0.8204 0.3064
-2.5000 0.3777 0.0190 0.0124 -0.1708 0.8199 0.3187
-2.2500 0.4209 0.0184 0.0118 -0.1735 0.8195 0.3314
-2.0000 0.4649 0.0178 0.0113 -0.1764 0.8190 0.3439
-1.7500 0.4921 0.0176 0.0112 -0.1762 0.8148 0.3549
-1.5000 0.5194 0.0175 0.0111 -0.1759 0.8106 0.3660
-1.2500 0.5466 0.0174 0.0109 -0.1757 0.8064 0.3770
-1.0000 0.5739 0.0172 0.0108 -0.1754 0.8022 0.3881
-0.7500 0.6189 0.0166 0.0102 -0.1785 0.8013 0.4024
-0.5000 0.6678 0.0160 0.0097 -0.1823 0.8004 0.4167
-0.2500 0.6829 0.0161 0.0098 -0.1797 0.7930 0.4263
0.0000 0.6980 0.0161 0.0099 -0.1771 0.7856 0.4358
0.2500 0.7443 0.0155 0.0092 -0.1803 0.7836 0.4498
0.5000 0.7941 0.0149 0.0086 -0.1843 0.7816 0.4643
0.7500 0.8123 0.0149 0.0087 -0.1822 0.7740 0.4756
1.0000 0.8304 0.0149 0.0088 -0.1802 0.7664 0.4869
1.2500 0.8750 0.0144 0.0083 -0.1832 0.7627 0.5020
1.5000 0.8849 0.0146 0.0086 -0.1795 0.7523 0.5126
1.7500 0.9176 0.0143 0.0083 -0.1802 0.7451 0.5263
2.0000 0.9443 0.0142 0.0082 -0.1798 0.7367 0.5385
2.2500 0.9667 0.0142 0.0082 -0.1785 0.7270 0.5500
2.5000 1.0012 0.0140 0.0080 -0.1796 0.7193 0.5637
2.7500 1.0158 0.0143 0.0083 -0.1770 0.7066 0.5761
3.0000 1.0393 0.0143 0.0084 -0.1760 0.6956 0.5887
3.2500 1.0680 0.0143 0.0083 -0.1760 0.6845 0.6016
3.5000 1.0835 0.0146 0.0086 -0.1736 0.6701 0.6132
3.7500 1.1065 0.0147 0.0087 -0.1726 0.6566 0.6257
4.0000 1.1306 0.0148 0.0088 -0.1718 0.6430 0.6368
4.2500 1.1465 0.0152 0.0091 -0.1695 0.6279 0.6483
4.5000 1.1671 0.0155 0.0093 -0.1682 0.6142 0.6615
4.7500 1.1883 0.0157 0.0095 -0.1669 0.6007 0.6738
5.0000 1.2037 0.0161 0.0099 -0.1647 0.5867 0.6865
