-5.0000 -0.3464 0.0131 0.0065 -0.0532 0.9234 0.2938
-4.7500 -0.3173 0.0127 0.0062 -0.0533 0.9173 0.3083
-4.5000 -0.2880 0.0124 0.0060 -0.0534 0.9108 0.3233
-4.2500 -0.2596 0.0122 0.0057 -0.0533 0.9038 0.3404
-4.0000 -0.2304 0.0119 0.0055 -0.0533 0.8970 0.3578
-3.7500 -0.2042 0.0117 0.0053 -0.0527 0.8879 0.3745
-3.5000 -0.1764 0.0114 0.0051 -0.0524 0.8798 0.3910
-3.2500 -0.1483 0.0112 0.0049 -0.0522 0.8718 0.4070
-3.0000 -0.1222 0.0110 0.0047 -0.0516 0.8621 0.4232
-2.7500 -0.0953 0.0108 0.0046 -0.0512 0.8527 0.4412
-2.5000 -0.0677 0.0107 0.0045 -0.0508 0.8436 0.4596
-2.2500 -0.0412 0.0105 0.0043 -0.0503 0.8331 0.4784
-2.0000 -0.0151 0.0104 0.0043 -0.0497 0.8213 0.4980
-1.7500 0.0115 0.0102 0.0042 -0.0491 0.8095 0.5166
-1.5000 0.0385 0.0101 0.0040 -0.0487 0.7982 0.5348
-1.2500 0.0654 0.0100 0.0040 -0.0483 0.7868 0.5538
-1.0000 0.0920 0.0099 0.0039 -0.0477 0.7750 0.5737
-0.7500 0.1188 0.0099 0.0039 -0.0473 0.7635 0.5946
-0.5000 0.1452 0.0098 0.0039 -0.0467 0.7514 0.6148
-0.2500 0.1716 0.0097 0.0038 -0.0462 0.7393 0.6351
0.0000 0.1979 0.0097 0.0038 -0.0456 0.7268 0.6568
0.2500 0.2241 0.0097 0.0038 -0.0450 0.7139 0.6795
0.5000 0.2499 0.0096 0.0039 -0.0442 0.7002 0.7032
0.7500 0.2755 0.0096 0.0039 -0.0435 0.6861 0.7271
1.0000 0.3009 0.0096 0.0039 -0.0426 0.6713 0.7500
1.2500 0.3263 0.0096 0.0040 -0.0418 0.6571 0.7740
1.5000 0.3514 0.0097 0.0040 -0.0409 0.6428 0.7985
1.7500 0.3765 0.0097 0.0041 -0.0400 0.6285 0.8224
2.0000 0.4016 0.0098 0.0042 -0.0390 0.6139 0.8447
2.2500 0.4266 0.0099 0.0043 -0.0380 0.5988 0.8663
2.5000 0.4517 0.0100 0.0044 -0.0370 0.5845 0.8879
2.7500 0.4773 0.0102 0.0046 -0.0361 0.5701 0.9087
3.0000 0.5063 0.0104 0.0047 -0.0360 0.5549 0.9249
3.2500 0.5366 0.0106 0.0049 -0.0361 0.5392 0.9407
3.5000 0.5715 0.0109 0.0051 -0.0373 0.5225 0.9533
3.7500 0.6093 0.0111 0.0053 -0.0393 0.5068 0.9632
4.0000 0.6514 0.0114 0.0054 -0.0422 0.4901 0.9697
4.2500 0.6873 0.0116 0.0056 -0.0439 0.4735 0.9787
4.5000 0.7317 0.0119 0.0059 -0.0475 0.4541 0.9831
4.7500 0.7735 0.0121 0.0060 -0.0506 0.4339 0.9889
5.0000 0.8135 0.0124 0.0062 -0.0534 0.4144 0.9951
