-5.0000 0.1031 0.0138 0.0065 -0.1378 0.8153 0.1349
-4.7500 0.1307 0.0135 0.0063 -0.1376 0.8073 0.1426
-4.5000 0.1603 0.0134 0.0060 -0.1378 0.8005 0.1508
-4.2500 0.1859 0.0132 0.0059 -0.1372 0.7912 0.1582
-4.0000 0.2136 0.0130 0.0057 -0.1370 0.7826 0.1667
-3.7500 0.2413 0.0129 0.0055 -0.1368 0.7739 0.1752
-3.5000 0.2704 0.0127 0.0053 -0.1369 0.7659 0.1843
-3.2500 0.2958 0.0125 0.0052 -0.1363 0.7556 0.1938
-3.0000 0.3231 0.0124 0.0050 -0.1361 0.7459 0.2049
-2.7500 0.3504 0.0123 0.0049 -0.1358 0.7361 0.2159
-2.5000 0.3787 0.0122 0.0048 -0.1357 0.7271 0.2287
-2.2500 0.4044 0.0122 0.0047 -0.1352 0.7164 0.2421
-2.0000 0.4320 0.0121 0.0047 -0.1350 0.7074 0.2563
-1.7500 0.4583 0.0120 0.0046 -0.1346 0.6972 0.2704
-1.5000 0.4858 0.0120 0.0046 -0.1345 0.6883 0.2859
-1.2500 0.5118 0.0120 0.0046 -0.1340 0.6780 0.3022
-1.0000 0.5392 0.0120 0.0045 -0.1338 0.6689 0.3206
-0.7500 0.5646 0.0119 0.0045 -0.1333 0.6585 0.3399
-0.5000 0.5918 0.0119 0.0045 -0.1331 0.6498 0.3639
-0.2500 0.6170 0.0118 0.0045 -0.1326 0.6403 0.3928
0.0000 0.6435 0.0117 0.0046 -0.1324 0.6321 0.4367
0.2500 0.6677 0.0115 0.0047 -0.1317 0.6233 0.5258
0.5000 0.6911 0.0113 0.0048 -0.1307 0.6149 0.6449
0.7500 0.7127 0.0111 0.0049 -0.1291 0.6076 0.7655
1.0000 0.7332 0.0110 0.0051 -0.1267 0.6000 0.8981
1.2500 0.7897 0.0111 0.0052 -0.1325 0.5919 0.9985
1.5000 0.8139 0.0112 0.0053 -0.1319 0.5845 1.0000
1.7500 0.8375 0.0114 0.0053 -0.1310 0.5770 1.0000
2.0000 0.8635 0.0116 0.0054 -0.1307 0.5706 1.0000
2.2500 0.8879 0.0118 0.0056 -0.1300 0.5643 1.0000
2.5000 0.9122 0.0119 0.0057 -0.1293 0.5577 1.0000
2.7500 0.9381 0.0121 0.0058 -0.1290 0.5517 1.0000
3.0000 0.9640 0.0123 0.0059 -0.1287 0.5459 1.0000
3.2500 0.9877 0.0125 0.0061 -0.1279 0.5395 1.0000
3.5000 1.0127 0.0127 0.0062 -0.1274 0.5335 1.0000
3.7500 1.0403 0.0129 0.0064 -0.1274 0.5279 1.0000
4.0000 1.0636 0.0131 0.0066 -0.1266 0.5226 1.0000
4.2500 1.0880 0.0133 0.0067 -0.1260 0.5172 1.0000
4.5000 1.1135 0.0135 0.0069 -0.1256 0.5116 1.0000
4.7500 1.1392 0.0138 0.0071 -0.1253 0.5058 1.0000
5.0000 1.1616 0.0140 0.0073 -0.1243 0.4999 1.0000
