-5.0000 0.1039 0.0138 0.0065 -0.1372 0.8074 0.1416
-4.7500 0.1337 0.0135 0.0062 -0.1375 0.8008 0.1489
-4.5000 0.1593 0.0135 0.0061 -0.1368 0.7915 0.1568
-4.2500 0.1888 0.0132 0.0058 -0.1371 0.7846 0.1657
-4.0000 0.2138 0.0131 0.0057 -0.1364 0.7749 0.1745
-3.7500 0.2435 0.0129 0.0055 -0.1365 0.7672 0.1843
-3.5000 0.2687 0.0128 0.0054 -0.1359 0.7571 0.1937
-3.2500 0.2969 0.0126 0.0052 -0.1358 0.7486 0.2041
-3.0000 0.3237 0.0125 0.0051 -0.1355 0.7391 0.2147
-2.7500 0.3505 0.0124 0.0050 -0.1351 0.7296 0.2253
-2.5000 0.3777 0.0123 0.0049 -0.1349 0.7202 0.2369
-2.2500 0.4038 0.0123 0.0048 -0.1344 0.7097 0.2490
-2.0000 0.4309 0.0122 0.0047 -0.1341 0.7001 0.2622
-1.7500 0.4576 0.0122 0.0047 -0.1338 0.6902 0.2761
-1.5000 0.4835 0.0121 0.0046 -0.1333 0.6800 0.2911
-1.2500 0.5103 0.0121 0.0046 -0.1330 0.6708 0.3078
-1.0000 0.5366 0.0121 0.0046 -0.1326 0.6611 0.3259
-0.7500 0.5625 0.0121 0.0046 -0.1322 0.6513 0.3453
-0.5000 0.5891 0.0120 0.0046 -0.1319 0.6424 0.3681
-0.2500 0.6143 0.0120 0.0046 -0.1314 0.6332 0.3951
0.0000 0.6403 0.0119 0.0046 -0.1310 0.6251 0.4375
0.2500 0.6647 0.0117 0.0048 -0.1304 0.6170 0.5170
0.5000 0.6883 0.0115 0.0049 -0.1295 0.6090 0.6251
0.7500 0.7110 0.0114 0.0050 -0.1282 0.6017 0.7302
1.0000 0.7299 0.0112 0.0052 -0.1258 0.5939 0.8384
1.2500 0.7675 0.0113 0.0053 -0.1272 0.5865 0.9546
1.5000 0.8152 0.0114 0.0054 -0.1314 0.5788 1.0000
1.7500 0.8381 0.0116 0.0055 -0.1305 0.5721 1.0000
2.0000 0.8635 0.0118 0.0056 -0.1300 0.5659 1.0000
2.2500 0.8870 0.0119 0.0057 -0.1292 0.5596 1.0000
2.5000 0.9106 0.0121 0.0058 -0.1284 0.5531 1.0000
2.7500 0.9359 0.0123 0.0059 -0.1279 0.5471 1.0000
3.0000 0.9613 0.0125 0.0061 -0.1275 0.5415 1.0000
3.2500 0.9852 0.0126 0.0062 -0.1268 0.5359 1.0000
3.5000 1.0102 0.0128 0.0064 -0.1262 0.5307 1.0000
3.7500 1.0374 0.0131 0.0065 -0.1262 0.5256 1.0000
4.0000 1.0621 0.0133 0.0067 -0.1257 0.5206 1.0000
4.2500 1.0851 0.0135 0.0069 -0.1248 0.5147 1.0000
4.5000 1.1094 0.0137 0.0071 -0.1242 0.5088 1.0000
4.7500 1.1363 0.0140 0.0073 -0.1241 0.5032 1.0000
5.0000 1.1577 0.0141 0.0075 -0.1229 0.4977 1.0000
