-5.0000 0.1797 0.0146 0.0076 -0.1726 0.8515 0.1400
-4.7500 0.2138 0.0143 0.0073 -0.1738 0.8484 0.1525
-4.5000 0.2492 0.0140 0.0070 -0.1752 0.8457 0.1643
-4.2500 0.2710 0.0139 0.0070 -0.1740 0.8391 0.1739
-4.0000 0.2991 0.0137 0.0068 -0.1740 0.8342 0.1848
-3.7500 0.3314 0.0135 0.0065 -0.1748 0.8306 0.1968
-3.5000 0.3653 0.0132 0.0063 -0.1759 0.8275 0.2098
-3.2500 0.3901 0.0132 0.0063 -0.1753 0.8218 0.2217
-3.0000 0.4175 0.0130 0.0062 -0.1751 0.8161 0.2345
-2.7500 0.4495 0.0128 0.0059 -0.1758 0.8118 0.2486
-2.5000 0.4835 0.0126 0.0057 -0.1770 0.8081 0.2638
-2.2500 0.5059 0.0126 0.0058 -0.1758 0.8012 0.2773
-2.0000 0.5350 0.0125 0.0057 -0.1760 0.7960 0.2927
-1.7500 0.5673 0.0124 0.0056 -0.1768 0.7919 0.3086
-1.5000 0.5949 0.0123 0.0056 -0.1767 0.7865 0.3244
-1.2500 0.6211 0.0123 0.0056 -0.1763 0.7800 0.3407
-1.0000 0.6520 0.0122 0.0054 -0.1768 0.7750 0.3584
-0.7500 0.6816 0.0121 0.0054 -0.1771 0.7698 0.3763
-0.5000 0.7062 0.0121 0.0055 -0.1763 0.7627 0.3936
-0.2500 0.7362 0.0120 0.0054 -0.1767 0.7571 0.4136
0.0000 0.7647 0.0120 0.0054 -0.1767 0.7513 0.4349
0.2500 0.7903 0.0120 0.0054 -0.1762 0.7442 0.4555
0.5000 0.8207 0.0119 0.0054 -0.1766 0.7384 0.4793
0.7500 0.8464 0.0119 0.0055 -0.1761 0.7313 0.5029
1.0000 0.8722 0.0119 0.0055 -0.1756 0.7239 0.5296
1.2500 0.9030 0.0118 0.0055 -0.1761 0.7180 0.5616
1.5000 0.9251 0.0118 0.0056 -0.1749 0.7101 0.5960
1.7500 0.9515 0.0117 0.0057 -0.1745 0.7031 0.6401
2.0000 0.9786 0.0116 0.0057 -0.1742 0.6968 0.7047
2.2500 0.9932 0.0113 0.0059 -0.1710 0.6890 0.8502
2.5000 1.0263 0.0112 0.0058 -0.1719 0.6822 1.0000
2.7500 1.0523 0.0114 0.0060 -0.1716 0.6750 1.0000
3.0000 1.0768 0.0115 0.0060 -0.1709 0.6672 1.0000
3.2500 1.1074 0.0117 0.0061 -0.1714 0.6601 1.0000
3.5000 1.1274 0.0118 0.0063 -0.1698 0.6509 1.0000
3.7500 1.1537 0.0120 0.0063 -0.1695 0.6428 1.0000
4.0000 1.1768 0.0122 0.0065 -0.1685 0.6342 1.0000
4.2500 1.1997 0.0123 0.0066 -0.1675 0.6245 1.0000
4.5000 1.2221 0.0125 0.0067 -0.1664 0.6149 1.0000
4.7500 1.2436 0.0127 0.0069 -0.1651 0.6048 1.0000
5.0000 1.2654 0.0129 0.0071 -0.1639 0.5953 1.0000
