-5.0000 -0.1513 0.0135 0.0062 -0.0735 0.9083 0.0553
-4.7500 -0.1215 0.0132 0.0058 -0.0736 0.9011 0.0599
-4.5000 -0.0954 0.0129 0.0056 -0.0730 0.8902 0.0660
-4.2500 -0.0666 0.0127 0.0053 -0.0729 0.8816 0.0710
-4.0000 -0.0407 0.0124 0.0051 -0.0722 0.8697 0.0760
-3.7500 -0.0136 0.0122 0.0048 -0.0718 0.8585 0.0822
-3.5000 0.0140 0.0120 0.0046 -0.0714 0.8472 0.0894
-3.2500 0.0402 0.0118 0.0044 -0.0708 0.8335 0.0979
-3.0000 0.0671 0.0116 0.0043 -0.0704 0.8207 0.1073
-2.7500 0.0943 0.0114 0.0041 -0.0700 0.8080 0.1184
-2.5000 0.1208 0.0113 0.0039 -0.0695 0.7932 0.1316
-2.2500 0.1475 0.0111 0.0038 -0.0691 0.7786 0.1508
-2.0000 0.1739 0.0110 0.0037 -0.0687 0.7639 0.1796
-1.7500 0.1997 0.0107 0.0036 -0.0682 0.7477 0.2129
-1.5000 0.2218 0.0099 0.0033 -0.0673 0.7316 0.3632
-1.2500 0.2407 0.0092 0.0033 -0.0656 0.7139 0.5931
-1.0000 0.2626 0.0089 0.0033 -0.0639 0.6959 0.6955
-0.7500 0.2852 0.0087 0.0034 -0.0623 0.6783 0.7728
-0.5000 0.3082 0.0087 0.0034 -0.0605 0.6593 0.8353
-0.2500 0.3330 0.0088 0.0035 -0.0591 0.6403 0.8865
0.0000 0.3617 0.0089 0.0036 -0.0586 0.6191 0.9256
0.2500 0.3972 0.0091 0.0037 -0.0597 0.5969 0.9502
0.5000 0.4350 0.0094 0.0037 -0.0616 0.5742 0.9671
0.7500 0.4797 0.0096 0.0038 -0.0650 0.5484 0.9791
1.0000 0.5254 0.0098 0.0038 -0.0687 0.5219 0.9901
1.2500 0.5753 0.0101 0.0039 -0.0734 0.4951 0.9988
1.5000 0.6002 0.0103 0.0039 -0.0731 0.4754 1.0000
1.7500 0.6208 0.0105 0.0040 -0.0718 0.4589 1.0000
2.0000 0.6418 0.0106 0.0040 -0.0706 0.4449 1.0000
2.2500 0.6625 0.0109 0.0042 -0.0693 0.4328 1.0000
2.5000 0.6843 0.0111 0.0043 -0.0681 0.4219 1.0000
2.7500 0.7057 0.0113 0.0044 -0.0669 0.4127 1.0000
3.0000 0.7284 0.0115 0.0045 -0.0659 0.4043 1.0000
3.2500 0.7506 0.0117 0.0047 -0.0649 0.3969 1.0000
3.5000 0.7736 0.0120 0.0049 -0.0640 0.3905 1.0000
3.7500 0.7969 0.0121 0.0050 -0.0631 0.3844 1.0000
4.0000 0.8201 0.0124 0.0052 -0.0622 0.3788 1.0000
4.2500 0.8440 0.0127 0.0055 -0.0615 0.3736 1.0000
4.5000 0.8682 0.0129 0.0057 -0.0608 0.3684 1.0000
4.7500 0.8924 0.0131 0.0059 -0.0601 0.3633 1.0000
5.0000 0.9168 0.0134 0.0061 -0.0595 0.3582 1.0000
