-5.0000 -0.5318 0.0113 0.0049 -0.0085 0.9793 0.2175
-4.7500 -0.4941 0.0109 0.0047 -0.0108 0.9760 0.2462
-4.5000 -0.4634 0.0106 0.0045 -0.0114 0.9693 0.2718
-4.2500 -0.4274 0.0103 0.0043 -0.0132 0.9645 0.2988
-4.0000 -0.3897 0.0100 0.0041 -0.0154 0.9607 0.3279
-3.7500 -0.3518 0.0096 0.0039 -0.0175 0.9568 0.3590
-3.5000 -0.3205 0.0093 0.0037 -0.0182 0.9498 0.3909
-3.2500 -0.2902 0.0090 0.0035 -0.0186 0.9414 0.4267
-3.0000 -0.2576 0.0087 0.0033 -0.0194 0.9346 0.4618
-2.7500 -0.2326 0.0084 0.0032 -0.0185 0.9219 0.4915
-2.5000 -0.2046 0.0082 0.0031 -0.0183 0.9120 0.5228
-2.2500 -0.1784 0.0080 0.0029 -0.0176 0.8996 0.5504
-2.0000 -0.1523 0.0078 0.0029 -0.0170 0.8864 0.5773
-1.7500 -0.1256 0.0077 0.0027 -0.0163 0.8731 0.6065
-1.5000 -0.0998 0.0076 0.0027 -0.0156 0.8581 0.6337
-1.2500 -0.0741 0.0074 0.0026 -0.0148 0.8414 0.6602
-1.0000 -0.0482 0.0073 0.0025 -0.0140 0.8247 0.6886
-0.7500 -0.0225 0.0073 0.0025 -0.0132 0.8060 0.7137
-0.5000 0.0036 0.0072 0.0025 -0.0125 0.7888 0.7369
-0.2500 0.0296 0.0072 0.0025 -0.0117 0.7698 0.7619
0.0000 0.0553 0.0072 0.0025 -0.0109 0.7494 0.7851
0.2500 0.0811 0.0072 0.0025 -0.0101 0.7288 0.8070
0.5000 0.1069 0.0073 0.0025 -0.0093 0.7072 0.8284
0.7500 0.1326 0.0073 0.0026 -0.0085 0.6862 0.8487
1.0000 0.1585 0.0074 0.0026 -0.0077 0.6635 0.8670
1.2500 0.1847 0.0075 0.0027 -0.0070 0.6414 0.8836
1.5000 0.2107 0.0077 0.0028 -0.0062 0.6214 0.9004
1.7500 0.2378 0.0078 0.0029 -0.0057 0.6002 0.9151
2.0000 0.2655 0.0080 0.0030 -0.0053 0.5799 0.9285
2.2500 0.2951 0.0082 0.0031 -0.0053 0.5586 0.9399
2.5000 0.3268 0.0084 0.0032 -0.0059 0.5359 0.9491
2.7500 0.3570 0.0086 0.0034 -0.0062 0.5121 0.9592
3.0000 0.3967 0.0089 0.0035 -0.0086 0.4882 0.9640
3.2500 0.4367 0.0091 0.0037 -0.0111 0.4670 0.9693
3.5000 0.4713 0.0094 0.0038 -0.0125 0.4464 0.9762
3.7500 0.5102 0.0095 0.0039 -0.0150 0.4241 0.9804
4.0000 0.5513 0.0098 0.0041 -0.0179 0.3980 0.9841
4.2500 0.5904 0.0100 0.0042 -0.0204 0.3707 0.9883
4.5000 0.6271 0.0102 0.0043 -0.0225 0.3443 0.9926
4.7500 0.6637 0.0105 0.0045 -0.0246 0.3177 0.9967
5.0000 0.7007 0.0108 0.0046 -0.0267 0.2920 0.9999
