-5.0000 -0.3128 0.0136 0.0065 -0.0468 0.9418 0.1428
-4.7500 -0.2854 0.0132 0.0061 -0.0465 0.9322 0.1555
-4.5000 -0.2522 0.0127 0.0057 -0.0473 0.9249 0.1712
-4.2500 -0.2259 0.0123 0.0054 -0.0468 0.9139 0.1876
-4.0000 -0.1968 0.0118 0.0050 -0.0467 0.9050 0.2088
-3.7500 -0.1727 0.0114 0.0047 -0.0458 0.8932 0.2356
-3.5000 -0.1475 0.0108 0.0044 -0.0452 0.8838 0.2892
-3.2500 -0.1263 0.0102 0.0042 -0.0439 0.8707 0.3869
-3.0000 -0.1029 0.0098 0.0040 -0.0428 0.8579 0.4603
-2.7500 -0.0779 0.0095 0.0039 -0.0419 0.8452 0.5101
-2.5000 -0.0525 0.0093 0.0038 -0.0411 0.8323 0.5525
-2.2500 -0.0269 0.0092 0.0037 -0.0402 0.8185 0.5899
-2.0000 -0.0011 0.0090 0.0036 -0.0394 0.8042 0.6204
-1.7500 0.0247 0.0089 0.0035 -0.0386 0.7888 0.6488
-1.5000 0.0503 0.0089 0.0034 -0.0377 0.7726 0.6783
-1.2500 0.0759 0.0088 0.0034 -0.0368 0.7565 0.7078
-1.0000 0.1015 0.0087 0.0034 -0.0359 0.7398 0.7356
-0.7500 0.1271 0.0087 0.0034 -0.0350 0.7224 0.7614
-0.5000 0.1525 0.0087 0.0034 -0.0341 0.7044 0.7883
-0.2500 0.1778 0.0088 0.0034 -0.0331 0.6867 0.8149
0.0000 0.2031 0.0088 0.0035 -0.0321 0.6687 0.8402
0.2500 0.2286 0.0089 0.0036 -0.0311 0.6498 0.8622
0.5000 0.2544 0.0091 0.0036 -0.0301 0.6311 0.8834
0.7500 0.2804 0.0092 0.0038 -0.0292 0.6107 0.9053
1.0000 0.3077 0.0094 0.0039 -0.0285 0.5908 0.9242
1.2500 0.3390 0.0097 0.0040 -0.0288 0.5716 0.9382
1.5000 0.3746 0.0099 0.0042 -0.0301 0.5517 0.9491
1.7500 0.4092 0.0102 0.0043 -0.0312 0.5313 0.9602
2.0000 0.4527 0.0104 0.0044 -0.0345 0.5109 0.9649
2.2500 0.4932 0.0107 0.0045 -0.0372 0.4902 0.9708
2.5000 0.5275 0.0109 0.0047 -0.0385 0.4718 0.9794
2.7500 0.5720 0.0111 0.0047 -0.0422 0.4531 0.9834
3.0000 0.6149 0.0113 0.0048 -0.0455 0.4364 0.9887
3.2500 0.6557 0.0115 0.0049 -0.0484 0.4221 0.9945
3.5000 0.6957 0.0117 0.0050 -0.0511 0.4092 0.9993
3.7500 0.7203 0.0119 0.0051 -0.0508 0.3993 1.0000
4.0000 0.7409 0.0120 0.0052 -0.0496 0.3907 1.0000
4.2500 0.7612 0.0122 0.0053 -0.0483 0.3817 1.0000
4.5000 0.7817 0.0123 0.0055 -0.0470 0.3730 1.0000
4.7500 0.8017 0.0126 0.0057 -0.0457 0.3658 1.0000
5.0000 0.8226 0.0127 0.0059 -0.0444 0.3584 1.0000
