-5.0000 -0.2954 0.0131 0.0063 -0.0426 0.7739 0.3847
-4.7500 -0.2722 0.0129 0.0062 -0.0415 0.7630 0.4001
-4.5000 -0.2484 0.0128 0.0060 -0.0405 0.7515 0.4141
-4.2500 -0.2246 0.0127 0.0059 -0.0395 0.7401 0.4281
-4.0000 -0.2005 0.0126 0.0059 -0.0386 0.7291 0.4419
-3.7500 -0.1756 0.0126 0.0057 -0.0378 0.7185 0.4557
-3.5000 -0.1519 0.0125 0.0057 -0.0368 0.7064 0.4678
-3.2500 -0.1269 0.0124 0.0056 -0.0360 0.6954 0.4789
-3.0000 -0.1024 0.0124 0.0056 -0.0352 0.6830 0.4901
-2.7500 -0.0776 0.0123 0.0055 -0.0344 0.6717 0.5014
-2.5000 -0.0525 0.0123 0.0054 -0.0337 0.6602 0.5117
-2.2500 -0.0275 0.0123 0.0054 -0.0329 0.6486 0.5229
-2.0000 -0.0021 0.0123 0.0053 -0.0322 0.6379 0.5331
-1.7500 0.0226 0.0123 0.0053 -0.0314 0.6268 0.5450
-1.5000 0.0474 0.0123 0.0053 -0.0307 0.6157 0.5568
-1.2500 0.0721 0.0123 0.0053 -0.0299 0.6041 0.5689
-1.0000 0.0968 0.0123 0.0053 -0.0291 0.5926 0.5800
-0.7500 0.1216 0.0123 0.0053 -0.0283 0.5815 0.5917
-0.5000 0.1459 0.0123 0.0053 -0.0274 0.5698 0.6034
-0.2500 0.1705 0.0123 0.0053 -0.0266 0.5586 0.6155
0.0000 0.1950 0.0124 0.0054 -0.0258 0.5481 0.6285
0.2500 0.2192 0.0124 0.0054 -0.0250 0.5372 0.6411
0.5000 0.2437 0.0125 0.0055 -0.0242 0.5273 0.6541
0.7500 0.2679 0.0125 0.0055 -0.0233 0.5167 0.6667
1.0000 0.2919 0.0126 0.0056 -0.0224 0.5067 0.6814
1.2500 0.3158 0.0127 0.0057 -0.0215 0.4966 0.6948
1.5000 0.3398 0.0127 0.0058 -0.0206 0.4869 0.7085
1.7500 0.3636 0.0129 0.0058 -0.0197 0.4779 0.7226
2.0000 0.3873 0.0129 0.0060 -0.0188 0.4680 0.7354
2.2500 0.4110 0.0131 0.0061 -0.0179 0.4589 0.7494
2.5000 0.4340 0.0132 0.0062 -0.0168 0.4494 0.7641
2.7500 0.4569 0.0133 0.0063 -0.0158 0.4409 0.7792
3.0000 0.4799 0.0134 0.0065 -0.0147 0.4323 0.7943
3.2500 0.5029 0.0136 0.0067 -0.0136 0.4244 0.8085
3.5000 0.5258 0.0138 0.0069 -0.0125 0.4165 0.8225
3.7500 0.5481 0.0139 0.0071 -0.0113 0.4088 0.8366
4.0000 0.5711 0.0142 0.0073 -0.0103 0.4021 0.8509
4.2500 0.5926 0.0143 0.0075 -0.0089 0.3955 0.8659
4.5000 0.6144 0.0146 0.0077 -0.0076 0.3893 0.8804
4.7500 0.6388 0.0149 0.0080 -0.0068 0.3834 0.8931
5.0000 0.6600 0.0151 0.0083 -0.0053 0.3779 0.9062
