-5.0000 -0.7021 0.0241 0.0156 0.0156 0.9753 0.4083
-4.7500 -0.6595 0.0240 0.0156 0.0124 0.9661 0.4277
-4.5000 -0.6152 0.0239 0.0155 0.0089 0.9564 0.4476
-4.2500 -0.5778 0.0237 0.0154 0.0069 0.9454 0.4661
-4.0000 -0.5305 0.0236 0.0153 0.0031 0.9383 0.4870
-3.7500 -0.4991 0.0234 0.0153 0.0023 0.9268 0.5046
-3.5000 -0.4628 0.0233 0.0153 0.0008 0.9168 0.5236
-3.2500 -0.4173 0.0231 0.0152 -0.0023 0.9090 0.5449
-3.0000 -0.3845 0.0230 0.0151 -0.0030 0.8970 0.5645
-2.7500 -0.3428 0.0227 0.0149 -0.0053 0.8883 0.5853
-2.5000 -0.3013 0.0225 0.0149 -0.0073 0.8796 0.6047
-2.2500 -0.2665 0.0224 0.0148 -0.0081 0.8691 0.6242
-2.0000 -0.2219 0.0220 0.0145 -0.0103 0.8623 0.6462
-1.7500 -0.1918 0.0218 0.0144 -0.0100 0.8500 0.6652
-1.5000 -0.1567 0.0216 0.0142 -0.0104 0.8397 0.6834
-1.2500 -0.1169 0.0213 0.0140 -0.0115 0.8316 0.7022
-1.0000 -0.0888 0.0212 0.0139 -0.0107 0.8190 0.7201
-0.7500 -0.0568 0.0210 0.0138 -0.0104 0.8075 0.7378
-0.5000 -0.0174 0.0208 0.0136 -0.0110 0.7987 0.7555
-0.2500 0.0107 0.0208 0.0137 -0.0099 0.7848 0.7724
0.0000 0.0392 0.0208 0.0137 -0.0089 0.7714 0.7893
0.2500 0.0776 0.0209 0.0138 -0.0094 0.7602 0.8028
0.5000 0.1150 0.0210 0.0139 -0.0097 0.7476 0.8166
0.7500 0.1456 0.0212 0.0140 -0.0091 0.7327 0.8317
1.0000 0.1741 0.0213 0.0141 -0.0083 0.7185 0.8477
1.2500 0.2216 0.0216 0.0143 -0.0107 0.7045 0.8554
1.5000 0.2549 0.0216 0.0142 -0.0109 0.6923 0.8698
1.7500 0.3033 0.0219 0.0144 -0.0137 0.6759 0.8775
2.0000 0.3368 0.0220 0.0145 -0.0142 0.6601 0.8915
2.2500 0.3914 0.0222 0.0146 -0.0185 0.6432 0.8991
2.5000 0.4266 0.0223 0.0147 -0.0195 0.6275 0.9123
2.7500 0.4768 0.0224 0.0147 -0.0234 0.6099 0.9202
3.0000 0.5114 0.0225 0.0147 -0.0246 0.5936 0.9331
3.2500 0.5603 0.0225 0.0147 -0.0285 0.5760 0.9422
3.5000 0.5985 0.0226 0.0147 -0.0306 0.5592 0.9541
3.7500 0.6443 0.0226 0.0147 -0.0342 0.5413 0.9644
4.0000 0.6881 0.0226 0.0146 -0.0375 0.5235 0.9749
4.2500 0.7344 0.0226 0.0146 -0.0414 0.5058 0.9856
4.5000 0.7826 0.0225 0.0144 -0.0458 0.4875 0.9949
4.7500 0.8170 0.0225 0.0143 -0.0476 0.4716 1.0000
5.0000 0.8346 0.0226 0.0142 -0.0463 0.4589 1.0000
