-5.0000 -0.3835 0.0373 0.0284 -0.0686 0.8503 0.3001
-4.7500 -0.3438 0.0370 0.0280 -0.0708 0.8457 0.3127
-4.5000 -0.2977 0.0369 0.0280 -0.0737 0.8427 0.3241
-4.2500 -0.2991 0.0371 0.0281 -0.0696 0.8301 0.3311
-4.0000 -0.2614 0.0369 0.0281 -0.0712 0.8251 0.3426
-3.7500 -0.2165 0.0366 0.0278 -0.0738 0.8219 0.3555
-3.5000 -0.2140 0.0371 0.0282 -0.0704 0.8098 0.3638
-3.2500 -0.1783 0.0368 0.0280 -0.0716 0.8045 0.3753
-3.0000 -0.1353 0.0365 0.0276 -0.0739 0.8013 0.3900
-2.7500 -0.1151 0.0367 0.0278 -0.0729 0.7927 0.4010
-2.5000 -0.0949 0.0369 0.0281 -0.0720 0.7841 0.4120
-2.2500 -0.0509 0.0363 0.0275 -0.0742 0.7806 0.4281
-2.0000 -0.0227 0.0363 0.0275 -0.0742 0.7737 0.4415
-1.7500 0.0056 0.0362 0.0275 -0.0742 0.7668 0.4550
-1.5000 0.0338 0.0362 0.0275 -0.0742 0.7599 0.4684
-1.2500 0.0741 0.0357 0.0271 -0.0758 0.7566 0.4848
-1.0000 0.0943 0.0360 0.0274 -0.0748 0.7480 0.4978
-0.7500 0.1146 0.0362 0.0277 -0.0737 0.7393 0.5108
-0.5000 0.1612 0.0353 0.0268 -0.0759 0.7372 0.5296
-0.2500 0.1889 0.0352 0.0267 -0.0756 0.7303 0.5459
0.0000 0.2166 0.0350 0.0267 -0.0752 0.7235 0.5621
0.2500 0.2443 0.0349 0.0266 -0.0749 0.7166 0.5784
0.5000 0.2902 0.0338 0.0256 -0.0765 0.7151 0.5992
0.7500 0.2980 0.0348 0.0267 -0.0741 0.7037 0.6156
1.0000 0.3058 0.0358 0.0278 -0.0716 0.6923 0.6319
1.2500 0.3136 0.0368 0.0289 -0.0692 0.6809 0.6483
1.5000 0.3540 0.0358 0.0280 -0.0699 0.6778 0.6748
1.7500 0.3985 0.0344 0.0267 -0.0708 0.6761 0.7038
2.0000 0.4445 0.0328 0.0253 -0.0717 0.6745 0.7340
2.2500 0.4941 0.0312 0.0238 -0.0732 0.6732 0.7692
2.5000 0.5114 0.0313 0.0241 -0.0707 0.6651 0.8158
2.7500 0.5286 0.0315 0.0243 -0.0681 0.6569 0.8623
3.0000 0.5459 0.0316 0.0246 -0.0656 0.6488 0.9089
3.2500 0.6713 0.0290 0.0220 -0.0800 0.6507 0.9651
3.5000 0.6626 0.0307 0.0236 -0.0768 0.6354 1.0000
3.7500 0.7407 0.0290 0.0217 -0.0844 0.6332 1.0000
4.0000 0.8255 0.0274 0.0200 -0.0933 0.6304 1.0000
4.2500 0.7640 0.0297 0.0223 -0.0796 0.6146 1.0000
4.5000 0.8466 0.0281 0.0205 -0.0878 0.6113 1.0000
4.7500 0.8105 0.0300 0.0225 -0.0781 0.5979 1.0000
5.0000 0.8816 0.0286 0.0209 -0.0843 0.5930 1.0000
