-5.0000 -0.5073 0.0194 0.0103 -0.0216 1.0000 0.1793
-4.7500 -0.4865 0.0190 0.0100 -0.0209 1.0000 0.2098
-4.5000 -0.4651 0.0186 0.0098 -0.0202 1.0000 0.2432
-4.2500 -0.4430 0.0182 0.0095 -0.0195 1.0000 0.2780
-4.0000 -0.4207 0.0178 0.0092 -0.0188 1.0000 0.3162
-3.7500 -0.3988 0.0175 0.0091 -0.0182 1.0000 0.3560
-3.5000 -0.3766 0.0172 0.0090 -0.0175 1.0000 0.3982
-3.2500 -0.3541 0.0170 0.0090 -0.0168 1.0000 0.4399
-3.0000 -0.3319 0.0168 0.0090 -0.0161 1.0000 0.4802
-2.7500 -0.3098 0.0167 0.0090 -0.0153 1.0000 0.5227
-2.5000 -0.2880 0.0166 0.0091 -0.0145 1.0000 0.5665
-2.2500 -0.2667 0.0165 0.0093 -0.0135 1.0000 0.6132
-2.0000 -0.2463 0.0165 0.0095 -0.0123 1.0000 0.6626
-1.7500 -0.2235 0.0165 0.0097 -0.0114 0.9987 0.7174
-1.5000 -0.1833 0.0167 0.0101 -0.0132 0.9906 0.7860
-1.2500 -0.1497 0.0169 0.0105 -0.0134 0.9814 0.8575
-1.0000 -0.0963 0.0172 0.0109 -0.0176 0.9748 0.9391
-0.7500 -0.0121 0.0176 0.0111 -0.0290 0.9698 0.9971
-0.5000 0.0387 0.0176 0.0109 -0.0347 0.9583 1.0000
-0.2500 0.0807 0.0176 0.0109 -0.0384 0.9454 1.0000
0.0000 0.1288 0.0177 0.0108 -0.0428 0.9352 1.0000
0.2500 0.1774 0.0176 0.0107 -0.0472 0.9248 1.0000
0.5000 0.2193 0.0176 0.0107 -0.0502 0.9125 1.0000
0.7500 0.2697 0.0174 0.0105 -0.0542 0.9021 1.0000
1.0000 0.3200 0.0171 0.0102 -0.0583 0.8916 1.0000
1.2500 0.3563 0.0169 0.0100 -0.0596 0.8777 1.0000
1.5000 0.3910 0.0167 0.0098 -0.0604 0.8636 1.0000
1.7500 0.4252 0.0165 0.0095 -0.0608 0.8487 1.0000
2.0000 0.4576 0.0161 0.0092 -0.0607 0.8324 1.0000
2.2500 0.4873 0.0158 0.0089 -0.0601 0.8150 1.0000
2.5000 0.5151 0.0156 0.0087 -0.0591 0.7968 1.0000
2.7500 0.5417 0.0155 0.0085 -0.0580 0.7781 1.0000
3.0000 0.5675 0.0154 0.0084 -0.0568 0.7585 1.0000
3.2500 0.5925 0.0153 0.0083 -0.0554 0.7370 1.0000
3.5000 0.6173 0.0153 0.0082 -0.0540 0.7143 1.0000
3.7500 0.6422 0.0153 0.0082 -0.0526 0.6912 1.0000
4.0000 0.6673 0.0153 0.0081 -0.0513 0.6670 1.0000
4.2500 0.6889 0.0155 0.0083 -0.0495 0.6375 1.0000
4.5000 0.7127 0.0156 0.0082 -0.0480 0.6096 1.0000
4.7500 0.7340 0.0158 0.0084 -0.0463 0.5783 1.0000
5.0000 0.7557 0.0160 0.0086 -0.0446 0.5462 1.0000
