-5.0000 -0.5683 0.0279 0.0193 -0.0185 0.9326 0.3784
-4.7500 -0.5449 0.0277 0.0190 -0.0180 0.9211 0.3914
-4.5000 -0.5008 0.0275 0.0189 -0.0212 0.9150 0.4090
-4.2500 -0.4772 0.0274 0.0189 -0.0205 0.9039 0.4223
-4.0000 -0.4351 0.0272 0.0188 -0.0231 0.8974 0.4388
-3.7500 -0.4092 0.0271 0.0187 -0.0229 0.8869 0.4533
-3.5000 -0.3703 0.0269 0.0184 -0.0249 0.8795 0.4707
-3.2500 -0.3383 0.0267 0.0184 -0.0255 0.8708 0.4864
-3.0000 -0.3062 0.0266 0.0184 -0.0262 0.8622 0.5020
-2.7500 -0.2580 0.0262 0.0181 -0.0294 0.8578 0.5210
-2.5000 -0.2400 0.0262 0.0181 -0.0276 0.8447 0.5356
-2.2500 -0.1927 0.0258 0.0177 -0.0305 0.8399 0.5550
-2.0000 -0.1613 0.0256 0.0176 -0.0307 0.8311 0.5722
-1.7500 -0.1298 0.0254 0.0175 -0.0310 0.8223 0.5893
-1.5000 -0.0813 0.0248 0.0169 -0.0337 0.8185 0.6092
-1.2500 -0.0650 0.0248 0.0170 -0.0315 0.8049 0.6255
-1.0000 -0.0220 0.0243 0.0166 -0.0331 0.7998 0.6450
-0.7500 0.0074 0.0241 0.0164 -0.0327 0.7906 0.6634
-0.5000 0.0368 0.0239 0.0163 -0.0323 0.7814 0.6818
-0.2500 0.0816 0.0232 0.0158 -0.0339 0.7767 0.7026
0.0000 0.0990 0.0234 0.0160 -0.0315 0.7632 0.7211
0.2500 0.1410 0.0228 0.0154 -0.0325 0.7570 0.7421
0.5000 0.1635 0.0228 0.0155 -0.0308 0.7449 0.7610
0.7500 0.2019 0.0224 0.0151 -0.0313 0.7371 0.7809
1.0000 0.2275 0.0225 0.0152 -0.0300 0.7259 0.7996
1.2500 0.2636 0.0222 0.0150 -0.0302 0.7168 0.8187
1.5000 0.2921 0.0224 0.0152 -0.0294 0.7054 0.8370
1.7500 0.3327 0.0222 0.0150 -0.0304 0.6960 0.8547
2.0000 0.3656 0.0225 0.0152 -0.0304 0.6837 0.8720
2.2500 0.4171 0.0223 0.0149 -0.0335 0.6743 0.8865
2.5000 0.4520 0.0225 0.0152 -0.0343 0.6598 0.9023
2.7500 0.4991 0.0226 0.0152 -0.0373 0.6455 0.9150
3.0000 0.5562 0.0226 0.0152 -0.0421 0.6312 0.9248
3.2500 0.6088 0.0225 0.0149 -0.0463 0.6178 0.9374
3.5000 0.6591 0.0227 0.0151 -0.0505 0.6014 0.9494
3.7500 0.7104 0.0228 0.0151 -0.0551 0.5856 0.9607
4.0000 0.7604 0.0228 0.0151 -0.0594 0.5706 0.9735
4.2500 0.8155 0.0227 0.0148 -0.0647 0.5550 0.9849
4.5000 0.8673 0.0226 0.0147 -0.0698 0.5377 0.9957
4.7500 0.8938 0.0227 0.0147 -0.0704 0.5226 1.0000
5.0000 0.9078 0.0227 0.0147 -0.0684 0.5108 1.0000
