-5.0000 -0.2133 0.0140 0.0072 -0.0843 0.8751 0.3012
-4.7500 -0.1855 0.0137 0.0070 -0.0841 0.8693 0.3117
-4.5000 -0.1523 0.0134 0.0067 -0.0850 0.8658 0.3234
-4.2500 -0.1289 0.0132 0.0066 -0.0840 0.8577 0.3339
-4.0000 -0.0972 0.0129 0.0063 -0.0845 0.8533 0.3455
-3.7500 -0.0726 0.0128 0.0062 -0.0838 0.8453 0.3572
-3.5000 -0.0421 0.0126 0.0060 -0.0841 0.8400 0.3705
-3.2500 -0.0167 0.0125 0.0059 -0.0834 0.8319 0.3832
-3.0000 0.0121 0.0123 0.0057 -0.0834 0.8254 0.3955
-2.7500 0.0394 0.0121 0.0056 -0.0831 0.8176 0.4070
-2.5000 0.0667 0.0120 0.0055 -0.0828 0.8098 0.4186
-2.2500 0.0956 0.0118 0.0053 -0.0828 0.8021 0.4312
-2.0000 0.1219 0.0118 0.0053 -0.0823 0.7929 0.4443
-1.7500 0.1508 0.0116 0.0051 -0.0823 0.7845 0.4578
-1.5000 0.1780 0.0115 0.0050 -0.0819 0.7746 0.4706
-1.2500 0.2041 0.0114 0.0050 -0.0813 0.7639 0.4835
-1.0000 0.2308 0.0114 0.0049 -0.0809 0.7537 0.4968
-0.7500 0.2580 0.0113 0.0048 -0.0806 0.7440 0.5105
-0.5000 0.2852 0.0112 0.0048 -0.0802 0.7340 0.5242
-0.2500 0.3124 0.0112 0.0047 -0.0799 0.7232 0.5382
0.0000 0.3384 0.0112 0.0047 -0.0793 0.7112 0.5529
0.2500 0.3638 0.0112 0.0047 -0.0786 0.6986 0.5670
0.5000 0.3897 0.0112 0.0048 -0.0780 0.6869 0.5815
0.7500 0.4156 0.0112 0.0048 -0.0774 0.6752 0.5951
1.0000 0.4414 0.0112 0.0048 -0.0769 0.6634 0.6092
1.2500 0.4671 0.0112 0.0048 -0.0763 0.6518 0.6237
1.5000 0.4925 0.0112 0.0049 -0.0756 0.6399 0.6392
1.7500 0.5174 0.0113 0.0049 -0.0749 0.6276 0.6557
2.0000 0.5422 0.0113 0.0050 -0.0741 0.6154 0.6730
2.2500 0.5660 0.0114 0.0050 -0.0731 0.6021 0.6899
2.5000 0.5901 0.0115 0.0051 -0.0722 0.5895 0.7072
2.7500 0.6135 0.0115 0.0052 -0.0712 0.5762 0.7253
3.0000 0.6371 0.0116 0.0053 -0.0702 0.5642 0.7447
3.2500 0.6600 0.0117 0.0055 -0.0690 0.5519 0.7665
3.5000 0.6823 0.0118 0.0056 -0.0677 0.5400 0.7911
3.7500 0.7036 0.0119 0.0058 -0.0662 0.5277 0.8182
4.0000 0.7238 0.0120 0.0059 -0.0644 0.5147 0.8473
4.2500 0.7433 0.0122 0.0061 -0.0624 0.5023 0.8790
4.5000 0.7643 0.0124 0.0063 -0.0606 0.4895 0.9131
4.7500 0.7920 0.0126 0.0066 -0.0604 0.4772 0.9440
5.0000 0.8286 0.0129 0.0069 -0.0622 0.4644 0.9657
