-5.0000 -0.0440 0.0141 0.0068 -0.1091 0.7919 0.2628
-4.7500 -0.0214 0.0139 0.0067 -0.1079 0.7826 0.2706
-4.5000 0.0066 0.0138 0.0065 -0.1078 0.7752 0.2792
-4.2500 0.0339 0.0136 0.0064 -0.1076 0.7678 0.2879
-4.0000 0.0589 0.0135 0.0063 -0.1069 0.7593 0.2972
-3.7500 0.0879 0.0134 0.0061 -0.1070 0.7524 0.3073
-3.5000 0.1140 0.0134 0.0061 -0.1066 0.7445 0.3176
-3.2500 0.1394 0.0132 0.0060 -0.1060 0.7361 0.3269
-3.0000 0.1700 0.0132 0.0058 -0.1063 0.7289 0.3370
-2.7500 0.1928 0.0131 0.0058 -0.1053 0.7199 0.3461
-2.5000 0.2202 0.0130 0.0057 -0.1051 0.7123 0.3566
-2.2500 0.2475 0.0129 0.0056 -0.1048 0.7047 0.3670
-2.0000 0.2723 0.0129 0.0056 -0.1041 0.6962 0.3777
-1.7500 0.2999 0.0128 0.0056 -0.1040 0.6890 0.3891
-1.5000 0.3264 0.0128 0.0055 -0.1036 0.6815 0.4008
-1.2500 0.3514 0.0128 0.0055 -0.1029 0.6733 0.4133
-1.0000 0.3801 0.0128 0.0055 -0.1030 0.6660 0.4261
-0.7500 0.4040 0.0128 0.0055 -0.1021 0.6575 0.4393
-0.5000 0.4297 0.0127 0.0055 -0.1016 0.6495 0.4529
-0.2500 0.4565 0.0127 0.0055 -0.1013 0.6419 0.4673
0.0000 0.4821 0.0127 0.0055 -0.1008 0.6343 0.4838
0.2500 0.5077 0.0127 0.0055 -0.1002 0.6267 0.5002
0.5000 0.5319 0.0127 0.0056 -0.0995 0.6190 0.5194
0.7500 0.5566 0.0127 0.0056 -0.0988 0.6115 0.5403
1.0000 0.5844 0.0127 0.0057 -0.0987 0.6047 0.5631
1.2500 0.6063 0.0127 0.0058 -0.0974 0.5971 0.5878
1.5000 0.6312 0.0127 0.0059 -0.0968 0.5903 0.6144
1.7500 0.6555 0.0128 0.0060 -0.0960 0.5837 0.6441
2.0000 0.6799 0.0128 0.0061 -0.0952 0.5772 0.6737
2.2500 0.7037 0.0128 0.0062 -0.0943 0.5704 0.7044
2.5000 0.7289 0.0129 0.0064 -0.0936 0.5640 0.7365
2.7500 0.7491 0.0129 0.0065 -0.0919 0.5567 0.7687
3.0000 0.7718 0.0129 0.0067 -0.0906 0.5500 0.8035
3.2500 0.7944 0.0130 0.0069 -0.0892 0.5436 0.8406
3.5000 0.8130 0.0131 0.0071 -0.0870 0.5367 0.8799
3.7500 0.8387 0.0133 0.0072 -0.0862 0.5302 0.9148
4.0000 0.8696 0.0135 0.0075 -0.0867 0.5234 0.9449
4.2500 0.9048 0.0138 0.0077 -0.0882 0.5157 0.9683
4.5000 0.9506 0.0141 0.0079 -0.0920 0.5081 0.9828
4.7500 0.9950 0.0144 0.0083 -0.0957 0.4990 0.9946
5.0000 1.0394 0.0147 0.0087 -0.0994 0.4899 1.0064
