-5.0000 -0.3498 0.0251 0.0173 -0.0377 0.8737 0.3752
-4.7500 -0.3376 0.0249 0.0174 -0.0346 0.8601 0.4416
-4.5000 -0.2937 0.0246 0.0172 -0.0365 0.8547 0.5000
-4.2500 -0.2614 0.0245 0.0171 -0.0364 0.8458 0.5296
-4.0000 -0.2291 0.0244 0.0171 -0.0363 0.8368 0.5593
-3.7500 -0.1966 0.0242 0.0169 -0.0362 0.8279 0.5819
-3.5000 -0.1640 0.0240 0.0167 -0.0361 0.8191 0.6046
-3.2500 -0.1313 0.0238 0.0166 -0.0358 0.8100 0.6252
-3.0000 -0.0987 0.0236 0.0164 -0.0355 0.8009 0.6458
-2.7500 -0.0529 0.0231 0.0159 -0.0371 0.7963 0.6663
-2.5000 -0.0335 0.0231 0.0159 -0.0348 0.7819 0.6827
-2.2500 0.0133 0.0224 0.0153 -0.0364 0.7762 0.7026
-2.0000 0.0327 0.0224 0.0153 -0.0340 0.7612 0.7189
-1.7500 0.0653 0.0222 0.0151 -0.0335 0.7508 0.7366
-1.5000 0.0954 0.0221 0.0150 -0.0325 0.7387 0.7546
-1.2500 0.1254 0.0220 0.0148 -0.0315 0.7266 0.7726
-1.0000 0.1654 0.0217 0.0145 -0.0320 0.7168 0.7895
-0.7500 0.1902 0.0217 0.0145 -0.0306 0.7021 0.8044
-0.5000 0.2195 0.0217 0.0144 -0.0299 0.6889 0.8192
-0.2500 0.2559 0.0215 0.0141 -0.0304 0.6777 0.8344
0.0000 0.2860 0.0218 0.0143 -0.0300 0.6626 0.8474
0.2500 0.3234 0.0219 0.0144 -0.0309 0.6486 0.8592
0.5000 0.3648 0.0219 0.0142 -0.0324 0.6359 0.8723
0.7500 0.3952 0.0221 0.0144 -0.0324 0.6197 0.8870
1.0000 0.4433 0.0224 0.0145 -0.0356 0.6028 0.8960
1.2500 0.4860 0.0225 0.0145 -0.0380 0.5866 0.9077
1.5000 0.5267 0.0226 0.0144 -0.0401 0.5711 0.9209
1.7500 0.5839 0.0228 0.0144 -0.0454 0.5535 0.9278
2.0000 0.6232 0.0230 0.0145 -0.0477 0.5362 0.9406
2.2500 0.6669 0.0232 0.0146 -0.0509 0.5192 0.9528
2.5000 0.7172 0.0233 0.0146 -0.0555 0.5023 0.9625
2.7500 0.7620 0.0235 0.0147 -0.0592 0.4868 0.9743
3.0000 0.8122 0.0236 0.0146 -0.0640 0.4717 0.9844
3.2500 0.8606 0.0237 0.0146 -0.0686 0.4567 0.9944
3.5000 0.8947 0.0239 0.0148 -0.0707 0.4448 1.0000
3.7500 0.9105 0.0241 0.0149 -0.0693 0.4365 1.0000
4.0000 0.9245 0.0245 0.0152 -0.0676 0.4288 1.0000
4.2500 0.9366 0.0248 0.0155 -0.0655 0.4209 1.0000
4.5000 0.9549 0.0251 0.0156 -0.0643 0.4146 1.0000
4.7500 0.9662 0.0256 0.0162 -0.0619 0.4083 1.0000
5.0000 0.9774 0.0260 0.0167 -0.0595 0.4021 1.0000
