-5.0000 -0.3649 0.0290 0.0212 -0.0275 0.8116 0.5121
-4.7500 -0.3167 0.0285 0.0206 -0.0300 0.8080 0.5279
-4.5000 -0.2928 0.0284 0.0206 -0.0288 0.7980 0.5398
-4.2500 -0.2563 0.0280 0.0203 -0.0295 0.7913 0.5531
-4.0000 -0.2198 0.0277 0.0199 -0.0302 0.7846 0.5664
-3.7500 -0.1937 0.0275 0.0198 -0.0293 0.7746 0.5778
-3.5000 -0.1575 0.0272 0.0195 -0.0298 0.7673 0.5903
-3.2500 -0.1213 0.0268 0.0191 -0.0303 0.7601 0.6028
-3.0000 -0.0989 0.0268 0.0191 -0.0289 0.7497 0.6146
-2.7500 -0.0545 0.0262 0.0184 -0.0307 0.7453 0.6298
-2.5000 -0.0346 0.0262 0.0185 -0.0288 0.7336 0.6418
-2.2500 -0.0077 0.0261 0.0184 -0.0278 0.7229 0.6536
-2.0000 0.0409 0.0254 0.0177 -0.0301 0.7164 0.6659
-1.7500 0.0649 0.0253 0.0176 -0.0288 0.7042 0.6761
-1.5000 0.0915 0.0250 0.0173 -0.0280 0.6937 0.6886
-1.2500 0.1181 0.0248 0.0170 -0.0272 0.6831 0.7011
-1.0000 0.1529 0.0247 0.0169 -0.0275 0.6732 0.7114
-0.7500 0.1851 0.0244 0.0165 -0.0276 0.6634 0.7234
-0.5000 0.2134 0.0242 0.0163 -0.0271 0.6531 0.7366
-0.2500 0.2414 0.0241 0.0161 -0.0265 0.6426 0.7500
0.0000 0.2666 0.0242 0.0162 -0.0254 0.6313 0.7629
0.2500 0.2940 0.0242 0.0162 -0.0246 0.6200 0.7751
0.5000 0.3171 0.0243 0.0163 -0.0232 0.6086 0.7892
0.7500 0.3444 0.0244 0.0164 -0.0224 0.5971 0.8018
1.0000 0.3739 0.0246 0.0166 -0.0220 0.5858 0.8139
1.2500 0.4051 0.0248 0.0167 -0.0219 0.5748 0.8260
1.5000 0.4369 0.0250 0.0168 -0.0221 0.5637 0.8380
1.7500 0.4648 0.0252 0.0169 -0.0216 0.5526 0.8518
2.0000 0.4995 0.0255 0.0172 -0.0222 0.5405 0.8630
2.2500 0.5364 0.0259 0.0175 -0.0234 0.5280 0.8739
2.5000 0.5743 0.0262 0.0178 -0.0248 0.5155 0.8847
2.7500 0.6128 0.0266 0.0180 -0.0266 0.5033 0.8955
3.0000 0.6530 0.0269 0.0183 -0.0288 0.4917 0.9063
3.2500 0.7064 0.0274 0.0186 -0.0336 0.4782 0.9131
3.5000 0.7515 0.0277 0.0188 -0.0369 0.4664 0.9231
3.7500 0.7943 0.0280 0.0190 -0.0399 0.4560 0.9347
4.0000 0.8444 0.0284 0.0193 -0.0445 0.4444 0.9424
4.2500 0.8796 0.0289 0.0198 -0.0465 0.4342 0.9543
4.5000 0.9280 0.0293 0.0202 -0.0511 0.4244 0.9631
4.7500 0.9687 0.0296 0.0203 -0.0540 0.4173 0.9746
5.0000 1.0182 0.0300 0.0207 -0.0592 0.4077 0.9823
