-5.0000 -0.5108 0.0340 0.0252 -0.0469 0.9198 0.3394
-4.7500 -0.4747 0.0340 0.0253 -0.0486 0.9121 0.3513
-4.5000 -0.4443 0.0339 0.0252 -0.0494 0.9035 0.3634
-4.2500 -0.3993 0.0340 0.0253 -0.0527 0.8989 0.3777
-4.0000 -0.3824 0.0339 0.0251 -0.0513 0.8879 0.3885
-3.7500 -0.3396 0.0339 0.0252 -0.0539 0.8823 0.4014
-3.5000 -0.3171 0.0339 0.0253 -0.0533 0.8717 0.4117
-3.2500 -0.2763 0.0338 0.0252 -0.0554 0.8647 0.4259
-3.0000 -0.2452 0.0338 0.0251 -0.0561 0.8559 0.4395
-2.7500 -0.2142 0.0337 0.0251 -0.0567 0.8471 0.4530
-2.5000 -0.1688 0.0335 0.0250 -0.0595 0.8429 0.4691
-2.2500 -0.1557 0.0337 0.0254 -0.0572 0.8306 0.4782
-2.0000 -0.1147 0.0335 0.0252 -0.0592 0.8252 0.4934
-1.7500 -0.0667 0.0331 0.0248 -0.0621 0.8219 0.5102
-1.5000 -0.0554 0.0334 0.0252 -0.0595 0.8078 0.5209
-1.2500 -0.0098 0.0329 0.0248 -0.0618 0.8039 0.5369
-1.0000 0.0062 0.0331 0.0250 -0.0601 0.7908 0.5502
-0.7500 0.0509 0.0325 0.0244 -0.0621 0.7863 0.5675
-0.5000 0.0817 0.0323 0.0242 -0.0621 0.7780 0.5810
-0.2500 0.1124 0.0320 0.0240 -0.0620 0.7697 0.5944
0.0000 0.1590 0.0312 0.0232 -0.0641 0.7671 0.6109
0.2500 0.1730 0.0316 0.0237 -0.0620 0.7539 0.6242
0.5000 0.2184 0.0306 0.0227 -0.0637 0.7513 0.6418
0.7500 0.2506 0.0301 0.0222 -0.0637 0.7440 0.6588
1.0000 0.2828 0.0295 0.0218 -0.0636 0.7366 0.6759
1.2500 0.3338 0.0282 0.0205 -0.0659 0.7347 0.6940
1.5000 0.3488 0.0283 0.0207 -0.0634 0.7223 0.7072
1.7500 0.4014 0.0271 0.0195 -0.0662 0.7201 0.7255
2.0000 0.4382 0.0264 0.0189 -0.0667 0.7127 0.7440
2.2500 0.4750 0.0257 0.0183 -0.0672 0.7052 0.7626
2.5000 0.4918 0.0257 0.0183 -0.0647 0.6931 0.7802
2.7500 0.5375 0.0248 0.0174 -0.0665 0.6868 0.8006
3.0000 0.5681 0.0243 0.0170 -0.0660 0.6771 0.8213
3.2500 0.5910 0.0241 0.0168 -0.0642 0.6659 0.8415
3.5000 0.6433 0.0232 0.0158 -0.0669 0.6588 0.8641
3.7500 0.6594 0.0232 0.0160 -0.0642 0.6458 0.8879
4.0000 0.6909 0.0232 0.0160 -0.0642 0.6344 0.9123
4.2500 0.7480 0.0228 0.0155 -0.0688 0.6236 0.9358
4.5000 0.8090 0.0227 0.0153 -0.0745 0.6092 0.9550
4.7500 0.8675 0.0229 0.0154 -0.0804 0.5928 0.9731
5.0000 0.9288 0.0231 0.0155 -0.0871 0.5760 0.9887
