-5.0000 0.1183 0.0202 0.0120 -0.1427 0.7698 0.2549
-4.7500 0.1546 0.0197 0.0116 -0.1442 0.7654 0.2615
-4.5000 0.1966 0.0193 0.0111 -0.1466 0.7619 0.2702
-4.2500 0.2056 0.0194 0.0113 -0.1431 0.7526 0.2746
-4.0000 0.2387 0.0191 0.0109 -0.1439 0.7474 0.2825
-3.7500 0.2781 0.0188 0.0106 -0.1459 0.7435 0.2900
-3.5000 0.2941 0.0189 0.0106 -0.1437 0.7358 0.2971
-3.2500 0.3214 0.0187 0.0105 -0.1435 0.7293 0.3040
-3.0000 0.3588 0.0184 0.0101 -0.1451 0.7246 0.3134
-2.7500 0.3827 0.0184 0.0102 -0.1443 0.7181 0.3219
-2.5000 0.4039 0.0184 0.0102 -0.1430 0.7107 0.3297
-2.2500 0.4379 0.0182 0.0100 -0.1440 0.7055 0.3399
-2.0000 0.4716 0.0181 0.0099 -0.1451 0.7005 0.3495
-1.7500 0.4863 0.0182 0.0100 -0.1426 0.6930 0.3567
-1.5000 0.5158 0.0182 0.0099 -0.1428 0.6874 0.3672
-1.2500 0.5519 0.0180 0.0098 -0.1443 0.6829 0.3779
-1.0000 0.5722 0.0181 0.0099 -0.1429 0.6767 0.3869
-0.7500 0.5988 0.0181 0.0099 -0.1426 0.6707 0.3980
-0.5000 0.6253 0.0181 0.0099 -0.1423 0.6647 0.4090
-0.2500 0.6601 0.0180 0.0098 -0.1436 0.6598 0.4218
0.0000 0.6731 0.0181 0.0100 -0.1408 0.6526 0.4329
0.2500 0.7001 0.0181 0.0100 -0.1406 0.6468 0.4461
0.5000 0.7350 0.0180 0.0099 -0.1419 0.6421 0.4611
0.7500 0.7573 0.0181 0.0101 -0.1410 0.6365 0.4746
1.0000 0.7755 0.0182 0.0103 -0.1392 0.6301 0.4885
1.2500 0.8048 0.0182 0.0103 -0.1394 0.6247 0.5058
1.5000 0.8423 0.0181 0.0102 -0.1413 0.6202 0.5265
1.7500 0.8537 0.0184 0.0106 -0.1383 0.6140 0.5458
2.0000 0.8744 0.0184 0.0107 -0.1369 0.6080 0.5688
2.2500 0.9049 0.0184 0.0108 -0.1374 0.6030 0.5991
2.5000 0.9377 0.0184 0.0109 -0.1383 0.5984 0.6349
2.7500 0.9462 0.0186 0.0113 -0.1347 0.5922 0.6718
3.0000 0.9667 0.0185 0.0114 -0.1332 0.5866 0.7221
3.2500 0.9946 0.0184 0.0115 -0.1327 0.5818 0.7903
3.5000 1.0141 0.0185 0.0118 -0.1305 0.5768 0.8808
3.7500 1.0468 0.0188 0.0122 -0.1317 0.5704 1.0000
4.0000 1.0707 0.0189 0.0122 -0.1312 0.5650 1.0000
4.2500 1.1114 0.0191 0.0122 -0.1338 0.5601 1.0000
4.5000 1.1106 0.0194 0.0126 -0.1287 0.5540 1.0000
4.7500 1.1239 0.0197 0.0129 -0.1262 0.5479 1.0000
5.0000 1.1536 0.0198 0.0129 -0.1267 0.5429 1.0000
