-5.0000 -0.5051 0.0331 0.0243 -0.0631 1.0000 0.2162
-4.7500 -0.4294 0.0339 0.0250 -0.0722 0.9806 0.2353
-4.5000 -0.3538 0.0348 0.0258 -0.0813 0.9611 0.2543
-4.2500 -0.3098 0.0350 0.0261 -0.0847 0.9521 0.2694
-4.0000 -0.2730 0.0351 0.0263 -0.0868 0.9434 0.2845
-3.7500 -0.2372 0.0353 0.0266 -0.0886 0.9347 0.3002
-3.5000 -0.1995 0.0355 0.0268 -0.0908 0.9272 0.3170
-3.2500 -0.1669 0.0356 0.0270 -0.0921 0.9191 0.3329
-3.0000 -0.1317 0.0358 0.0271 -0.0938 0.9120 0.3503
-2.7500 -0.0974 0.0359 0.0273 -0.0953 0.9042 0.3671
-2.5000 -0.0621 0.0360 0.0274 -0.0968 0.8959 0.3838
-2.2500 -0.0294 0.0362 0.0277 -0.0978 0.8873 0.4010
-2.0000 0.0051 0.0363 0.0279 -0.0992 0.8797 0.4202
-1.7500 0.0521 0.0366 0.0282 -0.1025 0.8757 0.4440
-1.5000 0.0689 0.0367 0.0283 -0.1009 0.8639 0.4583
-1.2500 0.1178 0.0367 0.0284 -0.1044 0.8598 0.4808
-1.0000 0.1348 0.0368 0.0286 -0.1026 0.8474 0.4950
-0.7500 0.1813 0.0367 0.0286 -0.1055 0.8434 0.5179
-0.5000 0.1962 0.0370 0.0290 -0.1035 0.8313 0.5325
-0.2500 0.2404 0.0369 0.0289 -0.1059 0.8271 0.5547
0.0000 0.2566 0.0372 0.0293 -0.1041 0.8150 0.5707
0.2500 0.2995 0.0369 0.0290 -0.1061 0.8105 0.5929
0.5000 0.3178 0.0371 0.0293 -0.1046 0.7986 0.6099
0.7500 0.3599 0.0367 0.0289 -0.1063 0.7936 0.6323
1.0000 0.3886 0.0366 0.0289 -0.1062 0.7853 0.6538
1.2500 0.4172 0.0365 0.0289 -0.1061 0.7770 0.6753
1.5000 0.4518 0.0360 0.0285 -0.1065 0.7708 0.6975
1.7500 0.4746 0.0359 0.0284 -0.1053 0.7600 0.7182
2.0000 0.5190 0.0348 0.0274 -0.1067 0.7567 0.7453
2.2500 0.5453 0.0344 0.0271 -0.1058 0.7482 0.7712
2.5000 0.5716 0.0340 0.0268 -0.1048 0.7397 0.7971
2.7500 0.6117 0.0327 0.0256 -0.1052 0.7374 0.8329
3.0000 0.6354 0.0321 0.0252 -0.1038 0.7286 0.9164
3.2500 0.6590 0.0316 0.0248 -0.1024 0.7198 1.0000
3.5000 0.7184 0.0300 0.0232 -0.1071 0.7179 1.0000
3.7500 0.7649 0.0289 0.0220 -0.1095 0.7116 1.0000
4.0000 0.8114 0.0279 0.0209 -0.1119 0.7054 1.0000
4.2500 0.8579 0.0268 0.0197 -0.1143 0.6991 1.0000
4.5000 0.8706 0.0273 0.0203 -0.1120 0.6840 1.0000
4.7500 0.9367 0.0254 0.0183 -0.1170 0.6808 1.0000
5.0000 0.9574 0.0255 0.0183 -0.1155 0.6663 1.0000
