-5.0000 -0.4112 0.0411 0.0323 -0.0788 0.9017 0.3012
-4.7500 -0.3953 0.0407 0.0320 -0.0771 0.8897 0.3079
-4.5000 -0.3486 0.0408 0.0320 -0.0808 0.8848 0.3215
-4.2500 -0.3333 0.0409 0.0322 -0.0790 0.8746 0.3285
-4.0000 -0.2939 0.0409 0.0321 -0.0814 0.8691 0.3409
-3.7500 -0.2642 0.0409 0.0321 -0.0820 0.8612 0.3508
-3.5000 -0.2345 0.0409 0.0322 -0.0827 0.8533 0.3608
-3.2500 -0.1848 0.0409 0.0321 -0.0864 0.8493 0.3754
-3.0000 -0.1724 0.0410 0.0324 -0.0841 0.8371 0.3829
-2.7500 -0.1268 0.0408 0.0323 -0.0870 0.8328 0.3971
-2.5000 -0.1106 0.0410 0.0324 -0.0856 0.8217 0.4074
-2.2500 -0.0691 0.0409 0.0324 -0.0877 0.8168 0.4203
-2.0000 -0.0401 0.0410 0.0324 -0.0881 0.8090 0.4332
-1.7500 -0.0112 0.0410 0.0324 -0.0885 0.8011 0.4461
-1.5000 0.0342 0.0408 0.0323 -0.0910 0.7981 0.4617
-1.2500 0.0436 0.0413 0.0329 -0.0884 0.7856 0.4699
-1.0000 0.0884 0.0409 0.0325 -0.0907 0.7820 0.4847
-0.7500 0.1025 0.0413 0.0329 -0.0891 0.7702 0.4958
-0.5000 0.1450 0.0409 0.0326 -0.0910 0.7663 0.5109
-0.2500 0.1597 0.0414 0.0331 -0.0891 0.7551 0.5203
0.0000 0.2003 0.0409 0.0327 -0.0905 0.7505 0.5355
0.2500 0.2464 0.0402 0.0321 -0.0925 0.7480 0.5518
0.5000 0.2560 0.0409 0.0328 -0.0903 0.7346 0.5636
0.7500 0.3012 0.0401 0.0320 -0.0921 0.7317 0.5798
1.0000 0.3276 0.0400 0.0320 -0.0916 0.7237 0.5927
1.2500 0.3539 0.0399 0.0320 -0.0911 0.7156 0.6055
1.5000 0.4010 0.0388 0.0309 -0.0929 0.7138 0.6227
1.7500 0.4271 0.0386 0.0307 -0.0922 0.7057 0.6377
2.0000 0.4531 0.0384 0.0306 -0.0916 0.6977 0.6527
2.2500 0.4744 0.0386 0.0308 -0.0905 0.6888 0.6680
2.5000 0.4957 0.0387 0.0310 -0.0895 0.6800 0.6833
2.7500 0.5170 0.0389 0.0312 -0.0884 0.6711 0.6986
3.0000 0.5563 0.0377 0.0301 -0.0889 0.6677 0.7170
3.2500 0.6022 0.0359 0.0284 -0.0900 0.6659 0.7371
3.5000 0.6532 0.0338 0.0264 -0.0917 0.6645 0.7587
3.7500 0.7075 0.0317 0.0243 -0.0940 0.6632 0.7822
4.0000 0.7356 0.0310 0.0237 -0.0930 0.6554 0.8096
4.2500 0.7637 0.0304 0.0231 -0.0920 0.6476 0.8370
4.5000 0.7918 0.0297 0.0225 -0.0911 0.6397 0.8643
4.7500 0.8199 0.0290 0.0219 -0.0901 0.6319 0.8917
5.0000 0.8480 0.0283 0.0213 -0.0891 0.6241 0.9191
