-5.0000 0.2224 0.0130 0.0066 -0.1858 0.8430 0.1932
-4.7500 0.2429 0.0130 0.0066 -0.1843 0.8381 0.2012
-4.5000 0.2707 0.0128 0.0065 -0.1843 0.8344 0.2107
-4.2500 0.3022 0.0127 0.0063 -0.1850 0.8313 0.2211
-4.0000 0.3359 0.0125 0.0061 -0.1861 0.8285 0.2314
-3.7500 0.3702 0.0122 0.0059 -0.1874 0.8258 0.2414
-3.5000 0.3996 0.0122 0.0058 -0.1877 0.8224 0.2510
-3.2500 0.4213 0.0121 0.0058 -0.1864 0.8174 0.2605
-3.0000 0.4497 0.0120 0.0057 -0.1865 0.8129 0.2708
-2.7500 0.4820 0.0118 0.0055 -0.1873 0.8091 0.2823
-2.5000 0.5161 0.0117 0.0053 -0.1884 0.8055 0.2941
-2.2500 0.5451 0.0116 0.0053 -0.1886 0.8010 0.3058
-2.0000 0.5681 0.0116 0.0053 -0.1875 0.7951 0.3178
-1.7500 0.5973 0.0115 0.0052 -0.1877 0.7902 0.3303
-1.5000 0.6292 0.0113 0.0051 -0.1884 0.7861 0.3431
-1.2500 0.6630 0.0112 0.0050 -0.1896 0.7821 0.3565
-1.0000 0.6844 0.0113 0.0051 -0.1882 0.7765 0.3684
-0.7500 0.7116 0.0112 0.0051 -0.1880 0.7714 0.3807
-0.5000 0.7421 0.0111 0.0050 -0.1884 0.7670 0.3939
-0.2500 0.7773 0.0111 0.0049 -0.1899 0.7627 0.4085
0.0000 0.7968 0.0111 0.0050 -0.1881 0.7562 0.4215
0.2500 0.8228 0.0111 0.0050 -0.1876 0.7498 0.4356
0.5000 0.8548 0.0111 0.0050 -0.1883 0.7442 0.4500
0.7500 0.8768 0.0111 0.0050 -0.1871 0.7369 0.4631
1.0000 0.9014 0.0110 0.0051 -0.1863 0.7296 0.4769
1.2500 0.9335 0.0110 0.0050 -0.1871 0.7231 0.4922
1.5000 0.9510 0.0111 0.0052 -0.1849 0.7142 0.5055
1.7500 0.9788 0.0111 0.0051 -0.1847 0.7062 0.5205
2.0000 0.9988 0.0112 0.0052 -0.1830 0.6971 0.5348
2.2500 1.0250 0.0112 0.0053 -0.1826 0.6888 0.5507
2.5000 1.0448 0.0113 0.0054 -0.1809 0.6795 0.5661
2.7500 1.0677 0.0114 0.0055 -0.1798 0.6704 0.5813
3.0000 1.0843 0.0115 0.0056 -0.1775 0.6606 0.5958
3.2500 1.1060 0.0116 0.0057 -0.1762 0.6509 0.6127
3.5000 1.1234 0.0118 0.0060 -0.1741 0.6403 0.6296
3.7500 1.1452 0.0119 0.0061 -0.1728 0.6304 0.6479
4.0000 1.1635 0.0121 0.0064 -0.1710 0.6191 0.6683
4.2500 1.1831 0.0123 0.0066 -0.1694 0.6084 0.6927
4.5000 1.2019 0.0125 0.0069 -0.1677 0.5972 0.7259
4.7500 1.2186 0.0126 0.0072 -0.1655 0.5857 0.7835
5.0000 1.2276 0.0126 0.0074 -0.1614 0.5743 1.0000
