-5.0000 -0.4845 0.0172 0.0100 -0.0245 0.9042 0.3945
-4.7500 -0.4530 0.0169 0.0096 -0.0250 0.8973 0.4079
-4.5000 -0.4158 0.0164 0.0093 -0.0265 0.8930 0.4208
-4.2500 -0.3920 0.0162 0.0091 -0.0255 0.8820 0.4312
-4.0000 -0.3584 0.0158 0.0087 -0.0262 0.8758 0.4437
-3.7500 -0.3335 0.0156 0.0085 -0.0254 0.8652 0.4555
-3.5000 -0.3006 0.0152 0.0081 -0.0259 0.8582 0.4674
-3.2500 -0.2764 0.0150 0.0080 -0.0248 0.8460 0.4787
-3.0000 -0.2485 0.0147 0.0077 -0.0244 0.8358 0.4915
-2.7500 -0.2206 0.0145 0.0075 -0.0240 0.8253 0.5046
-2.5000 -0.1953 0.0143 0.0074 -0.0232 0.8128 0.5165
-2.2500 -0.1683 0.0141 0.0072 -0.0226 0.8012 0.5293
-2.0000 -0.1404 0.0140 0.0070 -0.0222 0.7900 0.5432
-1.7500 -0.1152 0.0139 0.0069 -0.0214 0.7759 0.5551
-1.5000 -0.0888 0.0137 0.0068 -0.0207 0.7630 0.5670
-1.2500 -0.0612 0.0137 0.0067 -0.0203 0.7513 0.5799
-1.0000 -0.0352 0.0136 0.0066 -0.0197 0.7381 0.5929
-0.7500 -0.0093 0.0135 0.0066 -0.0190 0.7244 0.6050
-0.5000 0.0172 0.0135 0.0066 -0.0183 0.7111 0.6184
-0.2500 0.0439 0.0135 0.0065 -0.0178 0.6979 0.6327
0.0000 0.0680 0.0134 0.0065 -0.0167 0.6826 0.6474
0.2500 0.0938 0.0134 0.0065 -0.0160 0.6682 0.6608
0.5000 0.1201 0.0134 0.0065 -0.0153 0.6552 0.6746
0.7500 0.1464 0.0135 0.0065 -0.0147 0.6428 0.6888
1.0000 0.1710 0.0135 0.0066 -0.0138 0.6292 0.7033
1.2500 0.1969 0.0135 0.0066 -0.0131 0.6160 0.7163
1.5000 0.2228 0.0136 0.0067 -0.0124 0.6025 0.7291
1.7500 0.2480 0.0137 0.0067 -0.0115 0.5887 0.7426
2.0000 0.2727 0.0137 0.0068 -0.0106 0.5752 0.7572
2.2500 0.2982 0.0138 0.0069 -0.0098 0.5629 0.7715
2.5000 0.3240 0.0140 0.0070 -0.0090 0.5511 0.7856
2.7500 0.3492 0.0141 0.0072 -0.0082 0.5392 0.7999
3.0000 0.3733 0.0142 0.0073 -0.0071 0.5267 0.8144
3.2500 0.3978 0.0144 0.0075 -0.0061 0.5145 0.8282
3.5000 0.4232 0.0146 0.0077 -0.0052 0.5019 0.8407
3.7500 0.4477 0.0148 0.0079 -0.0042 0.4892 0.8541
4.0000 0.4716 0.0150 0.0081 -0.0030 0.4771 0.8680
4.2500 0.4970 0.0153 0.0083 -0.0022 0.4653 0.8805
4.5000 0.5242 0.0155 0.0085 -0.0017 0.4528 0.8911
4.7500 0.5468 0.0158 0.0088 -0.0004 0.4408 0.9052
5.0000 0.5815 0.0162 0.0091 -0.0015 0.4286 0.9127
