-5.0000 -0.2689 0.0361 0.0270 -0.0838 0.8292 0.2745
-4.7500 -0.2641 0.0364 0.0274 -0.0805 0.8169 0.2798
-4.5000 -0.2278 0.0359 0.0268 -0.0820 0.8119 0.2910
-4.2500 -0.1858 0.0354 0.0262 -0.0841 0.8087 0.3034
-4.0000 -0.1801 0.0359 0.0269 -0.0812 0.7977 0.3092
-3.7500 -0.1492 0.0357 0.0266 -0.0818 0.7919 0.3208
-3.5000 -0.1098 0.0352 0.0261 -0.0835 0.7883 0.3344
-3.2500 -0.0653 0.0346 0.0255 -0.0858 0.7860 0.3487
-3.0000 -0.0390 0.0345 0.0255 -0.0856 0.7790 0.3609
-2.7500 -0.0126 0.0344 0.0254 -0.0853 0.7721 0.3731
-2.5000 0.0137 0.0343 0.0254 -0.0851 0.7651 0.3853
-2.2500 0.0602 0.0335 0.0246 -0.0875 0.7633 0.4030
-2.0000 0.0838 0.0336 0.0247 -0.0869 0.7564 0.4166
-1.7500 0.1075 0.0336 0.0248 -0.0863 0.7494 0.4303
-1.5000 0.1311 0.0337 0.0249 -0.0857 0.7425 0.4439
-1.2500 0.1491 0.0341 0.0253 -0.0844 0.7338 0.4597
-1.0000 0.1671 0.0345 0.0258 -0.0831 0.7251 0.4755
-0.7500 0.1850 0.0349 0.0263 -0.0818 0.7165 0.4912
-0.5000 0.2030 0.0353 0.0267 -0.0805 0.7078 0.5070
-0.2500 0.2375 0.0348 0.0264 -0.0810 0.7034 0.5284
0.0000 0.2788 0.0338 0.0255 -0.0821 0.7011 0.5528
0.2500 0.3223 0.0328 0.0246 -0.0835 0.6994 0.5805
0.5000 0.3686 0.0317 0.0236 -0.0853 0.6979 0.6121
0.7500 0.3710 0.0330 0.0251 -0.0822 0.6869 0.6388
1.0000 0.3733 0.0344 0.0266 -0.0790 0.6759 0.6655
1.2500 0.3757 0.0357 0.0281 -0.0759 0.6649 0.6922
1.5000 0.4075 0.0349 0.0275 -0.0749 0.6612 0.7415
1.7500 0.4434 0.0337 0.0265 -0.0739 0.6592 0.8070
2.0000 0.4879 0.0323 0.0253 -0.0738 0.6577 0.8981
2.2500 0.6034 0.0306 0.0236 -0.0874 0.6574 0.9865
2.5000 0.6957 0.0292 0.0219 -0.0981 0.6559 1.0000
2.7500 0.6964 0.0299 0.0225 -0.0942 0.6475 1.0000
3.0000 0.6970 0.0306 0.0232 -0.0902 0.6390 1.0000
3.2500 0.6977 0.0313 0.0238 -0.0863 0.6306 1.0000
3.5000 0.7238 0.0314 0.0238 -0.0859 0.6240 1.0000
3.7500 0.7499 0.0314 0.0238 -0.0856 0.6173 1.0000
4.0000 0.8223 0.0301 0.0223 -0.0921 0.6152 1.0000
4.2500 0.8231 0.0311 0.0233 -0.0881 0.6063 1.0000
4.5000 0.8238 0.0321 0.0243 -0.0841 0.5975 1.0000
4.7500 0.9024 0.0305 0.0226 -0.0914 0.5952 1.0000
5.0000 0.8373 0.0342 0.0263 -0.0784 0.5802 1.0000
