-5.0000 -0.4257 0.0458 0.0371 -0.0798 0.8604 0.3093
-4.7500 -0.3877 0.0459 0.0372 -0.0818 0.8548 0.3184
-4.5000 -0.3579 0.0459 0.0372 -0.0825 0.8467 0.3271
-4.2500 -0.3281 0.0458 0.0371 -0.0832 0.8386 0.3357
-4.0000 -0.2778 0.0457 0.0369 -0.0870 0.8347 0.3472
-3.7500 -0.2702 0.0459 0.0373 -0.0841 0.8227 0.3519
-3.5000 -0.2273 0.0458 0.0372 -0.0867 0.8185 0.3626
-3.2500 -0.2031 0.0460 0.0374 -0.0865 0.8108 0.3710
-3.0000 -0.1790 0.0462 0.0377 -0.0863 0.8030 0.3794
-2.7500 -0.1326 0.0461 0.0375 -0.0892 0.7996 0.3917
-2.5000 -0.1235 0.0464 0.0379 -0.0867 0.7877 0.3978
-2.2500 -0.0788 0.0461 0.0375 -0.0894 0.7836 0.4095
-2.0000 -0.0518 0.0461 0.0376 -0.0895 0.7758 0.4189
-1.7500 -0.0249 0.0462 0.0377 -0.0896 0.7681 0.4283
-1.5000 0.0209 0.0459 0.0374 -0.0918 0.7654 0.4401
-1.2500 0.0282 0.0464 0.0379 -0.0896 0.7530 0.4482
-1.0000 0.0710 0.0461 0.0377 -0.0913 0.7499 0.4596
-0.7500 0.0790 0.0468 0.0384 -0.0894 0.7380 0.4681
-0.5000 0.1198 0.0464 0.0381 -0.0907 0.7342 0.4797
-0.2500 0.1674 0.0457 0.0373 -0.0930 0.7319 0.4931
0.0000 0.1698 0.0466 0.0383 -0.0900 0.7178 0.5011
0.2500 0.2141 0.0459 0.0376 -0.0919 0.7151 0.5137
0.5000 0.2344 0.0463 0.0381 -0.0911 0.7066 0.5238
0.7500 0.2547 0.0467 0.0385 -0.0904 0.6980 0.5339
1.0000 0.2995 0.0460 0.0377 -0.0924 0.6957 0.5494
1.2500 0.3199 0.0463 0.0381 -0.0914 0.6868 0.5601
1.5000 0.3403 0.0466 0.0385 -0.0903 0.6779 0.5709
1.7500 0.3875 0.0454 0.0373 -0.0920 0.6760 0.5861
2.0000 0.4163 0.0451 0.0371 -0.0918 0.6694 0.5988
2.2500 0.4451 0.0449 0.0368 -0.0916 0.6628 0.6115
2.5000 0.4739 0.0446 0.0366 -0.0914 0.6562 0.6242
2.7500 0.5187 0.0432 0.0353 -0.0927 0.6549 0.6400
3.0000 0.5521 0.0424 0.0345 -0.0928 0.6499 0.6546
3.2500 0.5856 0.0416 0.0338 -0.0929 0.6450 0.6693
3.5000 0.6190 0.0409 0.0331 -0.0930 0.6400 0.6840
3.7500 0.6524 0.0401 0.0323 -0.0931 0.6350 0.6986
4.0000 0.6903 0.0391 0.0313 -0.0937 0.6301 0.7164
4.2500 0.7283 0.0380 0.0302 -0.0944 0.6251 0.7342
4.5000 0.7662 0.0369 0.0292 -0.0950 0.6202 0.7519
4.7500 0.8041 0.0359 0.0282 -0.0956 0.6153 0.7697
5.0000 0.8420 0.0349 0.0272 -0.0962 0.6104 0.7875
