-5.0000 0.0441 0.0208 0.0131 -0.1458 0.8472 0.1968
-4.7500 0.0852 0.0202 0.0125 -0.1481 0.8461 0.2080
-4.5000 0.1066 0.0202 0.0124 -0.1469 0.8395 0.2173
-4.2500 0.1279 0.0201 0.0124 -0.1457 0.8328 0.2267
-4.0000 0.1681 0.0195 0.0119 -0.1478 0.8313 0.2390
-3.7500 0.2095 0.0190 0.0113 -0.1502 0.8298 0.2523
-3.5000 0.2329 0.0189 0.0112 -0.1492 0.8234 0.2637
-3.2500 0.2563 0.0188 0.0112 -0.1483 0.8170 0.2750
-3.0000 0.2959 0.0183 0.0107 -0.1503 0.8149 0.2893
-2.7500 0.3372 0.0178 0.0103 -0.1526 0.8129 0.3046
-2.5000 0.3501 0.0180 0.0105 -0.1497 0.8033 0.3159
-2.2500 0.3863 0.0176 0.0101 -0.1511 0.7995 0.3319
-2.0000 0.4256 0.0172 0.0097 -0.1530 0.7967 0.3484
-1.7500 0.4524 0.0171 0.0097 -0.1527 0.7911 0.3626
-1.5000 0.4780 0.0170 0.0096 -0.1521 0.7847 0.3768
-1.2500 0.5145 0.0167 0.0093 -0.1535 0.7810 0.3936
-1.0000 0.5544 0.0163 0.0090 -0.1556 0.7782 0.4117
-0.7500 0.5700 0.0165 0.0092 -0.1533 0.7694 0.4251
-0.5000 0.6045 0.0163 0.0090 -0.1543 0.7649 0.4429
-0.2500 0.6419 0.0160 0.0087 -0.1559 0.7609 0.4627
0.0000 0.6608 0.0161 0.0089 -0.1541 0.7523 0.4800
0.2500 0.6973 0.0158 0.0086 -0.1555 0.7476 0.5018
0.5000 0.7202 0.0158 0.0087 -0.1544 0.7399 0.5220
0.7500 0.7523 0.0156 0.0086 -0.1550 0.7342 0.5464
1.0000 0.7801 0.0155 0.0086 -0.1549 0.7276 0.5706
1.2500 0.8059 0.0155 0.0086 -0.1543 0.7201 0.5971
1.5000 0.8361 0.0153 0.0085 -0.1545 0.7140 0.6273
1.7500 0.8583 0.0153 0.0086 -0.1533 0.7060 0.6609
2.0000 0.8923 0.0150 0.0085 -0.1541 0.7006 0.7084
2.2500 0.9059 0.0150 0.0087 -0.1510 0.6914 0.7699
2.5000 0.9403 0.0146 0.0086 -0.1513 0.6852 0.9464
2.7500 0.9649 0.0147 0.0087 -0.1509 0.6765 1.0000
3.0000 0.9956 0.0148 0.0086 -0.1514 0.6690 1.0000
3.2500 1.0186 0.0150 0.0088 -0.1505 0.6606 1.0000
3.5000 1.0448 0.0151 0.0088 -0.1501 0.6522 1.0000
3.7500 1.0714 0.0152 0.0089 -0.1498 0.6442 1.0000
4.0000 1.0932 0.0154 0.0090 -0.1486 0.6351 1.0000
4.2500 1.1251 0.0155 0.0090 -0.1494 0.6278 1.0000
4.5000 1.1413 0.0157 0.0093 -0.1471 0.6181 1.0000
4.7500 1.1733 0.0158 0.0093 -0.1478 0.6102 1.0000
5.0000 1.1883 0.0161 0.0096 -0.1454 0.6003 1.0000
