-5.0000 -0.0218 0.0230 0.0151 -0.1232 0.7770 0.2844
-4.7500 0.0266 0.0223 0.0144 -0.1268 0.7756 0.2925
-4.5000 0.0757 0.0217 0.0138 -0.1305 0.7741 0.3003
-4.2500 0.1260 0.0211 0.0132 -0.1345 0.7725 0.3086
-4.0000 0.1384 0.0212 0.0132 -0.1316 0.7651 0.3145
-3.7500 0.1508 0.0212 0.0132 -0.1287 0.7576 0.3205
-3.5000 0.1958 0.0208 0.0128 -0.1317 0.7552 0.3297
-3.2500 0.2432 0.0203 0.0123 -0.1352 0.7531 0.3379
-3.0000 0.2495 0.0205 0.0126 -0.1312 0.7451 0.3442
-2.7500 0.2769 0.0204 0.0124 -0.1310 0.7396 0.3510
-2.5000 0.3198 0.0199 0.0120 -0.1337 0.7364 0.3603
-2.2500 0.3671 0.0196 0.0116 -0.1372 0.7337 0.3701
-2.0000 0.3746 0.0198 0.0119 -0.1334 0.7260 0.3758
-1.7500 0.4010 0.0197 0.0118 -0.1330 0.7202 0.3841
-1.5000 0.4453 0.0193 0.0114 -0.1359 0.7165 0.3938
-1.2500 0.4791 0.0192 0.0112 -0.1369 0.7114 0.4042
-1.0000 0.4914 0.0192 0.0114 -0.1339 0.7035 0.4113
-0.7500 0.5322 0.0190 0.0111 -0.1362 0.6992 0.4224
-0.5000 0.5700 0.0188 0.0109 -0.1380 0.6947 0.4318
-0.2500 0.5762 0.0190 0.0112 -0.1339 0.6865 0.4391
0.0000 0.6142 0.0188 0.0109 -0.1358 0.6818 0.4494
0.2500 0.6460 0.0188 0.0109 -0.1365 0.6768 0.4595
0.5000 0.6567 0.0190 0.0111 -0.1333 0.6692 0.4682
0.7500 0.6935 0.0188 0.0109 -0.1349 0.6642 0.4788
1.0000 0.7258 0.0187 0.0109 -0.1357 0.6588 0.4902
1.2500 0.7328 0.0189 0.0111 -0.1318 0.6506 0.4985
1.5000 0.7703 0.0187 0.0109 -0.1335 0.6449 0.5115
1.7500 0.7951 0.0188 0.0111 -0.1329 0.6388 0.5229
2.0000 0.8041 0.0190 0.0113 -0.1294 0.6312 0.5332
2.2500 0.8407 0.0189 0.0111 -0.1310 0.6254 0.5484
2.5000 0.8629 0.0190 0.0113 -0.1299 0.6189 0.5606
2.7500 0.8711 0.0192 0.0116 -0.1263 0.6111 0.5726
3.0000 0.9054 0.0191 0.0114 -0.1274 0.6051 0.5890
3.2500 0.9232 0.0193 0.0117 -0.1256 0.5981 0.6037
3.5000 0.9389 0.0194 0.0120 -0.1235 0.5906 0.6185
3.7500 0.9739 0.0193 0.0118 -0.1247 0.5848 0.6380
4.0000 0.9889 0.0196 0.0122 -0.1226 0.5779 0.6568
4.2500 1.0045 0.0198 0.0126 -0.1204 0.5707 0.6774
4.5000 1.0384 0.0197 0.0125 -0.1214 0.5648 0.7053
4.7500 1.0455 0.0201 0.0130 -0.1178 0.5571 0.7339
5.0000 1.0608 0.0202 0.0132 -0.1154 0.5497 0.7729
