-5.0000 -0.4442 0.0264 0.0171 -0.0364 0.9423 0.2468
-4.7500 -0.3971 0.0258 0.0167 -0.0401 0.9351 0.2651
-4.5000 -0.3657 0.0254 0.0164 -0.0410 0.9239 0.2815
-4.2500 -0.3204 0.0248 0.0158 -0.0443 0.9169 0.3041
-4.0000 -0.2901 0.0244 0.0155 -0.0449 0.9059 0.3237
-3.7500 -0.2460 0.0237 0.0151 -0.0479 0.8992 0.3513
-3.5000 -0.2157 0.0233 0.0148 -0.0483 0.8884 0.3787
-3.2500 -0.1731 0.0227 0.0144 -0.0509 0.8819 0.4143
-3.0000 -0.1420 0.0223 0.0142 -0.0513 0.8718 0.4521
-2.7500 -0.1007 0.0216 0.0139 -0.0532 0.8649 0.5024
-2.5000 -0.0709 0.0212 0.0137 -0.0529 0.8545 0.5539
-2.2500 -0.0328 0.0206 0.0134 -0.0536 0.8476 0.6123
-2.0000 -0.0068 0.0204 0.0134 -0.0521 0.8360 0.6632
-1.7500 0.0318 0.0199 0.0130 -0.0524 0.8301 0.7132
-1.5000 0.0558 0.0199 0.0131 -0.0504 0.8177 0.7523
-1.2500 0.0873 0.0197 0.0130 -0.0494 0.8085 0.7885
-1.0000 0.1203 0.0196 0.0129 -0.0486 0.7989 0.8218
-0.7500 0.1514 0.0197 0.0130 -0.0477 0.7868 0.8504
-0.5000 0.1947 0.0195 0.0127 -0.0486 0.7790 0.8782
-0.2500 0.2344 0.0197 0.0128 -0.0495 0.7653 0.9001
0.0000 0.2850 0.0198 0.0128 -0.0527 0.7536 0.9188
0.2500 0.3454 0.0197 0.0126 -0.0577 0.7441 0.9349
0.5000 0.4055 0.0197 0.0125 -0.0635 0.7295 0.9476
0.7500 0.4606 0.0197 0.0123 -0.0686 0.7149 0.9609
1.0000 0.5164 0.0195 0.0121 -0.0739 0.7005 0.9756
1.2500 0.5765 0.0193 0.0118 -0.0802 0.6869 0.9907
1.5000 0.6245 0.0192 0.0115 -0.0846 0.6734 1.0000
1.7500 0.6411 0.0192 0.0115 -0.0833 0.6609 1.0000
2.0000 0.6609 0.0193 0.0114 -0.0823 0.6509 1.0000
2.2500 0.6788 0.0194 0.0115 -0.0811 0.6398 1.0000
2.5000 0.6960 0.0195 0.0116 -0.0796 0.6290 1.0000
2.7500 0.7169 0.0196 0.0116 -0.0785 0.6195 1.0000
3.0000 0.7322 0.0199 0.0119 -0.0766 0.6085 1.0000
3.2500 0.7549 0.0200 0.0118 -0.0757 0.5994 1.0000
3.5000 0.7691 0.0203 0.0122 -0.0735 0.5882 1.0000
3.7500 0.7935 0.0205 0.0122 -0.0727 0.5795 1.0000
4.0000 0.8065 0.0209 0.0127 -0.0703 0.5685 1.0000
4.2500 0.8314 0.0210 0.0127 -0.0696 0.5599 1.0000
4.5000 0.8446 0.0215 0.0132 -0.0672 0.5491 1.0000
4.7500 0.8699 0.0217 0.0132 -0.0665 0.5403 1.0000
5.0000 0.8835 0.0221 0.0138 -0.0640 0.5297 1.0000
