-5.0000 -0.1188 0.0145 0.0078 -0.1110 0.8957 0.2236
-4.7500 -0.0878 0.0143 0.0075 -0.1115 0.8923 0.2375
-4.5000 -0.0537 0.0139 0.0072 -0.1127 0.8898 0.2521
-4.2500 -0.0184 0.0136 0.0069 -0.1140 0.8877 0.2678
-4.0000 0.0093 0.0134 0.0068 -0.1139 0.8829 0.2831
-3.7500 0.0359 0.0132 0.0066 -0.1135 0.8766 0.2988
-3.5000 0.0691 0.0128 0.0063 -0.1143 0.8731 0.3158
-3.2500 0.1041 0.0125 0.0060 -0.1155 0.8703 0.3332
-3.0000 0.1273 0.0125 0.0060 -0.1145 0.8633 0.3479
-2.7500 0.1574 0.0123 0.0059 -0.1148 0.8587 0.3641
-2.5000 0.1908 0.0120 0.0056 -0.1157 0.8552 0.3807
-2.2500 0.2176 0.0119 0.0055 -0.1153 0.8486 0.3964
-2.0000 0.2464 0.0117 0.0054 -0.1152 0.8421 0.4133
-1.7500 0.2799 0.0115 0.0052 -0.1160 0.8376 0.4319
-1.5000 0.3043 0.0114 0.0052 -0.1152 0.8296 0.4500
-1.2500 0.3345 0.0112 0.0050 -0.1154 0.8237 0.4700
-1.0000 0.3647 0.0111 0.0049 -0.1156 0.8181 0.4878
-0.7500 0.3905 0.0110 0.0049 -0.1150 0.8097 0.5053
-0.5000 0.4221 0.0108 0.0048 -0.1155 0.8036 0.5245
-0.2500 0.4473 0.0108 0.0048 -0.1147 0.7948 0.5423
0.0000 0.4770 0.0107 0.0047 -0.1148 0.7875 0.5608
0.2500 0.5038 0.0106 0.0047 -0.1144 0.7787 0.5789
0.5000 0.5322 0.0105 0.0046 -0.1142 0.7699 0.5977
0.7500 0.5585 0.0105 0.0046 -0.1137 0.7596 0.6192
1.0000 0.5867 0.0104 0.0046 -0.1134 0.7493 0.6408
1.2500 0.6114 0.0103 0.0046 -0.1125 0.7369 0.6624
1.5000 0.6387 0.0103 0.0046 -0.1121 0.7260 0.6837
1.7500 0.6641 0.0102 0.0046 -0.1114 0.7140 0.7076
2.0000 0.6889 0.0102 0.0046 -0.1105 0.7022 0.7346
2.2500 0.7146 0.0102 0.0046 -0.1097 0.6909 0.7669
2.5000 0.7371 0.0101 0.0047 -0.1082 0.6771 0.8067
2.7500 0.7577 0.0101 0.0048 -0.1062 0.6626 0.8593
3.0000 0.7852 0.0101 0.0049 -0.1056 0.6476 0.9319
3.2500 0.8313 0.0102 0.0050 -0.1094 0.6304 0.9993
3.5000 0.8541 0.0104 0.0050 -0.1083 0.6152 1.0000
3.7500 0.8769 0.0106 0.0051 -0.1073 0.6005 1.0000
4.0000 0.8985 0.0108 0.0052 -0.1060 0.5839 1.0000
4.2500 0.9196 0.0110 0.0053 -0.1046 0.5665 1.0000
4.5000 0.9406 0.0112 0.0055 -0.1032 0.5493 1.0000
4.7500 0.9617 0.0115 0.0057 -0.1019 0.5332 1.0000
5.0000 0.9828 0.0118 0.0059 -0.1005 0.5176 1.0000
