-5.0000 0.1331 0.0167 0.0086 -0.0941 0.6901 0.1083
-4.7500 0.1577 0.0165 0.0083 -0.0932 0.6798 0.1103
-4.5000 0.1824 0.0163 0.0081 -0.0923 0.6699 0.1125
-4.2500 0.2060 0.0162 0.0078 -0.0911 0.6588 0.1147
-4.0000 0.2303 0.0160 0.0076 -0.0901 0.6486 0.1168
-3.7500 0.2523 0.0157 0.0073 -0.0888 0.6388 0.1198
-3.5000 0.2757 0.0155 0.0071 -0.0877 0.6289 0.1231
-3.2500 0.2992 0.0154 0.0070 -0.0866 0.6181 0.1274
-3.0000 0.3217 0.0152 0.0068 -0.0853 0.6076 0.1318
-2.7500 0.3441 0.0151 0.0066 -0.0841 0.5973 0.1363
-2.5000 0.3672 0.0150 0.0065 -0.0829 0.5870 0.1411
-2.2500 0.3886 0.0148 0.0063 -0.0815 0.5764 0.1464
-2.0000 0.4111 0.0147 0.0062 -0.0803 0.5658 0.1527
-1.7500 0.4326 0.0146 0.0060 -0.0789 0.5552 0.1600
-1.5000 0.4542 0.0145 0.0059 -0.0775 0.5445 0.1693
-1.2500 0.4754 0.0143 0.0057 -0.0761 0.5342 0.1833
-1.0000 0.4882 0.0134 0.0056 -0.0738 0.5237 0.3989
-0.7500 0.5057 0.0131 0.0057 -0.0717 0.5125 0.5121
-0.5000 0.5249 0.0130 0.0058 -0.0699 0.5009 0.5710
-0.2500 0.5446 0.0131 0.0059 -0.0681 0.4892 0.6140
0.0000 0.5640 0.0131 0.0060 -0.0663 0.4778 0.6523
0.2500 0.5829 0.0132 0.0062 -0.0643 0.4658 0.6870
0.5000 0.6003 0.0133 0.0063 -0.0621 0.4537 0.7220
0.7500 0.6171 0.0134 0.0065 -0.0597 0.4416 0.7550
1.0000 0.6339 0.0135 0.0067 -0.0573 0.4294 0.7877
1.2500 0.6505 0.0137 0.0069 -0.0549 0.4169 0.8222
1.5000 0.6661 0.0140 0.0073 -0.0523 0.4043 0.8578
1.7500 0.6814 0.0143 0.0076 -0.0496 0.3917 0.8924
2.0000 0.6990 0.0147 0.0079 -0.0474 0.3790 0.9258
2.2500 0.7254 0.0152 0.0084 -0.0472 0.3663 0.9542
2.5000 0.7616 0.0158 0.0088 -0.0492 0.3527 0.9749
2.7500 0.8027 0.0165 0.0093 -0.0524 0.3414 0.9875
3.0000 0.8475 0.0171 0.0098 -0.0563 0.3308 0.9972
3.2500 0.8635 0.0174 0.0101 -0.0547 0.3239 1.0001
3.5000 0.8659 0.0176 0.0103 -0.0505 0.3189 1.0001
3.7500 0.8757 0.0179 0.0105 -0.0476 0.3141 1.0001
4.0000 0.8891 0.0183 0.0108 -0.0454 0.3094 1.0001
4.2500 0.9044 0.0187 0.0111 -0.0436 0.3057 1.0001
4.5000 0.9226 0.0191 0.0115 -0.0423 0.3021 1.0001
4.7500 0.9415 0.0195 0.0118 -0.0411 0.2986 1.0001
5.0000 0.9606 0.0200 0.0122 -0.0400 0.2956 1.0001
