-5.0000 -0.3508 0.0164 0.0092 -0.0357 0.8132 0.4233
-4.7500 -0.3264 0.0162 0.0089 -0.0347 0.8028 0.4362
-4.5000 -0.3015 0.0159 0.0087 -0.0337 0.7915 0.4477
-4.2500 -0.2788 0.0158 0.0086 -0.0325 0.7793 0.4592
-4.0000 -0.2550 0.0157 0.0084 -0.0314 0.7687 0.4714
-3.7500 -0.2281 0.0155 0.0083 -0.0309 0.7586 0.4821
-3.5000 -0.2048 0.0155 0.0082 -0.0298 0.7466 0.4934
-3.2500 -0.1801 0.0154 0.0081 -0.0289 0.7352 0.5047
-3.0000 -0.1539 0.0153 0.0080 -0.0283 0.7244 0.5154
-2.7500 -0.1301 0.0152 0.0078 -0.0273 0.7128 0.5270
-2.5000 -0.1048 0.0151 0.0078 -0.0266 0.7010 0.5368
-2.2500 -0.0801 0.0151 0.0077 -0.0257 0.6903 0.5485
-2.0000 -0.0537 0.0150 0.0076 -0.0251 0.6790 0.5589
-1.7500 -0.0299 0.0150 0.0076 -0.0242 0.6674 0.5707
-1.5000 -0.0049 0.0150 0.0076 -0.0234 0.6559 0.5819
-1.2500 0.0202 0.0150 0.0076 -0.0226 0.6443 0.5932
-1.0000 0.0452 0.0150 0.0075 -0.0218 0.6336 0.6055
-0.7500 0.0706 0.0149 0.0075 -0.0211 0.6222 0.6164
-0.5000 0.0950 0.0150 0.0075 -0.0202 0.6115 0.6284
-0.2500 0.1213 0.0150 0.0075 -0.0197 0.6007 0.6389
0.0000 0.1459 0.0150 0.0076 -0.0189 0.5898 0.6499
0.2500 0.1705 0.0150 0.0075 -0.0181 0.5791 0.6627
0.5000 0.1954 0.0151 0.0076 -0.0172 0.5679 0.6743
0.7500 0.2203 0.0151 0.0077 -0.0164 0.5572 0.6874
1.0000 0.2435 0.0152 0.0078 -0.0154 0.5465 0.7015
1.2500 0.2688 0.0153 0.0079 -0.0146 0.5359 0.7136
1.5000 0.2931 0.0154 0.0080 -0.0137 0.5258 0.7269
1.7500 0.3166 0.0155 0.0081 -0.0126 0.5151 0.7399
2.0000 0.3427 0.0157 0.0082 -0.0121 0.5055 0.7526
2.2500 0.3670 0.0158 0.0083 -0.0112 0.4957 0.7655
2.5000 0.3913 0.0159 0.0084 -0.0103 0.4860 0.7784
2.7500 0.4129 0.0160 0.0086 -0.0090 0.4764 0.7918
3.0000 0.4375 0.0162 0.0088 -0.0081 0.4676 0.8047
3.2500 0.4627 0.0165 0.0090 -0.0074 0.4589 0.8167
3.5000 0.4843 0.0166 0.0092 -0.0060 0.4502 0.8306
3.7500 0.5128 0.0170 0.0094 -0.0059 0.4424 0.8424
4.0000 0.5341 0.0172 0.0097 -0.0044 0.4343 0.8546
4.2500 0.5567 0.0174 0.0100 -0.0032 0.4271 0.8683
4.5000 0.5870 0.0178 0.0103 -0.0033 0.4204 0.8782
4.7500 0.6094 0.0181 0.0107 -0.0021 0.4134 0.8908
5.0000 0.6390 0.0185 0.0110 -0.0022 0.4068 0.9011
