-5.0000 -0.1609 0.0415 0.0328 -0.1115 0.8080 0.2145
-4.7500 -0.1156 0.0405 0.0316 -0.1144 0.8056 0.2248
-4.5000 -0.1171 0.0412 0.0324 -0.1106 0.7934 0.2281
-4.2500 -0.0791 0.0406 0.0316 -0.1124 0.7896 0.2383
-4.0000 -0.0377 0.0401 0.0312 -0.1143 0.7870 0.2478
-3.7500 -0.0199 0.0403 0.0314 -0.1132 0.7791 0.2558
-3.5000 -0.0022 0.0406 0.0316 -0.1122 0.7711 0.2638
-3.2500 0.0387 0.0401 0.0310 -0.1140 0.7683 0.2751
-3.0000 0.0825 0.0394 0.0304 -0.1161 0.7664 0.2882
-2.7500 0.0724 0.0410 0.0319 -0.1117 0.7529 0.2938
-2.5000 0.1120 0.0404 0.0314 -0.1132 0.7498 0.3065
-2.2500 0.1559 0.0397 0.0307 -0.1153 0.7477 0.3211
-2.0000 0.1712 0.0403 0.0313 -0.1139 0.7395 0.3319
-1.7500 0.1865 0.0410 0.0319 -0.1126 0.7313 0.3428
-1.5000 0.2293 0.0402 0.0312 -0.1143 0.7291 0.3577
-1.2500 0.2728 0.0394 0.0304 -0.1162 0.7273 0.3742
-1.0000 0.2799 0.0406 0.0316 -0.1141 0.7177 0.3850
-0.7500 0.2871 0.0417 0.0328 -0.1119 0.7081 0.3957
-0.5000 0.2942 0.0429 0.0340 -0.1098 0.6985 0.4065
-0.2500 0.3268 0.0428 0.0339 -0.1104 0.6944 0.4252
0.0000 0.3655 0.0422 0.0334 -0.1115 0.6919 0.4458
0.2500 0.4078 0.0413 0.0326 -0.1130 0.6903 0.4684
0.5000 0.4511 0.0404 0.0318 -0.1145 0.6888 0.4943
0.7500 0.4601 0.0416 0.0332 -0.1127 0.6803 0.5158
1.0000 0.4691 0.0429 0.0345 -0.1108 0.6718 0.5373
1.2500 0.4781 0.0442 0.0359 -0.1090 0.6633 0.5588
1.5000 0.4871 0.0454 0.0373 -0.1071 0.6548 0.5803
1.7500 0.5288 0.0443 0.0364 -0.1079 0.6531 0.6297
2.0000 0.5704 0.0428 0.0352 -0.1081 0.6520 0.7074
2.2500 0.6120 0.0413 0.0340 -0.1083 0.6509 0.7851
2.5000 0.6536 0.0398 0.0328 -0.1085 0.6498 0.8628
2.7500 0.6952 0.0383 0.0316 -0.1087 0.6487 0.9405
3.0000 0.7368 0.0368 0.0304 -0.1089 0.6476 1.0182
3.2500 0.7784 0.0353 0.0292 -0.1091 0.6465 1.0959
3.5000 0.8200 0.0338 0.0280 -0.1093 0.6454 1.1736
3.7500 0.8616 0.0323 0.0268 -0.1095 0.6443 1.2513
4.0000 0.9032 0.0308 0.0256 -0.1097 0.6432 1.3290
4.2500 0.9448 0.0293 0.0244 -0.1099 0.6421 1.4067
4.5000 0.9864 0.0278 0.0232 -0.1101 0.6410 1.4844
4.7500 1.0280 0.0263 0.0220 -0.1103 0.6399 1.5621
5.0000 1.0696 0.0248 0.0208 -0.1105 0.6388 1.6398
