-5.0000 -0.0599 0.0143 0.0067 -0.0913 0.7422 0.2491
-4.7500 -0.0367 0.0142 0.0066 -0.0903 0.7315 0.2567
-4.5000 -0.0095 0.0140 0.0064 -0.0900 0.7226 0.2648
-4.2500 0.0138 0.0139 0.0063 -0.0890 0.7121 0.2728
-4.0000 0.0404 0.0138 0.0062 -0.0886 0.7026 0.2815
-3.7500 0.0636 0.0137 0.0061 -0.0876 0.6919 0.2906
-3.5000 0.0898 0.0136 0.0059 -0.0871 0.6822 0.3009
-3.2500 0.1129 0.0135 0.0058 -0.0861 0.6711 0.3120
-3.0000 0.1379 0.0134 0.0057 -0.0854 0.6616 0.3235
-2.7500 0.1618 0.0133 0.0056 -0.0846 0.6509 0.3360
-2.5000 0.1858 0.0132 0.0055 -0.0837 0.6408 0.3500
-2.2500 0.2097 0.0131 0.0054 -0.0829 0.6309 0.3656
-2.0000 0.2324 0.0130 0.0054 -0.0818 0.6202 0.3846
-1.7500 0.2561 0.0129 0.0053 -0.0809 0.6107 0.4068
-1.5000 0.2788 0.0128 0.0053 -0.0798 0.6010 0.4349
-1.2500 0.3017 0.0127 0.0054 -0.0788 0.5917 0.4676
-1.0000 0.3255 0.0127 0.0054 -0.0779 0.5832 0.5017
-0.7500 0.3481 0.0126 0.0054 -0.0768 0.5741 0.5329
-0.5000 0.3726 0.0127 0.0055 -0.0760 0.5665 0.5633
-0.2500 0.3960 0.0127 0.0056 -0.0750 0.5583 0.5910
0.0000 0.4217 0.0128 0.0056 -0.0745 0.5516 0.6161
0.2500 0.4456 0.0129 0.0057 -0.0736 0.5441 0.6379
0.5000 0.4696 0.0129 0.0059 -0.0727 0.5366 0.6596
0.7500 0.4936 0.0129 0.0060 -0.0718 0.5296 0.6807
1.0000 0.5178 0.0130 0.0061 -0.0710 0.5229 0.7028
1.2500 0.5438 0.0131 0.0062 -0.0705 0.5170 0.7234
1.5000 0.5666 0.0132 0.0063 -0.0693 0.5108 0.7449
1.7500 0.5914 0.0133 0.0065 -0.0686 0.5053 0.7658
2.0000 0.6173 0.0134 0.0066 -0.0681 0.5000 0.7874
2.2500 0.6391 0.0135 0.0068 -0.0667 0.4942 0.8088
2.5000 0.6627 0.0136 0.0070 -0.0656 0.4888 0.8303
2.7500 0.6880 0.0138 0.0072 -0.0649 0.4840 0.8522
3.0000 0.7092 0.0140 0.0074 -0.0634 0.4790 0.8745
3.2500 0.7317 0.0141 0.0076 -0.0621 0.4741 0.8969
3.5000 0.7606 0.0144 0.0078 -0.0620 0.4693 0.9163
3.7500 0.7859 0.0147 0.0081 -0.0613 0.4643 0.9355
4.0000 0.8165 0.0149 0.0084 -0.0618 0.4591 0.9521
4.2500 0.8584 0.0153 0.0086 -0.0647 0.4544 0.9617
4.5000 0.8986 0.0157 0.0090 -0.0673 0.4497 0.9718
4.7500 0.9467 0.0160 0.0094 -0.0717 0.4443 0.9782
5.0000 0.9922 0.0164 0.0097 -0.0755 0.4392 0.9863
