-5.0000 -0.1804 0.0132 0.0061 -0.0759 0.8631 0.1958
-4.7500 -0.1555 0.0129 0.0059 -0.0752 0.8522 0.2066
-4.5000 -0.1272 0.0126 0.0056 -0.0750 0.8437 0.2188
-4.2500 -0.1016 0.0125 0.0054 -0.0744 0.8325 0.2318
-4.0000 -0.0750 0.0122 0.0052 -0.0739 0.8228 0.2455
-3.7500 -0.0483 0.0120 0.0050 -0.0735 0.8121 0.2608
-3.5000 -0.0226 0.0118 0.0049 -0.0729 0.8003 0.2763
-3.2500 0.0042 0.0116 0.0047 -0.0725 0.7893 0.2935
-3.0000 0.0305 0.0114 0.0045 -0.0720 0.7775 0.3125
-2.7500 0.0556 0.0112 0.0043 -0.0714 0.7649 0.3339
-2.5000 0.0814 0.0110 0.0042 -0.0708 0.7527 0.3609
-2.2500 0.1061 0.0108 0.0041 -0.0701 0.7392 0.3966
-2.0000 0.1303 0.0105 0.0040 -0.0693 0.7255 0.4453
-1.7500 0.1550 0.0103 0.0039 -0.0684 0.7130 0.5000
-1.5000 0.1792 0.0102 0.0039 -0.0675 0.6997 0.5492
-1.2500 0.2039 0.0101 0.0039 -0.0667 0.6867 0.5925
-1.0000 0.2290 0.0101 0.0039 -0.0658 0.6738 0.6298
-0.7500 0.2538 0.0100 0.0040 -0.0649 0.6596 0.6640
-0.5000 0.2790 0.0100 0.0040 -0.0641 0.6465 0.6959
-0.2500 0.3042 0.0100 0.0040 -0.0632 0.6339 0.7256
0.0000 0.3289 0.0100 0.0041 -0.0623 0.6208 0.7557
0.2500 0.3539 0.0101 0.0042 -0.0613 0.6092 0.7860
0.5000 0.3788 0.0101 0.0042 -0.0603 0.5974 0.8135
0.7500 0.4038 0.0102 0.0043 -0.0594 0.5860 0.8402
1.0000 0.4292 0.0104 0.0044 -0.0585 0.5749 0.8645
1.2500 0.4545 0.0105 0.0046 -0.0575 0.5638 0.8888
1.5000 0.4815 0.0107 0.0047 -0.0569 0.5536 0.9092
1.7500 0.5112 0.0109 0.0049 -0.0569 0.5431 0.9270
2.0000 0.5437 0.0111 0.0050 -0.0576 0.5338 0.9422
2.2500 0.5784 0.0113 0.0052 -0.0588 0.5241 0.9562
2.5000 0.6210 0.0116 0.0054 -0.0618 0.5153 0.9652
2.7500 0.6660 0.0118 0.0056 -0.0652 0.5054 0.9743
3.0000 0.7134 0.0120 0.0057 -0.0693 0.4959 0.9808
3.2500 0.7551 0.0122 0.0059 -0.0723 0.4865 0.9889
3.5000 0.8014 0.0124 0.0060 -0.0763 0.4782 0.9936
3.7500 0.8468 0.0126 0.0061 -0.0801 0.4700 0.9993
4.0000 0.8687 0.0127 0.0062 -0.0792 0.4631 1.0000
4.2500 0.8871 0.0129 0.0063 -0.0776 0.4566 1.0000
4.5000 0.9044 0.0129 0.0064 -0.0757 0.4497 1.0000
4.7500 0.9223 0.0131 0.0065 -0.0739 0.4429 1.0000
5.0000 0.9412 0.0133 0.0067 -0.0723 0.4366 1.0000
