-5.0000 -0.5431 0.0295 0.0208 -0.0205 0.8821 0.3953
-4.7500 -0.4968 0.0291 0.0204 -0.0237 0.8774 0.4099
-4.5000 -0.4792 0.0290 0.0202 -0.0221 0.8658 0.4216
-4.2500 -0.4333 0.0286 0.0200 -0.0252 0.8617 0.4364
-4.0000 -0.4120 0.0286 0.0200 -0.0240 0.8503 0.4474
-3.7500 -0.3621 0.0281 0.0196 -0.0275 0.8463 0.4631
-3.5000 -0.3416 0.0279 0.0195 -0.0261 0.8346 0.4749
-3.2500 -0.2916 0.0274 0.0190 -0.0296 0.8312 0.4913
-3.0000 -0.2737 0.0273 0.0189 -0.0278 0.8198 0.5051
-2.7500 -0.2248 0.0267 0.0184 -0.0308 0.8162 0.5215
-2.5000 -0.2024 0.0266 0.0184 -0.0295 0.8050 0.5335
-2.2500 -0.1563 0.0259 0.0178 -0.0319 0.8011 0.5501
-2.0000 -0.1374 0.0259 0.0178 -0.0301 0.7899 0.5647
-1.7500 -0.0937 0.0253 0.0172 -0.0321 0.7860 0.5826
-1.5000 -0.0770 0.0254 0.0174 -0.0300 0.7742 0.5979
-1.2500 -0.0326 0.0248 0.0168 -0.0318 0.7699 0.6157
-1.0000 -0.0147 0.0249 0.0170 -0.0298 0.7575 0.6299
-0.7500 0.0298 0.0242 0.0164 -0.0315 0.7527 0.6483
-0.5000 0.0466 0.0244 0.0166 -0.0292 0.7400 0.6632
-0.2500 0.0895 0.0238 0.0161 -0.0306 0.7343 0.6817
0.0000 0.1060 0.0240 0.0164 -0.0283 0.7221 0.6976
0.2500 0.1453 0.0237 0.0160 -0.0292 0.7155 0.7160
0.5000 0.1649 0.0239 0.0163 -0.0273 0.7047 0.7333
0.7500 0.1981 0.0238 0.0162 -0.0272 0.6964 0.7517
1.0000 0.2276 0.0238 0.0162 -0.0266 0.6873 0.7698
1.2500 0.2543 0.0238 0.0163 -0.0255 0.6765 0.7875
1.5000 0.2927 0.0237 0.0161 -0.0262 0.6687 0.8048
1.7500 0.3108 0.0240 0.0165 -0.0240 0.6566 0.8221
2.0000 0.3616 0.0239 0.0164 -0.0266 0.6493 0.8362
2.2500 0.3831 0.0245 0.0170 -0.0250 0.6360 0.8508
2.5000 0.4350 0.0243 0.0167 -0.0281 0.6275 0.8641
2.7500 0.4539 0.0248 0.0173 -0.0263 0.6145 0.8804
3.0000 0.5195 0.0249 0.0171 -0.0321 0.6053 0.8881
3.2500 0.5484 0.0254 0.0177 -0.0323 0.5918 0.9022
3.5000 0.6060 0.0254 0.0176 -0.0372 0.5809 0.9125
3.7500 0.6531 0.0257 0.0179 -0.0407 0.5671 0.9226
4.0000 0.6947 0.0259 0.0180 -0.0433 0.5564 0.9360
4.2500 0.7512 0.0259 0.0180 -0.0486 0.5433 0.9441
4.5000 0.7919 0.0261 0.0182 -0.0513 0.5306 0.9567
4.7500 0.8476 0.0260 0.0179 -0.0565 0.5189 0.9663
5.0000 0.8902 0.0262 0.0181 -0.0600 0.5048 0.9776
