-5.0000 -0.3985 0.0163 0.0084 -0.0380 0.9615 0.1484
-4.7500 -0.3568 0.0159 0.0082 -0.0411 0.9570 0.1736
-4.5000 -0.3159 0.0156 0.0080 -0.0440 0.9526 0.2011
-4.2500 -0.2840 0.0152 0.0077 -0.0449 0.9437 0.2260
-4.0000 -0.2416 0.0147 0.0074 -0.0479 0.9393 0.2557
-3.7500 -0.1981 0.0142 0.0070 -0.0510 0.9360 0.2886
-3.5000 -0.1712 0.0138 0.0067 -0.0508 0.9254 0.3193
-3.2500 -0.1348 0.0132 0.0064 -0.0524 0.9197 0.3609
-3.0000 -0.1056 0.0127 0.0062 -0.0524 0.9110 0.4186
-2.7500 -0.0765 0.0122 0.0059 -0.0525 0.9024 0.4763
-2.5000 -0.0441 0.0117 0.0057 -0.0529 0.8961 0.5470
-2.2500 -0.0216 0.0114 0.0056 -0.0513 0.8829 0.6043
-2.0000 0.0088 0.0111 0.0054 -0.0510 0.8751 0.6559
-1.7500 0.0323 0.0109 0.0053 -0.0495 0.8611 0.6986
-1.5000 0.0588 0.0106 0.0052 -0.0483 0.8495 0.7405
-1.2500 0.0852 0.0105 0.0051 -0.0471 0.8370 0.7794
-1.0000 0.1102 0.0104 0.0051 -0.0456 0.8222 0.8127
-0.7500 0.1367 0.0104 0.0051 -0.0444 0.8084 0.8426
-0.5000 0.1636 0.0104 0.0051 -0.0433 0.7946 0.8717
-0.2500 0.1933 0.0105 0.0051 -0.0428 0.7800 0.8960
0.0000 0.2243 0.0106 0.0051 -0.0426 0.7644 0.9183
0.2500 0.2585 0.0107 0.0052 -0.0432 0.7476 0.9361
0.5000 0.2989 0.0108 0.0052 -0.0451 0.7295 0.9502
0.7500 0.3442 0.0110 0.0052 -0.0483 0.7101 0.9612
1.0000 0.3873 0.0111 0.0052 -0.0512 0.6916 0.9728
1.2500 0.4357 0.0112 0.0052 -0.0553 0.6728 0.9813
1.5000 0.4841 0.0113 0.0052 -0.0595 0.6536 0.9919
1.7500 0.5310 0.0114 0.0051 -0.0635 0.6345 1.0000
2.0000 0.5530 0.0115 0.0051 -0.0627 0.6181 1.0000
2.2500 0.5752 0.0115 0.0051 -0.0618 0.6029 1.0000
2.5000 0.5972 0.0116 0.0051 -0.0609 0.5885 1.0000
2.7500 0.6193 0.0118 0.0052 -0.0599 0.5750 1.0000
3.0000 0.6414 0.0119 0.0052 -0.0589 0.5617 1.0000
3.2500 0.6632 0.0120 0.0053 -0.0578 0.5482 1.0000
3.5000 0.6851 0.0122 0.0054 -0.0567 0.5351 1.0000
3.7500 0.7072 0.0124 0.0055 -0.0556 0.5225 1.0000
4.0000 0.7290 0.0126 0.0057 -0.0544 0.5101 1.0000
4.2500 0.7514 0.0128 0.0059 -0.0534 0.4991 1.0000
4.5000 0.7732 0.0130 0.0060 -0.0522 0.4866 1.0000
4.7500 0.7949 0.0132 0.0062 -0.0510 0.4736 1.0000
5.0000 0.8166 0.0134 0.0064 -0.0498 0.4608 1.0000
