-5.0000 -0.4435 0.0270 0.0184 -0.0308 0.8766 0.3793
-4.7500 -0.4200 0.0267 0.0182 -0.0299 0.8644 0.3964
-4.5000 -0.3691 0.0260 0.0176 -0.0337 0.8606 0.4210
-4.2500 -0.3473 0.0258 0.0175 -0.0323 0.8481 0.4405
-4.0000 -0.2979 0.0251 0.0169 -0.0354 0.8440 0.4682
-3.7500 -0.2752 0.0248 0.0168 -0.0340 0.8317 0.4906
-3.5000 -0.2409 0.0244 0.0164 -0.0344 0.8234 0.5155
-3.2500 -0.2067 0.0240 0.0161 -0.0347 0.8150 0.5405
-3.0000 -0.1743 0.0237 0.0159 -0.0346 0.8063 0.5645
-2.7500 -0.1419 0.0233 0.0157 -0.0345 0.7977 0.5886
-2.5000 -0.1183 0.0233 0.0157 -0.0330 0.7860 0.6091
-2.2500 -0.0788 0.0229 0.0153 -0.0339 0.7794 0.6313
-2.0000 -0.0564 0.0229 0.0154 -0.0322 0.7669 0.6499
-1.7500 -0.0155 0.0225 0.0150 -0.0333 0.7601 0.6702
-1.5000 0.0062 0.0225 0.0151 -0.0314 0.7463 0.6875
-1.2500 0.0429 0.0223 0.0148 -0.0317 0.7375 0.7061
-1.0000 0.0681 0.0223 0.0148 -0.0303 0.7244 0.7234
-0.7500 0.0965 0.0223 0.0149 -0.0294 0.7131 0.7407
-0.5000 0.1292 0.0223 0.0148 -0.0292 0.7028 0.7572
-0.2500 0.1540 0.0225 0.0150 -0.0279 0.6905 0.7725
0.0000 0.1898 0.0224 0.0148 -0.0283 0.6811 0.7877
0.2500 0.2120 0.0226 0.0150 -0.0266 0.6679 0.8030
0.5000 0.2457 0.0227 0.0150 -0.0267 0.6580 0.8178
0.7500 0.2766 0.0230 0.0153 -0.0264 0.6454 0.8304
1.0000 0.3105 0.0234 0.0156 -0.0267 0.6338 0.8430
1.2500 0.3531 0.0237 0.0158 -0.0283 0.6231 0.8553
1.5000 0.3876 0.0241 0.0163 -0.0289 0.6111 0.8683
1.7500 0.4307 0.0244 0.0164 -0.0310 0.6012 0.8808
2.0000 0.4646 0.0248 0.0168 -0.0320 0.5894 0.8929
2.2500 0.5216 0.0250 0.0169 -0.0370 0.5793 0.8996
2.5000 0.5531 0.0254 0.0173 -0.0380 0.5684 0.9128
2.7500 0.6127 0.0255 0.0173 -0.0437 0.5581 0.9194
3.0000 0.6445 0.0259 0.0176 -0.0449 0.5482 0.9323
3.2500 0.6953 0.0260 0.0177 -0.0494 0.5381 0.9400
3.5000 0.7316 0.0262 0.0178 -0.0514 0.5295 0.9516
3.7500 0.7780 0.0263 0.0180 -0.0555 0.5186 0.9606
4.0000 0.8240 0.0264 0.0179 -0.0591 0.5105 0.9711
4.2500 0.8685 0.0267 0.0183 -0.0633 0.4997 0.9815
4.5000 0.9186 0.0267 0.0181 -0.0679 0.4914 0.9907
4.7500 0.9636 0.0269 0.0185 -0.0723 0.4813 1.0000
5.0000 0.9772 0.0271 0.0186 -0.0705 0.4740 1.0000
