-5.0000 -0.2257 0.0404 0.0333 -0.0676 0.9355 0.1017
-4.7500 -0.1914 0.0408 0.0340 -0.0695 0.9223 0.1168
-4.5000 -0.1410 0.0377 0.0304 -0.0741 0.9162 0.1178
-4.2500 -0.1124 0.0356 0.0279 -0.0744 0.9038 0.1184
-4.0000 -0.0655 0.0332 0.0250 -0.0778 0.8980 0.1198
-3.7500 -0.0270 0.0314 0.0230 -0.0795 0.8891 0.1216
-3.5000 0.0116 0.0297 0.0210 -0.0812 0.8802 0.1233
-3.2500 0.0634 0.0279 0.0190 -0.0848 0.8757 0.1277
-3.0000 0.0920 0.0268 0.0177 -0.0845 0.8627 0.1328
-2.7500 0.1377 0.0254 0.0161 -0.0867 0.8562 0.1405
-2.5000 0.1685 0.0244 0.0152 -0.0867 0.8441 0.1488
-2.2500 0.2089 0.0231 0.0139 -0.0880 0.8357 0.1611
-2.0000 0.2390 0.0223 0.0130 -0.0877 0.8229 0.1744
-1.7500 0.2766 0.0211 0.0119 -0.0885 0.8138 0.1929
-1.5000 0.3031 0.0202 0.0112 -0.0876 0.7990 0.2120
-1.2500 0.3329 0.0191 0.0103 -0.0871 0.7862 0.2389
-1.0000 0.3635 0.0179 0.0094 -0.0868 0.7735 0.2982
-0.7500 0.4614 0.0157 0.0092 -0.0961 0.7565 1.0000
-0.5000 0.4841 0.0155 0.0088 -0.0947 0.7371 1.0000
-0.2500 0.5050 0.0155 0.0085 -0.0930 0.7157 1.0000
0.0000 0.5273 0.0155 0.0083 -0.0916 0.6942 1.0000
0.2500 0.5501 0.0156 0.0081 -0.0902 0.6727 1.0000
0.5000 0.5730 0.0157 0.0080 -0.0889 0.6512 1.0000
0.7500 0.5961 0.0159 0.0079 -0.0877 0.6305 1.0000
1.0000 0.6192 0.0161 0.0078 -0.0865 0.6105 1.0000
1.2500 0.6422 0.0164 0.0079 -0.0854 0.5915 1.0000
1.5000 0.6653 0.0167 0.0080 -0.0843 0.5741 1.0000
1.7500 0.6891 0.0170 0.0081 -0.0834 0.5583 1.0000
2.0000 0.7122 0.0174 0.0083 -0.0825 0.5436 1.0000
2.2500 0.7354 0.0178 0.0086 -0.0816 0.5304 1.0000
2.5000 0.7597 0.0182 0.0089 -0.0809 0.5192 1.0000
2.7500 0.7857 0.0186 0.0091 -0.0805 0.5095 1.0000
3.0000 0.8089 0.0191 0.0096 -0.0798 0.4997 1.0000
3.2500 0.8361 0.0196 0.0099 -0.0797 0.4924 1.0000
3.5000 0.8592 0.0201 0.0104 -0.0789 0.4842 1.0000
3.7500 0.8862 0.0205 0.0107 -0.0788 0.4775 1.0000
4.0000 0.9094 0.0211 0.0113 -0.0781 0.4702 1.0000
4.2500 0.9351 0.0216 0.0117 -0.0778 0.4639 1.0000
4.5000 0.9606 0.0222 0.0123 -0.0776 0.4585 1.0000
4.7500 0.9838 0.0228 0.0130 -0.0770 0.4526 1.0000
5.0000 1.0107 0.0233 0.0134 -0.0769 0.4478 1.0000
