-5.0000 -0.1938 0.0339 0.0249 -0.0713 0.8708 0.1392
-4.7500 -0.1409 0.0321 0.0230 -0.0753 0.8663 0.1451
-4.5000 -0.1105 0.0311 0.0218 -0.0753 0.8548 0.1502
-4.2500 -0.0567 0.0293 0.0200 -0.0792 0.8508 0.1586
-4.0000 -0.0288 0.0285 0.0190 -0.0785 0.8389 0.1661
-3.7500 0.0196 0.0271 0.0175 -0.0814 0.8344 0.1773
-3.5000 0.0459 0.0262 0.0168 -0.0806 0.8221 0.1863
-3.2500 0.0916 0.0248 0.0154 -0.0829 0.8171 0.2010
-3.0000 0.1167 0.0240 0.0147 -0.0818 0.8043 0.2137
-2.7500 0.1568 0.0227 0.0135 -0.0831 0.7976 0.2327
-2.5000 0.1830 0.0219 0.0129 -0.0823 0.7854 0.2520
-2.2500 0.2082 0.0211 0.0123 -0.0813 0.7734 0.2772
-2.0000 0.2398 0.0197 0.0115 -0.0813 0.7648 0.3611
-1.7500 0.2519 0.0186 0.0117 -0.0771 0.7511 0.6477
-1.5000 0.2738 0.0184 0.0118 -0.0734 0.7385 0.7736
-1.2500 0.3068 0.0182 0.0116 -0.0716 0.7274 0.8442
-1.0000 0.3437 0.0184 0.0117 -0.0711 0.7127 0.8900
-0.7500 0.3883 0.0185 0.0116 -0.0727 0.6963 0.9205
-0.5000 0.4490 0.0186 0.0115 -0.0776 0.6780 0.9446
-0.2500 0.5165 0.0187 0.0113 -0.0844 0.6576 0.9646
0.0000 0.5840 0.0187 0.0110 -0.0917 0.6354 0.9843
0.2500 0.6470 0.0186 0.0107 -0.0986 0.6137 1.0000
0.5000 0.6622 0.0187 0.0106 -0.0970 0.5969 1.0000
0.7500 0.6789 0.0187 0.0105 -0.0955 0.5822 1.0000
1.0000 0.6963 0.0188 0.0104 -0.0939 0.5684 1.0000
1.2500 0.7111 0.0191 0.0105 -0.0920 0.5544 1.0000
1.5000 0.7312 0.0193 0.0105 -0.0907 0.5436 1.0000
1.7500 0.7463 0.0196 0.0107 -0.0887 0.5317 1.0000
2.0000 0.7671 0.0199 0.0109 -0.0876 0.5226 1.0000
2.2500 0.7836 0.0203 0.0112 -0.0857 0.5126 1.0000
2.5000 0.8074 0.0206 0.0113 -0.0850 0.5048 1.0000
2.7500 0.8221 0.0210 0.0118 -0.0829 0.4957 1.0000
3.0000 0.8455 0.0214 0.0120 -0.0821 0.4886 1.0000
3.2500 0.8640 0.0219 0.0124 -0.0806 0.4818 1.0000
3.5000 0.8832 0.0224 0.0129 -0.0792 0.4752 1.0000
3.7500 0.9084 0.0228 0.0132 -0.0787 0.4697 1.0000
4.0000 0.9280 0.0234 0.0138 -0.0774 0.4641 1.0000
4.2500 0.9457 0.0239 0.0143 -0.0758 0.4579 1.0000
4.5000 0.9700 0.0244 0.0147 -0.0752 0.4526 1.0000
4.7500 0.9967 0.0250 0.0152 -0.0752 0.4482 1.0000
5.0000 1.0108 0.0257 0.0161 -0.0731 0.4429 1.0000
