-5.0000 0.0165 0.0252 0.0176 -0.1579 0.8845 0.1039
-4.7500 0.0509 0.0248 0.0172 -0.1594 0.8820 0.1130
-4.5000 0.0884 0.0243 0.0167 -0.1614 0.8801 0.1240
-4.2500 0.1275 0.0239 0.0163 -0.1636 0.8786 0.1373
-4.0000 0.1673 0.0235 0.0159 -0.1659 0.8775 0.1516
-3.7500 0.1883 0.0236 0.0160 -0.1649 0.8717 0.1634
-3.5000 0.2092 0.0237 0.0161 -0.1640 0.8659 0.1752
-3.2500 0.2466 0.0233 0.0158 -0.1658 0.8641 0.1924
-3.0000 0.2857 0.0230 0.0155 -0.1679 0.8627 0.2115
-2.7500 0.3258 0.0226 0.0152 -0.1702 0.8617 0.2329
-2.5000 0.3550 0.0225 0.0152 -0.1705 0.8579 0.2532
-2.2500 0.3843 0.0224 0.0152 -0.1709 0.8540 0.2734
-2.0000 0.4136 0.0224 0.0151 -0.1713 0.8502 0.2937
-1.7500 0.4428 0.0223 0.0151 -0.1716 0.8463 0.3140
-1.5000 0.4828 0.0219 0.0147 -0.1736 0.8453 0.3397
-1.2500 0.5135 0.0217 0.0146 -0.1740 0.8414 0.3643
-1.0000 0.5442 0.0215 0.0145 -0.1744 0.8376 0.3888
-0.7500 0.5748 0.0213 0.0144 -0.1749 0.8337 0.4133
-0.5000 0.6055 0.0211 0.0143 -0.1753 0.8298 0.4379
-0.2500 0.6478 0.0205 0.0138 -0.1776 0.8290 0.4672
0.0000 0.6904 0.0199 0.0133 -0.1800 0.8282 0.4964
0.2500 0.7182 0.0198 0.0132 -0.1798 0.8233 0.5237
0.5000 0.7461 0.0196 0.0132 -0.1796 0.8185 0.5510
0.7500 0.7739 0.0195 0.0131 -0.1794 0.8136 0.5783
1.0000 0.8152 0.0189 0.0126 -0.1815 0.8124 0.6115
1.2500 0.8389 0.0188 0.0126 -0.1805 0.8060 0.6420
1.5000 0.8626 0.0187 0.0126 -0.1795 0.7996 0.6725
1.7500 0.9021 0.0179 0.0120 -0.1812 0.7978 0.7195
2.0000 0.9399 0.0169 0.0113 -0.1822 0.7960 0.8110
2.2500 0.9493 0.0170 0.0115 -0.1783 0.7851 1.0000
2.5000 0.9920 0.0164 0.0109 -0.1807 0.7819 1.0000
2.7500 1.0359 0.0159 0.0103 -0.1835 0.7793 1.0000
3.0000 1.0514 0.0162 0.0106 -0.1810 0.7691 1.0000
3.2500 1.0938 0.0156 0.0100 -0.1834 0.7648 1.0000
3.5000 1.1152 0.0156 0.0100 -0.1819 0.7549 1.0000
3.7500 1.1536 0.0152 0.0096 -0.1835 0.7490 1.0000
4.0000 1.1743 0.0154 0.0097 -0.1820 0.7389 1.0000
4.2500 1.2122 0.0150 0.0093 -0.1835 0.7319 1.0000
4.5000 1.2318 0.0151 0.0094 -0.1817 0.7200 1.0000
4.7500 1.2586 0.0150 0.0094 -0.1812 0.7092 1.0000
5.0000 1.2901 0.0149 0.0092 -0.1815 0.6982 1.0000
