-5.0000 0.0176 0.0253 0.0177 -0.1574 0.8756 0.1265
-4.7500 0.0558 0.0248 0.0172 -0.1594 0.8740 0.1360
-4.5000 0.0944 0.0245 0.0169 -0.1615 0.8728 0.1467
-4.2500 0.1165 0.0245 0.0169 -0.1608 0.8675 0.1562
-4.0000 0.1386 0.0245 0.0169 -0.1601 0.8621 0.1656
-3.7500 0.1760 0.0241 0.0166 -0.1619 0.8601 0.1801
-3.5000 0.2148 0.0237 0.0162 -0.1640 0.8588 0.1964
-3.2500 0.2541 0.0234 0.0159 -0.1661 0.8577 0.2143
-3.0000 0.2765 0.0235 0.0161 -0.1653 0.8520 0.2291
-2.7500 0.2989 0.0236 0.0162 -0.1645 0.8463 0.2439
-2.5000 0.3381 0.0232 0.0158 -0.1665 0.8447 0.2642
-2.2500 0.3783 0.0227 0.0154 -0.1686 0.8437 0.2855
-2.0000 0.4187 0.0223 0.0150 -0.1707 0.8428 0.3069
-1.7500 0.4481 0.0221 0.0149 -0.1709 0.8386 0.3266
-1.5000 0.4774 0.0220 0.0148 -0.1712 0.8343 0.3463
-1.2500 0.5068 0.0218 0.0147 -0.1714 0.8301 0.3660
-1.0000 0.5488 0.0212 0.0142 -0.1736 0.8293 0.3918
-0.7500 0.5918 0.0207 0.0137 -0.1762 0.8286 0.4179
-0.5000 0.6115 0.0209 0.0140 -0.1747 0.8219 0.4376
-0.2500 0.6311 0.0210 0.0142 -0.1731 0.8153 0.4573
0.0000 0.6508 0.0212 0.0145 -0.1716 0.8086 0.4770
0.2500 0.6870 0.0208 0.0141 -0.1728 0.8060 0.5029
0.5000 0.7276 0.0202 0.0136 -0.1748 0.8043 0.5315
0.7500 0.7706 0.0196 0.0131 -0.1772 0.8029 0.5600
1.0000 0.8133 0.0189 0.0125 -0.1796 0.8016 0.5880
1.2500 0.8561 0.0182 0.0119 -0.1819 0.8003 0.6174
1.5000 0.8808 0.0181 0.0118 -0.1810 0.7938 0.6460
1.7500 0.9056 0.0179 0.0118 -0.1802 0.7874 0.6745
2.0000 0.9482 0.0171 0.0112 -0.1825 0.7855 0.7158
2.2500 0.9566 0.0174 0.0116 -0.1786 0.7750 0.7622
2.5000 0.9899 0.0163 0.0109 -0.1785 0.7716 1.0000
2.7500 1.0345 0.0158 0.0103 -0.1815 0.7682 1.0000
3.0000 1.0497 0.0161 0.0105 -0.1790 0.7573 1.0000
3.2500 1.0942 0.0155 0.0099 -0.1818 0.7530 1.0000
3.5000 1.1115 0.0157 0.0101 -0.1796 0.7427 1.0000
3.7500 1.1514 0.0154 0.0097 -0.1817 0.7373 1.0000
4.0000 1.1702 0.0155 0.0098 -0.1797 0.7267 1.0000
4.2500 1.2104 0.0152 0.0094 -0.1817 0.7194 1.0000
4.5000 1.2274 0.0153 0.0095 -0.1794 0.7067 1.0000
4.7500 1.2509 0.0153 0.0095 -0.1782 0.6945 1.0000
5.0000 1.2799 0.0152 0.0093 -0.1781 0.6829 1.0000
