-5.0000 -0.5084 0.0282 0.0187 -0.0111 0.9938 0.1185
-4.7500 -0.4613 0.0272 0.0176 -0.0150 0.9872 0.1252
-4.5000 -0.4189 0.0263 0.0166 -0.0180 0.9783 0.1335
-4.2500 -0.3709 0.0254 0.0157 -0.0220 0.9718 0.1443
-4.0000 -0.3323 0.0245 0.0150 -0.0243 0.9619 0.1567
-3.7500 -0.2842 0.0237 0.0143 -0.0284 0.9547 0.1749
-3.5000 -0.2483 0.0227 0.0136 -0.0302 0.9435 0.1951
-3.2500 -0.2064 0.0217 0.0129 -0.0331 0.9348 0.2294
-3.0000 -0.1722 0.0200 0.0124 -0.0348 0.9250 0.3946
-2.7500 -0.1462 0.0192 0.0127 -0.0333 0.9134 0.6257
-2.5000 -0.1014 0.0190 0.0127 -0.0347 0.9064 0.7125
-2.2500 -0.0698 0.0189 0.0127 -0.0339 0.8930 0.7635
-2.0000 -0.0351 0.0188 0.0127 -0.0330 0.8805 0.8079
-1.7500 0.0127 0.0186 0.0124 -0.0341 0.8727 0.8469
-1.5000 0.0507 0.0186 0.0123 -0.0339 0.8586 0.8744
-1.2500 0.0942 0.0185 0.0122 -0.0351 0.8461 0.8998
-1.0000 0.1632 0.0184 0.0120 -0.0404 0.8378 0.9205
-0.7500 0.2345 0.0184 0.0118 -0.0469 0.8229 0.9400
-0.5000 0.2936 0.0181 0.0114 -0.0521 0.8064 0.9564
-0.2500 0.3459 0.0178 0.0109 -0.0564 0.7881 0.9717
0.0000 0.4017 0.0173 0.0103 -0.0616 0.7674 0.9842
0.2500 0.4538 0.0169 0.0098 -0.0662 0.7450 0.9963
0.5000 0.4820 0.0167 0.0094 -0.0667 0.7216 1.0000
0.7500 0.5003 0.0165 0.0091 -0.0652 0.6984 1.0000
1.0000 0.5194 0.0164 0.0088 -0.0638 0.6755 1.0000
1.2500 0.5392 0.0163 0.0086 -0.0624 0.6529 1.0000
1.5000 0.5580 0.0164 0.0085 -0.0609 0.6278 1.0000
1.7500 0.5779 0.0164 0.0083 -0.0594 0.6053 1.0000
2.0000 0.5968 0.0166 0.0083 -0.0579 0.5815 1.0000
2.2500 0.6160 0.0168 0.0084 -0.0564 0.5589 1.0000
2.5000 0.6356 0.0171 0.0085 -0.0549 0.5380 1.0000
2.7500 0.6553 0.0174 0.0086 -0.0534 0.5184 1.0000
3.0000 0.6753 0.0177 0.0088 -0.0520 0.5007 1.0000
3.2500 0.6961 0.0181 0.0090 -0.0508 0.4853 1.0000
3.5000 0.7166 0.0185 0.0093 -0.0495 0.4707 1.0000
3.7500 0.7369 0.0189 0.0097 -0.0482 0.4577 1.0000
4.0000 0.7598 0.0193 0.0100 -0.0473 0.4474 1.0000
4.2500 0.7795 0.0198 0.0104 -0.0459 0.4361 1.0000
4.5000 0.8031 0.0203 0.0107 -0.0451 0.4269 1.0000
4.7500 0.8224 0.0207 0.0113 -0.0437 0.4169 1.0000
5.0000 0.8457 0.0212 0.0117 -0.0429 0.4088 1.0000
