-5.0000 -0.4259 0.0245 0.0165 -0.0267 0.9040 0.3418
-4.7500 -0.3861 0.0239 0.0164 -0.0287 0.8983 0.4368
-4.5000 -0.3671 0.0239 0.0165 -0.0267 0.8847 0.4815
-4.2500 -0.3179 0.0236 0.0163 -0.0297 0.8795 0.5259
-4.0000 -0.2819 0.0235 0.0162 -0.0304 0.8703 0.5530
-3.7500 -0.2459 0.0234 0.0161 -0.0311 0.8611 0.5801
-3.5000 -0.2236 0.0234 0.0162 -0.0295 0.8481 0.6008
-3.2500 -0.1777 0.0231 0.0159 -0.0315 0.8431 0.6251
-3.0000 -0.1538 0.0230 0.0159 -0.0301 0.8306 0.6444
-2.7500 -0.1089 0.0226 0.0156 -0.0316 0.8252 0.6670
-2.5000 -0.0849 0.0226 0.0155 -0.0300 0.8121 0.6860
-2.2500 -0.0398 0.0220 0.0150 -0.0315 0.8062 0.7059
-2.0000 -0.0142 0.0218 0.0148 -0.0300 0.7927 0.7240
-1.7500 0.0146 0.0217 0.0147 -0.0288 0.7802 0.7435
-1.5000 0.0566 0.0213 0.0143 -0.0293 0.7720 0.7633
-1.2500 0.0838 0.0213 0.0143 -0.0279 0.7584 0.7804
-1.0000 0.1110 0.0213 0.0143 -0.0266 0.7447 0.7976
-0.7500 0.1507 0.0210 0.0139 -0.0273 0.7348 0.8131
-0.5000 0.1745 0.0210 0.0139 -0.0258 0.7192 0.8292
-0.2500 0.2114 0.0211 0.0139 -0.0263 0.7041 0.8406
0.0000 0.2490 0.0211 0.0138 -0.0270 0.6902 0.8535
0.2500 0.2867 0.0210 0.0136 -0.0278 0.6763 0.8676
0.5000 0.3188 0.0212 0.0137 -0.0280 0.6600 0.8822
0.7500 0.3671 0.0214 0.0138 -0.0310 0.6432 0.8914
1.0000 0.4106 0.0215 0.0138 -0.0333 0.6265 0.9030
1.2500 0.4536 0.0216 0.0138 -0.0358 0.6092 0.9155
1.5000 0.5034 0.0217 0.0137 -0.0396 0.5913 0.9257
1.7500 0.5517 0.0219 0.0136 -0.0433 0.5731 0.9360
2.0000 0.5942 0.0220 0.0137 -0.0462 0.5537 0.9480
2.2500 0.6363 0.0221 0.0137 -0.0492 0.5350 0.9601
2.5000 0.6849 0.0222 0.0136 -0.0534 0.5168 0.9708
2.7500 0.7346 0.0223 0.0135 -0.0580 0.4992 0.9810
3.0000 0.7815 0.0224 0.0135 -0.0623 0.4820 0.9916
3.2500 0.8271 0.0225 0.0136 -0.0665 0.4661 1.0000
3.5000 0.8423 0.0227 0.0137 -0.0650 0.4557 1.0000
3.7500 0.8588 0.0229 0.0138 -0.0636 0.4460 1.0000
4.0000 0.8735 0.0232 0.0140 -0.0619 0.4369 1.0000
4.2500 0.8899 0.0234 0.0142 -0.0604 0.4286 1.0000
4.5000 0.9070 0.0238 0.0145 -0.0590 0.4215 1.0000
4.7500 0.9198 0.0242 0.0150 -0.0568 0.4138 1.0000
5.0000 0.9384 0.0246 0.0152 -0.0555 0.4076 1.0000
