-5.0000 -0.5540 0.0254 0.0164 -0.0291 0.9956 0.2572
-4.7500 -0.5120 0.0254 0.0164 -0.0324 0.9902 0.2768
-4.5000 -0.4750 0.0253 0.0164 -0.0347 0.9841 0.2962
-4.2500 -0.4364 0.0252 0.0165 -0.0373 0.9772 0.3172
-4.0000 -0.3896 0.0254 0.0167 -0.0413 0.9717 0.3427
-3.7500 -0.3589 0.0253 0.0167 -0.0423 0.9624 0.3627
-3.5000 -0.3165 0.0254 0.0168 -0.0454 0.9560 0.3893
-3.2500 -0.2846 0.0254 0.0170 -0.0465 0.9477 0.4109
-3.0000 -0.2459 0.0255 0.0170 -0.0488 0.9401 0.4363
-2.7500 -0.2085 0.0255 0.0172 -0.0508 0.9331 0.4612
-2.5000 -0.1778 0.0255 0.0173 -0.0515 0.9241 0.4841
-2.2500 -0.1336 0.0256 0.0175 -0.0546 0.9188 0.5125
-2.0000 -0.1099 0.0256 0.0176 -0.0539 0.9076 0.5344
-1.7500 -0.0648 0.0255 0.0176 -0.0569 0.9013 0.5628
-1.5000 -0.0401 0.0255 0.0177 -0.0562 0.8898 0.5853
-1.2500 0.0023 0.0254 0.0176 -0.0586 0.8836 0.6149
-1.0000 0.0255 0.0254 0.0178 -0.0576 0.8728 0.6382
-0.7500 0.0643 0.0252 0.0177 -0.0592 0.8661 0.6679
-0.5000 0.0904 0.0251 0.0177 -0.0584 0.8556 0.6936
-0.2500 0.1276 0.0248 0.0175 -0.0593 0.8477 0.7237
0.0000 0.1568 0.0245 0.0174 -0.0587 0.8386 0.7550
0.2500 0.1860 0.0243 0.0173 -0.0580 0.8295 0.7863
0.5000 0.2275 0.0238 0.0169 -0.0590 0.8256 0.8239
0.7500 0.2411 0.0239 0.0171 -0.0557 0.8119 0.8615
1.0000 0.2929 0.0232 0.0164 -0.0580 0.8077 0.9045
1.2500 0.3599 0.0227 0.0159 -0.0644 0.7999 0.9389
1.5000 0.4268 0.0222 0.0155 -0.0708 0.7922 0.9733
1.7500 0.5170 0.0212 0.0145 -0.0816 0.7882 0.9899
2.0000 0.5575 0.0209 0.0141 -0.0847 0.7753 1.0000
2.2500 0.5922 0.0201 0.0132 -0.0857 0.7673 1.0000
2.5000 0.6021 0.0200 0.0131 -0.0826 0.7522 1.0000
2.7500 0.6277 0.0198 0.0128 -0.0818 0.7396 1.0000
3.0000 0.6679 0.0191 0.0121 -0.0832 0.7291 1.0000
3.2500 0.6891 0.0191 0.0120 -0.0816 0.7135 1.0000
3.5000 0.7141 0.0190 0.0118 -0.0805 0.6982 1.0000
3.7500 0.7416 0.0188 0.0116 -0.0799 0.6826 1.0000
4.0000 0.7697 0.0187 0.0114 -0.0793 0.6668 1.0000
4.2500 0.7966 0.0186 0.0113 -0.0786 0.6502 1.0000
4.5000 0.8222 0.0187 0.0112 -0.0777 0.6332 1.0000
4.7500 0.8469 0.0188 0.0113 -0.0766 0.6156 1.0000
5.0000 0.8707 0.0189 0.0113 -0.0755 0.5972 1.0000
