-5.0000 0.1330 0.0185 0.0100 -0.1258 0.7347 0.2138
-4.7500 0.1644 0.0182 0.0097 -0.1263 0.7272 0.2204
-4.5000 0.1860 0.0181 0.0095 -0.1249 0.7165 0.2263
-4.2500 0.2118 0.0179 0.0093 -0.1244 0.7072 0.2335
-4.0000 0.2419 0.0177 0.0091 -0.1246 0.6993 0.2417
-3.7500 0.2643 0.0176 0.0090 -0.1234 0.6888 0.2492
-3.5000 0.2893 0.0175 0.0089 -0.1227 0.6793 0.2574
-3.2500 0.3157 0.0174 0.0087 -0.1223 0.6700 0.2659
-3.0000 0.3424 0.0173 0.0086 -0.1219 0.6607 0.2750
-2.7500 0.3655 0.0172 0.0085 -0.1209 0.6504 0.2830
-2.5000 0.3896 0.0171 0.0083 -0.1201 0.6408 0.2917
-2.2500 0.4160 0.0170 0.0082 -0.1197 0.6322 0.3018
-2.0000 0.4416 0.0169 0.0081 -0.1192 0.6236 0.3132
-1.7500 0.4650 0.0169 0.0081 -0.1183 0.6147 0.3255
-1.5000 0.4905 0.0168 0.0080 -0.1178 0.6069 0.3394
-1.2500 0.5164 0.0167 0.0080 -0.1175 0.5995 0.3546
-1.0000 0.5388 0.0166 0.0080 -0.1165 0.5915 0.3713
-0.7500 0.5640 0.0166 0.0080 -0.1160 0.5845 0.3947
-0.5000 0.5881 0.0165 0.0080 -0.1153 0.5775 0.4309
-0.2500 0.6098 0.0164 0.0082 -0.1142 0.5707 0.4917
0.0000 0.6340 0.0163 0.0084 -0.1134 0.5649 0.5736
0.2500 0.6548 0.0163 0.0086 -0.1119 0.5587 0.6422
0.5000 0.6793 0.0163 0.0088 -0.1110 0.5532 0.6976
0.7500 0.7009 0.0164 0.0090 -0.1095 0.5473 0.7429
1.0000 0.7242 0.0165 0.0092 -0.1082 0.5418 0.7840
1.2500 0.7479 0.0166 0.0094 -0.1070 0.5369 0.8242
1.5000 0.7693 0.0168 0.0096 -0.1053 0.5317 0.8621
1.7500 0.8009 0.0171 0.0098 -0.1056 0.5276 0.8983
2.0000 0.8310 0.0174 0.0102 -0.1058 0.5227 0.9316
2.2500 0.8730 0.0177 0.0105 -0.1086 0.5177 0.9576
2.5000 0.9244 0.0181 0.0107 -0.1133 0.5132 0.9751
2.7500 0.9760 0.0185 0.0111 -0.1185 0.5077 0.9878
3.0000 1.0345 0.0189 0.0114 -0.1248 0.5033 0.9981
3.2500 1.0514 0.0191 0.0115 -0.1234 0.4994 1.0000
3.5000 1.0565 0.0192 0.0117 -0.1195 0.4953 1.0000
3.7500 1.0746 0.0194 0.0118 -0.1180 0.4917 1.0000
4.0000 1.1026 0.0197 0.0120 -0.1183 0.4886 1.0000
4.2500 1.1080 0.0200 0.0123 -0.1143 0.4848 1.0000
4.5000 1.1246 0.0203 0.0126 -0.1125 0.4810 1.0000
4.7500 1.1516 0.0205 0.0127 -0.1126 0.4775 1.0000
5.0000 1.1745 0.0209 0.0130 -0.1119 0.4740 1.0000
