-5.0000 -0.4496 0.0304 0.0222 -0.0160 0.8192 0.4990
-4.7500 -0.4177 0.0303 0.0223 -0.0162 0.8097 0.5083
-4.5000 -0.3724 0.0297 0.0216 -0.0186 0.8058 0.5207
-4.2500 -0.3414 0.0295 0.0214 -0.0185 0.7971 0.5312
-4.0000 -0.3104 0.0292 0.0212 -0.0185 0.7883 0.5417
-3.7500 -0.2811 0.0290 0.0209 -0.0182 0.7793 0.5518
-3.5000 -0.2518 0.0287 0.0207 -0.0179 0.7704 0.5619
-3.2500 -0.2090 0.0280 0.0199 -0.0198 0.7660 0.5749
-3.0000 -0.1956 0.0283 0.0203 -0.0170 0.7527 0.5840
-2.7500 -0.1525 0.0277 0.0198 -0.0187 0.7467 0.5960
-2.5000 -0.1339 0.0275 0.0195 -0.0168 0.7363 0.6074
-2.2500 -0.0969 0.0272 0.0193 -0.0176 0.7272 0.6166
-2.0000 -0.0507 0.0265 0.0185 -0.0199 0.7217 0.6277
-1.7500 -0.0429 0.0267 0.0187 -0.0164 0.7076 0.6373
-1.5000 0.0030 0.0261 0.0181 -0.0185 0.7006 0.6475
-1.2500 0.0161 0.0262 0.0182 -0.0158 0.6883 0.6586
-1.0000 0.0519 0.0258 0.0177 -0.0164 0.6796 0.6706
-0.7500 0.0809 0.0258 0.0178 -0.0160 0.6688 0.6805
-0.5000 0.1082 0.0256 0.0175 -0.0153 0.6581 0.6926
-0.2500 0.1370 0.0254 0.0173 -0.0149 0.6485 0.7058
0.0000 0.1647 0.0255 0.0175 -0.0142 0.6363 0.7154
0.2500 0.2048 0.0253 0.0172 -0.0155 0.6278 0.7274
0.5000 0.2148 0.0255 0.0174 -0.0122 0.6153 0.7402
0.7500 0.2596 0.0254 0.0173 -0.0142 0.6066 0.7511
1.0000 0.2737 0.0258 0.0177 -0.0115 0.5946 0.7623
1.2500 0.3030 0.0257 0.0175 -0.0112 0.5854 0.7764
1.5000 0.3339 0.0262 0.0180 -0.0111 0.5745 0.7856
1.7500 0.3612 0.0262 0.0181 -0.0104 0.5643 0.7986
2.0000 0.3926 0.0265 0.0183 -0.0105 0.5544 0.8106
2.2500 0.4227 0.0268 0.0186 -0.0103 0.5429 0.8204
2.5000 0.4513 0.0269 0.0186 -0.0100 0.5335 0.8337
2.7500 0.4872 0.0274 0.0191 -0.0109 0.5218 0.8422
3.0000 0.5201 0.0277 0.0193 -0.0115 0.5118 0.8531
3.2500 0.5466 0.0279 0.0195 -0.0110 0.5014 0.8656
3.5000 0.5916 0.0285 0.0200 -0.0138 0.4895 0.8720
3.7500 0.6320 0.0287 0.0201 -0.0158 0.4795 0.8828
4.0000 0.6680 0.0293 0.0207 -0.0174 0.4679 0.8921
4.2500 0.7261 0.0296 0.0207 -0.0227 0.4584 0.8991
4.5000 0.7460 0.0301 0.0214 -0.0218 0.4482 0.9118
4.7500 0.8060 0.0305 0.0216 -0.0278 0.4389 0.9173
5.0000 0.8353 0.0311 0.0223 -0.0286 0.4296 0.9290
