-5.0000 -0.2250 0.0315 0.0225 -0.0886 0.9025 0.1524
-4.7500 -0.1819 0.0307 0.0216 -0.0915 0.8971 0.1645
-4.5000 -0.1550 0.0303 0.0211 -0.0915 0.8872 0.1754
-4.2500 -0.1151 0.0296 0.0205 -0.0937 0.8811 0.1888
-4.0000 -0.0682 0.0289 0.0199 -0.0971 0.8777 0.2040
-3.7500 -0.0499 0.0287 0.0196 -0.0956 0.8653 0.2150
-3.5000 -0.0047 0.0280 0.0190 -0.0985 0.8612 0.2319
-3.2500 0.0286 0.0275 0.0185 -0.0993 0.8529 0.2492
-3.0000 0.0619 0.0271 0.0180 -0.1002 0.8446 0.2666
-2.7500 0.1116 0.0261 0.0172 -0.1036 0.8417 0.2898
-2.5000 0.1304 0.0260 0.0171 -0.1020 0.8289 0.3073
-2.2500 0.1751 0.0251 0.0163 -0.1045 0.8251 0.3349
-2.0000 0.2200 0.0242 0.0155 -0.1070 0.8223 0.3671
-1.7500 0.2363 0.0242 0.0156 -0.1050 0.8091 0.3926
-1.5000 0.2776 0.0233 0.0149 -0.1067 0.8054 0.4339
-1.2500 0.3056 0.0228 0.0147 -0.1063 0.7972 0.4936
-1.0000 0.3337 0.0223 0.0146 -0.1059 0.7889 0.5533
-0.7500 0.3696 0.0211 0.0140 -0.1056 0.7855 0.6965
-0.5000 0.3828 0.0210 0.0144 -0.1011 0.7730 0.8610
-0.2500 0.4828 0.0202 0.0134 -0.1136 0.7700 1.0000
0.0000 0.4989 0.0204 0.0135 -0.1117 0.7590 1.0000
0.2500 0.5319 0.0202 0.0131 -0.1124 0.7520 1.0000
0.5000 0.5533 0.0204 0.0132 -0.1112 0.7423 1.0000
0.7500 0.5847 0.0203 0.0129 -0.1115 0.7343 1.0000
1.0000 0.6105 0.0204 0.0129 -0.1110 0.7255 1.0000
1.2500 0.6379 0.0204 0.0128 -0.1107 0.7168 1.0000
1.5000 0.6701 0.0204 0.0127 -0.1112 0.7101 1.0000
1.7500 0.6892 0.0209 0.0131 -0.1097 0.7001 1.0000
2.0000 0.7266 0.0207 0.0128 -0.1110 0.6947 1.0000
2.2500 0.7405 0.0214 0.0134 -0.1088 0.6838 1.0000
2.5000 0.7758 0.0212 0.0132 -0.1097 0.6773 1.0000
2.7500 0.7931 0.0218 0.0137 -0.1080 0.6672 1.0000
3.0000 0.8255 0.0218 0.0136 -0.1084 0.6600 1.0000
3.2500 0.8474 0.0222 0.0140 -0.1074 0.6514 1.0000
3.5000 0.8754 0.0223 0.0141 -0.1072 0.6432 1.0000
3.7500 0.9048 0.0225 0.0143 -0.1073 0.6360 1.0000
4.0000 0.9237 0.0231 0.0148 -0.1058 0.6266 1.0000
4.2500 0.9605 0.0230 0.0146 -0.1070 0.6207 1.0000
4.5000 0.9719 0.0239 0.0156 -0.1046 0.6110 1.0000
4.7500 1.0041 0.0240 0.0157 -0.1051 0.6044 1.0000
5.0000 1.0243 0.0246 0.0163 -0.1039 0.5962 1.0000
