-5.0000 -0.2037 0.0324 0.0233 -0.0897 0.8563 0.2215
-4.7500 -0.1942 0.0323 0.0233 -0.0869 0.8431 0.2275
-4.5000 -0.1512 0.0316 0.0224 -0.0894 0.8390 0.2401
-4.2500 -0.1078 0.0309 0.0217 -0.0918 0.8352 0.2531
-4.0000 -0.0777 0.0304 0.0213 -0.0921 0.8271 0.2649
-3.7500 -0.0476 0.0300 0.0209 -0.0924 0.8189 0.2766
-3.5000 0.0027 0.0290 0.0199 -0.0958 0.8167 0.2940
-3.2500 0.0295 0.0287 0.0195 -0.0955 0.8079 0.3086
-3.0000 0.0562 0.0283 0.0192 -0.0951 0.7991 0.3232
-2.7500 0.1032 0.0274 0.0184 -0.0978 0.7968 0.3432
-2.5000 0.1294 0.0271 0.0181 -0.0973 0.7882 0.3618
-2.2500 0.1556 0.0268 0.0179 -0.0969 0.7796 0.3804
-2.0000 0.2016 0.0258 0.0170 -0.0993 0.7769 0.4073
-1.7500 0.2274 0.0255 0.0169 -0.0987 0.7682 0.4323
-1.5000 0.2532 0.0252 0.0167 -0.0981 0.7595 0.4573
-1.2500 0.2978 0.0242 0.0159 -0.1001 0.7566 0.4946
-1.0000 0.3050 0.0247 0.0165 -0.0968 0.7433 0.5234
-0.7500 0.3434 0.0239 0.0160 -0.0977 0.7393 0.5769
-0.5000 0.3837 0.0231 0.0155 -0.0987 0.7363 0.6505
-0.2500 0.3841 0.0238 0.0164 -0.0938 0.7230 0.7106
0.0000 0.4174 0.0231 0.0161 -0.0925 0.7189 0.8050
0.2500 0.4631 0.0232 0.0162 -0.0946 0.7111 0.8787
0.5000 0.5087 0.0233 0.0163 -0.0968 0.7033 0.9524
0.7500 0.6079 0.0228 0.0156 -0.1094 0.6987 0.9846
1.0000 0.6705 0.0227 0.0154 -0.1164 0.6920 1.0000
1.2500 0.6638 0.0232 0.0159 -0.1112 0.6823 1.0000
1.5000 0.6948 0.0230 0.0154 -0.1117 0.6767 1.0000
1.7500 0.6980 0.0236 0.0160 -0.1078 0.6678 1.0000
2.0000 0.7148 0.0238 0.0161 -0.1059 0.6596 1.0000
2.2500 0.7539 0.0235 0.0156 -0.1075 0.6545 1.0000
2.5000 0.7548 0.0244 0.0166 -0.1032 0.6457 1.0000
2.7500 0.7746 0.0248 0.0169 -0.1019 0.6385 1.0000
3.0000 0.8140 0.0246 0.0165 -0.1035 0.6336 1.0000
3.2500 0.8215 0.0254 0.0174 -0.1004 0.6253 1.0000
3.5000 0.8405 0.0259 0.0178 -0.0989 0.6176 1.0000
3.7500 0.8810 0.0256 0.0174 -0.1007 0.6126 1.0000
4.0000 0.8904 0.0265 0.0183 -0.0979 0.6046 1.0000
4.2500 0.9079 0.0270 0.0188 -0.0962 0.5965 1.0000
4.5000 0.9501 0.0267 0.0184 -0.0982 0.5912 1.0000
4.7500 0.9581 0.0277 0.0194 -0.0952 0.5832 1.0000
5.0000 0.9767 0.0282 0.0199 -0.0938 0.5754 1.0000
