-5.0000 -0.5537 0.0244 0.0149 -0.0055 1.0000 0.1611
-4.7500 -0.5344 0.0239 0.0145 -0.0046 1.0000 0.1720
-4.5000 -0.4923 0.0234 0.0140 -0.0080 0.9936 0.1897
-4.2500 -0.4470 0.0228 0.0135 -0.0118 0.9866 0.2113
-4.0000 -0.4055 0.0220 0.0130 -0.0149 0.9778 0.2366
-3.7500 -0.3591 0.0213 0.0126 -0.0190 0.9707 0.2750
-3.5000 -0.3219 0.0204 0.0123 -0.0213 0.9599 0.3363
-3.2500 -0.2843 0.0195 0.0122 -0.0233 0.9501 0.4841
-3.0000 -0.2452 0.0191 0.0123 -0.0248 0.9397 0.6025
-2.7500 -0.2073 0.0190 0.0124 -0.0256 0.9285 0.6610
-2.5000 -0.1694 0.0189 0.0125 -0.0264 0.9173 0.7194
-2.2500 -0.1312 0.0189 0.0125 -0.0270 0.9056 0.7622
-2.0000 -0.0948 0.0189 0.0125 -0.0271 0.8938 0.7986
-1.7500 -0.0475 0.0188 0.0125 -0.0289 0.8868 0.8316
-1.5000 -0.0116 0.0188 0.0125 -0.0287 0.8742 0.8591
-1.2500 0.0324 0.0188 0.0124 -0.0300 0.8634 0.8840
-1.0000 0.0898 0.0188 0.0123 -0.0336 0.8546 0.9051
-0.7500 0.1507 0.0188 0.0122 -0.0381 0.8418 0.9237
-0.5000 0.2147 0.0187 0.0120 -0.0439 0.8289 0.9395
-0.2500 0.2724 0.0184 0.0116 -0.0488 0.8135 0.9547
0.0000 0.3306 0.0180 0.0111 -0.0541 0.7953 0.9670
0.2500 0.3832 0.0176 0.0106 -0.0586 0.7751 0.9798
0.5000 0.4348 0.0172 0.0100 -0.0630 0.7530 0.9927
0.7500 0.4734 0.0169 0.0096 -0.0654 0.7278 1.0000
1.0000 0.4919 0.0168 0.0093 -0.0640 0.7057 1.0000
1.2500 0.5112 0.0167 0.0091 -0.0628 0.6845 1.0000
1.5000 0.5312 0.0167 0.0089 -0.0616 0.6642 1.0000
1.7500 0.5516 0.0167 0.0088 -0.0604 0.6444 1.0000
2.0000 0.5720 0.0168 0.0088 -0.0592 0.6248 1.0000
2.2500 0.5922 0.0169 0.0088 -0.0579 0.6063 1.0000
2.5000 0.6126 0.0171 0.0088 -0.0567 0.5890 1.0000
2.7500 0.6328 0.0173 0.0090 -0.0554 0.5725 1.0000
3.0000 0.6529 0.0176 0.0092 -0.0541 0.5569 1.0000
3.2500 0.6734 0.0179 0.0094 -0.0528 0.5424 1.0000
3.5000 0.6953 0.0182 0.0095 -0.0517 0.5298 1.0000
3.7500 0.7152 0.0185 0.0098 -0.0504 0.5164 1.0000
4.0000 0.7359 0.0189 0.0101 -0.0491 0.5048 1.0000
4.2500 0.7579 0.0192 0.0104 -0.0481 0.4939 1.0000
4.5000 0.7777 0.0197 0.0109 -0.0467 0.4831 1.0000
4.7500 0.8010 0.0201 0.0112 -0.0458 0.4737 1.0000
5.0000 0.8199 0.0205 0.0117 -0.0443 0.4629 1.0000
