-5.0000 -0.5353 0.0245 0.0153 -0.0107 0.9798 0.2112
-4.7500 -0.4888 0.0239 0.0148 -0.0147 0.9721 0.2335
-4.5000 -0.4505 0.0233 0.0143 -0.0172 0.9623 0.2574
-4.2500 -0.4057 0.0226 0.0139 -0.0208 0.9541 0.2917
-4.0000 -0.3711 0.0219 0.0136 -0.0224 0.9428 0.3368
-3.7500 -0.3271 0.0211 0.0135 -0.0256 0.9352 0.4282
-3.5000 -0.2987 0.0207 0.0134 -0.0254 0.9225 0.5156
-3.2500 -0.2636 0.0205 0.0135 -0.0261 0.9123 0.5795
-3.0000 -0.2226 0.0203 0.0135 -0.0277 0.9029 0.6315
-2.7500 -0.1906 0.0202 0.0135 -0.0275 0.8906 0.6700
-2.5000 -0.1420 0.0200 0.0133 -0.0299 0.8839 0.7078
-2.2500 -0.1128 0.0199 0.0133 -0.0291 0.8706 0.7364
-2.0000 -0.0670 0.0196 0.0130 -0.0308 0.8645 0.7643
-1.7500 -0.0402 0.0196 0.0130 -0.0293 0.8508 0.7880
-1.5000 -0.0065 0.0195 0.0129 -0.0289 0.8400 0.8131
-1.2500 0.0342 0.0194 0.0128 -0.0293 0.8303 0.8348
-1.0000 0.0693 0.0195 0.0129 -0.0289 0.8171 0.8562
-0.7500 0.1100 0.0195 0.0128 -0.0295 0.8053 0.8775
-0.5000 0.1625 0.0194 0.0126 -0.0322 0.7936 0.8934
-0.2500 0.2124 0.0195 0.0126 -0.0349 0.7778 0.9087
0.0000 0.2634 0.0194 0.0124 -0.0383 0.7610 0.9231
0.2500 0.3211 0.0193 0.0121 -0.0432 0.7425 0.9334
0.5000 0.3675 0.0191 0.0119 -0.0465 0.7215 0.9454
0.7500 0.4114 0.0190 0.0116 -0.0494 0.7005 0.9581
1.0000 0.4567 0.0189 0.0113 -0.0527 0.6799 0.9713
1.2500 0.5103 0.0187 0.0110 -0.0578 0.6573 0.9820
1.5000 0.5598 0.0186 0.0107 -0.0624 0.6352 0.9934
1.7500 0.5984 0.0185 0.0105 -0.0650 0.6158 1.0000
2.0000 0.6169 0.0185 0.0104 -0.0640 0.5993 1.0000
2.2500 0.6357 0.0186 0.0104 -0.0629 0.5836 1.0000
2.5000 0.6553 0.0187 0.0104 -0.0618 0.5694 1.0000
2.7500 0.6753 0.0188 0.0104 -0.0607 0.5557 1.0000
3.0000 0.6934 0.0190 0.0106 -0.0594 0.5417 1.0000
3.2500 0.7130 0.0193 0.0107 -0.0582 0.5298 1.0000
3.5000 0.7323 0.0195 0.0108 -0.0569 0.5177 1.0000
3.7500 0.7508 0.0198 0.0111 -0.0555 0.5068 1.0000
4.0000 0.7712 0.0201 0.0113 -0.0542 0.4967 1.0000
4.2500 0.7891 0.0205 0.0117 -0.0527 0.4865 1.0000
4.5000 0.8098 0.0208 0.0119 -0.0515 0.4770 1.0000
4.7500 0.8276 0.0212 0.0123 -0.0498 0.4675 1.0000
5.0000 0.8481 0.0215 0.0127 -0.0486 0.4589 1.0000
