-5.0000 0.1309 0.0148 0.0071 -0.1214 0.7468 0.1152
-4.7500 0.1572 0.0146 0.0069 -0.1209 0.7363 0.1191
-4.5000 0.1836 0.0145 0.0066 -0.1203 0.7255 0.1234
-4.2500 0.2092 0.0143 0.0065 -0.1197 0.7145 0.1281
-4.0000 0.2356 0.0142 0.0063 -0.1192 0.7033 0.1336
-3.7500 0.2609 0.0140 0.0061 -0.1186 0.6918 0.1388
-3.5000 0.2867 0.0139 0.0059 -0.1179 0.6801 0.1444
-3.2500 0.3119 0.0138 0.0058 -0.1172 0.6681 0.1500
-3.0000 0.3371 0.0137 0.0056 -0.1165 0.6558 0.1565
-2.7500 0.3625 0.0137 0.0055 -0.1159 0.6440 0.1637
-2.5000 0.3869 0.0136 0.0054 -0.1150 0.6304 0.1708
-2.2500 0.4114 0.0135 0.0053 -0.1142 0.6169 0.1783
-2.0000 0.4355 0.0135 0.0053 -0.1133 0.6034 0.1861
-1.7500 0.4595 0.0135 0.0052 -0.1125 0.5899 0.1946
-1.5000 0.4832 0.0135 0.0052 -0.1115 0.5757 0.2044
-1.2500 0.5070 0.0135 0.0052 -0.1107 0.5628 0.2156
-1.0000 0.5307 0.0135 0.0052 -0.1098 0.5500 0.2284
-0.7500 0.5542 0.0135 0.0052 -0.1089 0.5379 0.2428
-0.5000 0.5778 0.0135 0.0052 -0.1081 0.5267 0.2596
-0.2500 0.6011 0.0135 0.0052 -0.1072 0.5159 0.2835
0.0000 0.6225 0.0131 0.0052 -0.1063 0.5057 0.4044
0.2500 0.6412 0.0126 0.0054 -0.1047 0.4964 0.6307
0.5000 0.6609 0.0125 0.0056 -0.1027 0.4880 0.7402
0.7500 0.6796 0.0124 0.0059 -0.1003 0.4808 0.8361
1.0000 0.7067 0.0126 0.0061 -0.0994 0.4737 0.9195
1.2500 0.7492 0.0129 0.0063 -0.1023 0.4657 0.9691
1.5000 0.8004 0.0132 0.0065 -0.1072 0.4580 0.9918
1.7500 0.8361 0.0135 0.0067 -0.1090 0.4520 1.0000
2.0000 0.8537 0.0137 0.0068 -0.1071 0.4468 1.0000
2.2500 0.8737 0.0139 0.0069 -0.1057 0.4424 1.0000
2.5000 0.8948 0.0141 0.0070 -0.1045 0.4380 1.0000
2.7500 0.9162 0.0143 0.0072 -0.1033 0.4335 1.0000
3.0000 0.9409 0.0145 0.0073 -0.1028 0.4299 1.0000
3.2500 0.9631 0.0147 0.0075 -0.1018 0.4259 1.0000
3.5000 0.9864 0.0149 0.0077 -0.1011 0.4221 1.0000
3.7500 1.0128 0.0152 0.0079 -0.1009 0.4188 1.0000
4.0000 1.0353 0.0155 0.0081 -0.1000 0.4151 1.0000
4.2500 1.0588 0.0157 0.0083 -0.0994 0.4115 1.0000
4.5000 1.0847 0.0160 0.0085 -0.0992 0.4083 1.0000
4.7500 1.1094 0.0163 0.0088 -0.0988 0.4052 1.0000
5.0000 1.1324 0.0165 0.0090 -0.0981 0.4020 1.0000
