-5.0000 0.1343 0.0150 0.0071 -0.1166 0.7059 0.1565
-4.7500 0.1597 0.0149 0.0069 -0.1159 0.6958 0.1617
-4.5000 0.1847 0.0147 0.0067 -0.1151 0.6856 0.1666
-4.2500 0.2098 0.0147 0.0066 -0.1144 0.6749 0.1720
-4.0000 0.2334 0.0146 0.0065 -0.1133 0.6629 0.1776
-3.7500 0.2571 0.0144 0.0063 -0.1124 0.6517 0.1833
-3.5000 0.2816 0.0144 0.0062 -0.1115 0.6411 0.1897
-3.2500 0.3054 0.0143 0.0062 -0.1106 0.6304 0.1963
-3.0000 0.3293 0.0143 0.0061 -0.1097 0.6191 0.2036
-2.7500 0.3529 0.0142 0.0060 -0.1087 0.6081 0.2115
-2.5000 0.3760 0.0142 0.0060 -0.1076 0.5968 0.2209
-2.2500 0.3990 0.0142 0.0059 -0.1066 0.5854 0.2303
-2.0000 0.4218 0.0142 0.0059 -0.1055 0.5742 0.2409
-1.7500 0.4443 0.0142 0.0059 -0.1044 0.5628 0.2518
-1.5000 0.4666 0.0141 0.0058 -0.1033 0.5519 0.2642
-1.2500 0.4886 0.0141 0.0058 -0.1021 0.5416 0.2787
-1.0000 0.5099 0.0140 0.0057 -0.1009 0.5314 0.2985
-0.7500 0.5305 0.0138 0.0057 -0.0996 0.5218 0.3475
-0.5000 0.5489 0.0134 0.0059 -0.0981 0.5126 0.5019
-0.2500 0.5696 0.0133 0.0060 -0.0966 0.5041 0.5843
0.0000 0.5912 0.0134 0.0062 -0.0953 0.4960 0.6373
0.2500 0.6129 0.0134 0.0063 -0.0939 0.4879 0.6801
0.5000 0.6349 0.0135 0.0065 -0.0927 0.4810 0.7192
0.7500 0.6549 0.0136 0.0067 -0.0909 0.4736 0.7591
1.0000 0.6753 0.0137 0.0068 -0.0892 0.4674 0.7993
1.2500 0.6949 0.0138 0.0070 -0.0873 0.4613 0.8384
1.5000 0.7157 0.0140 0.0073 -0.0855 0.4559 0.8802
1.7500 0.7387 0.0142 0.0075 -0.0841 0.4499 0.9212
2.0000 0.7753 0.0146 0.0078 -0.0857 0.4448 0.9546
2.2500 0.8165 0.0149 0.0081 -0.0885 0.4394 0.9773
2.5000 0.8670 0.0153 0.0084 -0.0934 0.4347 0.9885
2.7500 0.9161 0.0157 0.0087 -0.0980 0.4302 0.9978
3.0000 0.9319 0.0158 0.0088 -0.0960 0.4265 1.0000
3.2500 0.9442 0.0160 0.0089 -0.0932 0.4233 1.0000
3.5000 0.9675 0.0162 0.0090 -0.0926 0.4202 1.0000
3.7500 0.9817 0.0164 0.0091 -0.0902 0.4170 1.0000
4.0000 0.9994 0.0166 0.0093 -0.0885 0.4136 1.0000
4.2500 1.0207 0.0168 0.0096 -0.0875 0.4104 1.0000
4.5000 1.0477 0.0171 0.0097 -0.0876 0.4075 1.0000
4.7500 1.0728 0.0174 0.0100 -0.0873 0.4048 1.0000
5.0000 1.0922 0.0177 0.0103 -0.0860 0.4019 1.0000
