-5.0000 -0.4710 0.0292 0.0207 -0.0229 0.8386 0.4346
-4.7500 -0.4534 0.0289 0.0204 -0.0210 0.8265 0.4469
-4.5000 -0.4104 0.0283 0.0198 -0.0231 0.8220 0.4636
-4.2500 -0.3763 0.0279 0.0196 -0.0236 0.8136 0.4774
-4.0000 -0.3423 0.0275 0.0193 -0.0242 0.8052 0.4912
-3.7500 -0.3115 0.0271 0.0189 -0.0241 0.7963 0.5066
-3.5000 -0.2806 0.0267 0.0185 -0.0239 0.7874 0.5220
-3.2500 -0.2518 0.0265 0.0183 -0.0235 0.7783 0.5373
-3.0000 -0.2229 0.0262 0.0181 -0.0231 0.7692 0.5525
-2.7500 -0.1919 0.0261 0.0180 -0.0229 0.7601 0.5664
-2.5000 -0.1609 0.0259 0.0179 -0.0228 0.7510 0.5802
-2.2500 -0.1158 0.0254 0.0174 -0.0249 0.7458 0.5954
-2.0000 -0.1047 0.0255 0.0175 -0.0218 0.7320 0.6085
-1.7500 -0.0632 0.0250 0.0169 -0.0232 0.7260 0.6247
-1.5000 -0.0414 0.0252 0.0172 -0.0215 0.7124 0.6357
-1.2500 -0.0054 0.0249 0.0169 -0.0221 0.7040 0.6497
-1.0000 0.0161 0.0249 0.0169 -0.0206 0.6923 0.6630
-0.7500 0.0433 0.0248 0.0168 -0.0199 0.6829 0.6770
-0.5000 0.0722 0.0249 0.0169 -0.0194 0.6727 0.6898
-0.2500 0.1031 0.0250 0.0170 -0.0192 0.6631 0.7019
0.0000 0.1316 0.0250 0.0171 -0.0187 0.6529 0.7144
0.2500 0.1552 0.0251 0.0171 -0.0175 0.6429 0.7273
0.5000 0.1825 0.0251 0.0170 -0.0169 0.6336 0.7409
0.7500 0.2127 0.0255 0.0175 -0.0166 0.6235 0.7509
1.0000 0.2482 0.0256 0.0175 -0.0172 0.6155 0.7631
1.2500 0.2667 0.0259 0.0178 -0.0152 0.6052 0.7765
1.5000 0.3039 0.0259 0.0177 -0.0160 0.5974 0.7895
1.7500 0.3316 0.0264 0.0183 -0.0153 0.5860 0.7988
2.0000 0.3598 0.0267 0.0186 -0.0149 0.5771 0.8108
2.2500 0.3870 0.0269 0.0188 -0.0143 0.5687 0.8238
2.5000 0.4235 0.0275 0.0194 -0.0154 0.5599 0.8322
2.7500 0.4595 0.0278 0.0197 -0.0164 0.5515 0.8426
3.0000 0.4841 0.0283 0.0201 -0.0156 0.5431 0.8548
3.2500 0.5316 0.0287 0.0204 -0.0188 0.5341 0.8614
3.5000 0.5612 0.0291 0.0208 -0.0191 0.5260 0.8718
3.7500 0.5880 0.0294 0.0211 -0.0190 0.5177 0.8840
4.0000 0.6465 0.0299 0.0215 -0.0244 0.5086 0.8885
4.2500 0.6743 0.0302 0.0219 -0.0247 0.4999 0.9006
4.5000 0.7355 0.0305 0.0221 -0.0307 0.4917 0.9058
4.7500 0.7605 0.0311 0.0227 -0.0307 0.4830 0.9181
5.0000 0.8211 0.0311 0.0226 -0.0366 0.4760 0.9247
