-5.0000 -0.3681 0.0167 0.0086 -0.0403 0.9748 0.0608
-4.7500 -0.3242 0.0164 0.0083 -0.0437 0.9691 0.0705
-4.5000 -0.2854 0.0159 0.0079 -0.0460 0.9612 0.0802
-4.2500 -0.2417 0.0155 0.0075 -0.0493 0.9568 0.0932
-4.0000 -0.2051 0.0151 0.0072 -0.0511 0.9500 0.1082
-3.7500 -0.1643 0.0147 0.0069 -0.0537 0.9450 0.1298
-3.5000 -0.1236 0.0143 0.0066 -0.0564 0.9400 0.1514
-3.2500 -0.0912 0.0139 0.0063 -0.0573 0.9315 0.1800
-3.0000 -0.0542 0.0134 0.0061 -0.0591 0.9250 0.2284
-2.7500 -0.0238 0.0127 0.0057 -0.0596 0.9156 0.2838
-2.5000 0.0061 0.0118 0.0054 -0.0600 0.9078 0.4034
-2.2500 0.0277 0.0110 0.0053 -0.0584 0.8960 0.5715
-2.0000 0.0525 0.0105 0.0052 -0.0570 0.8857 0.6798
-1.7500 0.0787 0.0102 0.0050 -0.0555 0.8758 0.7570
-1.5000 0.1029 0.0100 0.0050 -0.0537 0.8626 0.8147
-1.2500 0.1289 0.0099 0.0050 -0.0521 0.8493 0.8640
-1.0000 0.1590 0.0099 0.0049 -0.0514 0.8354 0.9013
-0.7500 0.1953 0.0099 0.0049 -0.0522 0.8202 0.9290
-0.5000 0.2345 0.0100 0.0048 -0.0537 0.8036 0.9514
-0.2500 0.2803 0.0100 0.0047 -0.0568 0.7864 0.9691
0.0000 0.3348 0.0100 0.0046 -0.0618 0.7674 0.9839
0.2500 0.3862 0.0101 0.0045 -0.0665 0.7444 0.9965
0.5000 0.4174 0.0101 0.0043 -0.0673 0.7205 1.0000
0.7500 0.4401 0.0101 0.0042 -0.0664 0.6981 1.0000
1.0000 0.4627 0.0102 0.0041 -0.0654 0.6758 1.0000
1.2500 0.4854 0.0103 0.0041 -0.0644 0.6540 1.0000
1.5000 0.5081 0.0104 0.0041 -0.0634 0.6330 1.0000
1.7500 0.5308 0.0106 0.0041 -0.0624 0.6125 1.0000
2.0000 0.5535 0.0107 0.0041 -0.0614 0.5928 1.0000
2.2500 0.5763 0.0109 0.0042 -0.0604 0.5747 1.0000
2.5000 0.5994 0.0112 0.0043 -0.0595 0.5586 1.0000
2.7500 0.6227 0.0114 0.0045 -0.0586 0.5442 1.0000
3.0000 0.6462 0.0116 0.0046 -0.0577 0.5308 1.0000
3.2500 0.6696 0.0119 0.0047 -0.0568 0.5173 1.0000
3.5000 0.6932 0.0121 0.0049 -0.0560 0.5045 1.0000
3.7500 0.7169 0.0123 0.0051 -0.0552 0.4931 1.0000
4.0000 0.7406 0.0126 0.0053 -0.0543 0.4812 1.0000
4.2500 0.7644 0.0128 0.0055 -0.0535 0.4700 1.0000
4.5000 0.7886 0.0131 0.0057 -0.0528 0.4600 1.0000
4.7500 0.8126 0.0133 0.0059 -0.0520 0.4492 1.0000
5.0000 0.8369 0.0136 0.0062 -0.0514 0.4394 1.0000
